date,symbol,yahoo_symbol,market,open,high,low,close,volume
2000-01-04,1471,1471.TW,上市,5.129969,5.212272,5.10254,5.129969,38275
2000-01-05,1471,1471.TW,上市,5.047674,5.047674,4.937942,5.047674,87486
2000-01-06,1471,1471.TW,上市,5.129969,5.129969,5.10254,5.10254,169503
2000-01-07,1471,1471.TW,上市,5.157406,5.212272,5.157406,5.184835,96818
2000-01-10,1471,1471.TW,上市,5.184835,5.184835,5.075103,5.184835,209601
2000-01-11,1471,1471.TW,上市,5.184835,5.212272,5.10254,5.212272,277038
2000-01-12,1471,1471.TW,上市,5.212272,5.404299,5.212272,5.404299,287973
2000-01-13,1471,1471.TW,上市,5.404299,5.404299,5.212272,5.376869,51033
2000-01-14,1471,1471.TW,上市,5.349433,5.431735,5.267137,5.376869,240641
2000-01-17,1471,1471.TW,上市,5.486601,5.76093,5.486601,5.706064,231473
2000-01-18,1471,1471.TW,上市,5.651199,5.733494,5.51403,5.678628,162231
2000-01-19,1471,1471.TW,上市,5.651199,5.925528,5.651199,5.898091,215069
2000-01-20,1471,1471.TW,上市,5.898091,5.898091,5.596333,5.706064,140341
2000-01-21,1471,1471.TW,上市,5.651199,5.651199,5.51403,5.623762,320964
2000-01-24,1471,1471.TW,上市,5.651199,5.733494,5.596333,5.706064,180578
2000-01-25,1471,1471.TW,上市,5.870662,5.870662,5.596333,5.76093,129405
2000-01-26,1471,1471.TW,上市,5.815796,6.144991,5.815796,6.144991,428316
2000-01-27,1471,1471.TW,上市,6.529052,6.556489,6.529052,6.556489,455646
2000-01-28,1471,1471.TW,上市,6.995416,6.995416,6.995416,6.995416,1078287
2000-01-31,1471,1471.TW,上市,7.352041,7.900699,7.352041,7.900699,996974
2000-02-01,1471,1471.TW,上市,8.175029,8.449358,8.175029,8.449358,1901110
2000-02-02,1471,1471.TW,上市,8.449358,8.449358,8.449358,8.449358,0
2000-02-03,1471,1471.TW,上市,8.449358,8.449358,8.449358,8.449358,0
2000-02-04,1471,1471.TW,上市,8.449358,8.449358,8.449358,8.449358,0
2000-02-07,1471,1471.TW,上市,8.449358,8.449358,8.449358,8.449358,0
2000-02-08,1471,1471.TW,上市,8.449358,8.449358,8.449358,8.449358,0
2000-02-09,1471,1471.TW,上市,8.668829,8.998024,7.87327,8.229894,1875479
2000-02-10,1471,1471.TW,上市,8.229894,8.229894,7.681236,7.845833,553901
2000-02-11,1471,1471.TW,上市,8.202465,8.394492,7.955565,8.229894,718316
2000-02-14,1471,1471.TW,上市,8.229894,8.449358,8.010431,8.28476,1040860
2000-02-15,1471,1471.TW,上市,8.449358,8.504224,7.845833,7.955565,1139867
2000-02-16,1471,1471.TW,上市,7.955565,8.202465,7.955565,8.120163,362883
2000-02-17,1471,1471.TW,上市,8.28476,8.339626,8.010431,8.147599,495571
2000-02-18,1471,1471.TW,上市,8.175029,8.229894,7.845833,7.983002,307662
2000-02-21,1471,1471.TW,上市,7.708672,7.955565,7.708672,7.736102,579593
2000-02-22,1471,1471.TW,上市,7.845833,8.175029,7.681236,7.736102,913152
2000-02-23,1471,1471.TW,上市,7.790967,8.065297,7.461772,7.62637,541501
2000-02-24,1471,1471.TW,上市,7.62637,7.62637,7.105148,7.242309,406126
2000-02-25,1471,1471.TW,上市,6.748516,7.132577,6.748516,6.803382,473881921
2000-02-28,1471,1471.TW,上市,6.803382,6.803382,6.803382,6.803382,0
2000-02-29,1471,1471.TW,上市,7.022845,7.269745,6.858248,7.269745,218718897
2000-03-01,1471,1471.TW,上市,7.571504,7.763538,7.571504,7.763538,698873
2000-03-02,1471,1471.TW,上市,7.955565,7.955565,7.434343,7.516638,622790
2000-03-03,1471,1471.TW,上市,7.160014,7.790967,7.160014,7.516638,162315
2000-03-06,1471,1471.TW,上市,7.406906,7.955565,7.406906,7.955565,949586
2000-03-07,1471,1471.TW,上市,7.955565,7.955565,7.406906,7.406906,417410
2000-03-08,1471,1471.TW,上市,7.187443,7.187443,6.967979,6.967979,209822705
2000-03-09,1471,1471.TW,上市,6.858248,7.187443,6.803382,6.94055,244231
2000-03-10,1471,1471.TW,上市,6.94055,6.94055,6.638784,6.858248,197128
2000-03-13,1471,1471.TW,上市,6.858248,6.858248,6.391884,6.391884,167700453
2000-03-14,1471,1471.TW,上市,6.391884,6.830818,6.309589,6.830818,306436
2000-03-15,1471,1471.TW,上市,7.077711,7.105148,6.419321,6.529052,151350
2000-03-16,1471,1471.TW,上市,6.583918,6.583918,6.254723,6.529052,169731
2000-03-17,1471,1471.TW,上市,6.529052,6.748516,6.309589,6.529052,291626
2000-03-20,1471,1471.TW,上市,6.309589,6.309589,6.309589,6.309589,21950
2000-03-21,1471,1471.TW,上市,6.090125,6.638784,6.090125,6.583918,300732
2000-03-22,1471,1471.TW,上市,6.529052,6.611355,6.391884,6.556489,94592
2000-03-23,1471,1471.TW,上市,6.556489,6.748516,6.556489,6.69365,402415
2000-03-24,1471,1471.TW,上市,6.69365,6.69365,6.474187,6.474187,231498
2000-03-27,1471,1471.TW,上市,6.583918,6.583918,6.144991,6.199857,449615
2000-03-28,1471,1471.TW,上市,6.199857,6.309589,6.199857,6.282152,320823
2000-03-29,1471,1471.TW,上市,6.309589,6.419321,6.309589,6.309589,258814
2000-03-30,1471,1471.TW,上市,6.309589,6.529052,6.227287,6.419321,1154732
2000-03-31,1471,1471.TW,上市,6.419321,6.474187,6.309589,6.446757,365463
2000-04-03,1471,1471.TW,上市,6.446757,6.446757,6.446757,6.446757,0
2000-04-04,1471,1471.TW,上市,6.446757,6.446757,6.446757,6.446757,0
2000-04-05,1471,1471.TW,上市,6.309589,6.419321,6.199857,6.309589,395508
2000-04-06,1471,1471.TW,上市,6.309589,6.391884,6.199857,6.254723,296181
2000-04-07,1471,1471.TW,上市,6.309589,6.666221,6.309589,6.666221,891264
2000-04-10,1471,1471.TW,上市,6.885684,6.885684,6.446757,6.583918,546786
2000-04-11,1471,1471.TW,上市,6.69365,6.69365,6.474187,6.556489,341560
2000-04-12,1471,1471.TW,上市,6.583918,6.69365,6.583918,6.638784,574490
2000-04-13,1471,1471.TW,上市,6.638784,6.913114,6.638784,6.638784,530382
2000-04-14,1471,1471.TW,上市,6.748516,6.967979,6.638784,6.638784,592533921
2000-04-17,1471,1471.TW,上市,6.474187,6.583918,6.254723,6.419321,145809
2000-04-18,1471,1471.TW,上市,6.529052,6.529052,6.364455,6.364455,439435
2000-04-19,1471,1471.TW,上市,6.309589,6.583918,6.309589,6.501623,109357
2000-04-20,1471,1471.TW,上市,6.583918,6.583918,6.391884,6.474187,97184798
2000-04-21,1471,1471.TW,上市,6.474187,6.583918,6.446757,6.556489,301337
2000-04-24,1471,1471.TW,上市,6.556489,6.775952,6.419321,6.556489,537674
2000-04-25,1471,1471.TW,上市,6.309589,6.529052,6.309589,6.364455,129405
2000-04-26,1471,1471.TW,上市,6.364455,6.474187,5.925528,6.03526,211970
2000-04-27,1471,1471.TW,上市,6.03526,6.03526,5.623762,5.623762,441076
2000-04-28,1471,1471.TW,上市,5.651199,5.733494,5.651199,5.678628,273398
2000-05-01,1471,1471.TW,上市,5.678628,5.678628,5.678628,5.678628,0
2000-05-02,1471,1471.TW,上市,5.733494,5.733494,5.623762,5.706064,71082
2000-05-03,1471,1471.TW,上市,5.706064,5.706064,5.322003,5.322003,129408
2000-05-04,1471,1471.TW,上市,5.376869,5.541467,5.349433,5.486601,142164
2000-05-05,1471,1471.TW,上市,5.596333,5.651199,5.541467,5.651199,45748
2000-05-08,1471,1471.TW,上市,5.541467,5.596333,5.486601,5.486601,76550
2000-05-09,1471,1471.TW,上市,5.486601,5.486601,5.486601,5.486601,0
2000-05-10,1471,1471.TW,上市,5.568896,5.651199,5.541467,5.568896,125764
2000-05-11,1471,1471.TW,上市,5.568896,5.568896,5.431735,5.486601,100280
2000-05-12,1471,1471.TW,上市,5.541467,5.596333,5.486601,5.51403,83868
2000-05-15,1471,1471.TW,上市,5.486601,5.651199,5.486601,5.486601,91192
2000-05-16,1471,1471.TW,上市,5.51403,5.541467,5.51403,5.541467,34668
2000-05-17,1471,1471.TW,上市,5.596333,5.678628,5.51403,5.596333,147643
2000-05-18,1471,1471.TW,上市,5.596333,5.651199,5.568896,5.568896,122943
2000-05-19,1471,1471.TW,上市,5.596333,5.596333,5.51403,5.596333,67439
2000-05-22,1471,1471.TW,上市,5.541467,5.596333,5.51403,5.51403,82017
2000-05-23,1471,1471.TW,上市,5.541467,5.541467,5.51403,5.541467,187764
2000-05-24,1471,1471.TW,上市,5.486601,5.486601,5.267137,5.431735,83847
2000-05-25,1471,1471.TW,上市,5.376869,5.431735,5.349433,5.349433,82924
2000-05-26,1471,1471.TW,上市,5.459164,5.459164,5.349433,5.376869,78374
2000-05-29,1471,1471.TW,上市,5.459164,5.459164,5.267137,5.294567,342658
2000-05-30,1471,1471.TW,上市,5.294567,5.294567,5.294567,5.294567,0
2000-05-31,1471,1471.TW,上市,5.651199,5.651199,5.486601,5.51403,165876
2000-06-01,1471,1471.TW,上市,5.51403,5.541467,5.486601,5.486601,406445
2000-06-02,1471,1471.TW,上市,5.541467,5.541467,5.459164,5.459164,628804
2000-06-05,1471,1471.TW,上市,5.775746,5.974909,5.775746,5.842128,94896
2000-06-06,1471,1471.TW,上市,5.842128,5.842128,5.842128,5.842128,0
2000-06-07,1471,1471.TW,上市,6.0081,6.0081,5.875327,5.974909,18075
2000-06-08,1471,1471.TW,上市,5.974909,5.974909,5.709356,5.775746,75314
2000-06-09,1471,1471.TW,上市,6.0081,6.0081,5.842128,5.875327,45188
2000-06-12,1471,1471.TW,上市,5.742547,5.775746,5.576576,5.676157,66923
2000-06-13,1471,1471.TW,上市,5.709356,5.775746,5.510194,5.510194,67784
2000-06-14,1471,1471.TW,上市,5.642966,5.642966,5.377414,5.510194,58745
2000-06-15,1471,1471.TW,上市,5.642966,5.642966,5.377414,5.443804,48210
2000-06-16,1471,1471.TW,上市,5.576576,5.775746,5.377414,5.775746,247034
2000-06-19,1471,1471.TW,上市,5.775746,5.775746,5.543385,5.543385,54226
2000-06-20,1471,1471.TW,上市,5.642966,5.742547,5.642966,5.709356,62511
2000-06-21,1471,1471.TW,上市,5.709356,5.709356,5.609775,5.609775,28766
2000-06-22,1471,1471.TW,上市,5.709356,5.974909,5.642966,5.974909,662773
2000-06-23,1471,1471.TW,上市,5.974909,5.974909,5.842128,5.842128,132599
2000-06-26,1471,1471.TW,上市,5.974909,5.974909,5.642966,5.808937,57240
2000-06-27,1471,1471.TW,上市,5.94171,5.94171,5.908519,5.908519,12694
2000-06-28,1471,1471.TW,上市,5.842128,5.842128,5.510194,5.576576,21088
2000-06-29,1471,1471.TW,上市,5.642966,5.642966,5.510194,5.543385,36151
2000-06-30,1471,1471.TW,上市,5.676157,5.742547,5.676157,5.709356,64770
2000-07-03,1471,1471.TW,上市,5.775746,5.908519,5.775746,5.908519,212388
2000-07-04,1471,1471.TW,上市,5.974909,5.974909,5.775746,5.775746,30127
2000-07-05,1471,1471.TW,上市,5.908519,5.908519,5.642966,5.775746,93390
2000-07-06,1471,1471.TW,上市,5.842128,5.842128,5.676157,5.842128,46694663
2000-07-07,1471,1471.TW,上市,5.842128,5.842128,5.742547,5.808937,12050
2000-07-10,1471,1471.TW,上市,5.808937,5.808937,5.742547,5.742547,25621
2000-07-11,1471,1471.TW,上市,5.742547,5.742547,5.642966,5.742547,42176394
2000-07-12,1471,1471.TW,上市,5.642966,5.742547,5.377414,5.377414,96406974
2000-07-13,1471,1471.TW,上市,5.443804,5.510194,5.111861,5.344223,63265
2000-07-14,1471,1471.TW,上市,5.244641,5.443804,5.244641,5.443804,57402
2000-07-17,1471,1471.TW,上市,5.410613,5.576576,5.410613,5.476995,58745
2000-07-18,1471,1471.TW,上市,5.476995,5.476995,5.377414,5.377414,15062998
2000-07-19,1471,1471.TW,上市,5.476995,5.476995,5.377414,5.377414,15062998
2000-07-20,1471,1471.TW,上市,5.510194,5.510194,5.377414,5.510194,40669
2000-07-21,1471,1471.TW,上市,5.510194,5.543385,5.476995,5.543385,16568
2000-07-24,1471,1471.TW,上市,5.510194,5.543385,5.476995,5.476995,18075
2000-07-25,1471,1471.TW,上市,5.510194,5.510194,5.443804,5.443804,4518
2000-07-26,1471,1471.TW,上市,5.244641,5.510194,5.244641,5.410613,15062
2000-07-27,1471,1471.TW,上市,5.443804,5.443804,5.111861,5.178251,18075
2000-07-28,1471,1471.TW,上市,5.244641,5.244641,4.979089,5.244641,45490
2000-07-31,1471,1471.TW,上市,5.277833,5.277833,5.14506,5.178251,16568
2000-08-01,1471,1471.TW,上市,5.244641,5.277833,5.178251,5.244641,76972
2000-08-02,1471,1471.TW,上市,5.178251,5.244641,5.178251,5.178251,51515
2000-08-03,1471,1471.TW,上市,5.111861,5.111861,5.111861,5.111861,14057115
2000-08-04,1471,1471.TW,上市,5.111861,5.244641,5.111861,5.178251,18302
2000-08-07,1471,1471.TW,上市,5.111861,5.111861,5.111861,5.111861,34644264
2000-08-08,1471,1471.TW,上市,5.111861,5.111861,4.813118,5.045479,48891
2000-08-09,1471,1471.TW,上市,5.111861,5.111861,5.045479,5.111861,79845
2000-08-10,1471,1471.TW,上市,5.244641,5.244641,5.045479,5.045479,16038
2000-08-11,1471,1471.TW,上市,5.178251,5.178251,5.01228,5.111861,106961800
2000-08-14,1471,1471.TW,上市,5.111861,5.211442,4.979089,5.178251,19432
2000-08-15,1471,1471.TW,上市,5.178251,5.178251,5.178251,5.178251,1508
2000-08-16,1471,1471.TW,上市,5.111861,5.178251,5.111861,5.178251,24102059
2000-08-17,1471,1471.TW,上市,5.178251,5.178251,5.045479,5.14506,54663
2000-08-18,1471,1471.TW,上市,5.14506,5.178251,5.07867,5.07867,77588
2000-08-21,1471,1471.TW,上市,5.045479,5.07867,4.979089,4.979089,102428
2000-08-22,1471,1471.TW,上市,5.111861,5.111861,5.111861,5.111861,7530868
2000-08-23,1471,1471.TW,上市,5.111861,5.111861,5.111861,5.111861,0
2000-08-24,1471,1471.TW,上市,5.111861,5.111861,5.111861,5.111861,0
2000-08-25,1471,1471.TW,上市,4.979089,5.045479,4.979089,5.045479,34798
2000-08-28,1471,1471.TW,上市,4.945898,4.945898,4.945898,4.945898,1506
2000-08-29,1471,1471.TW,上市,4.613956,4.613956,4.613956,4.613956,159670
2000-08-30,1471,1471.TW,上市,4.315212,4.580764,4.315212,4.315212,105440
2000-08-31,1471,1471.TW,上市,4.082851,4.481183,4.082851,4.182432,25441
2000-09-01,1471,1471.TW,上市,4.215631,4.447984,4.215631,4.447984,24206
2000-09-04,1471,1471.TW,上市,4.580764,4.580764,4.514374,4.514374,70795
2000-09-05,1471,1471.TW,上市,4.580764,4.580764,4.447984,4.514374,25730
2000-09-06,1471,1471.TW,上市,4.348403,4.481183,4.215631,4.315212,49708
2000-09-07,1471,1471.TW,上市,4.315212,4.315212,4.315212,4.315212,1506
2000-09-08,1471,1471.TW,上市,4.248822,4.248822,4.11605,4.248822,39163
2000-09-11,1471,1471.TW,上市,4.016469,4.04966,3.98327,4.04966,59739
2000-09-12,1471,1471.TW,上市,4.04966,4.04966,4.04966,4.04966,0
2000-09-13,1471,1471.TW,上市,4.016469,4.016469,3.784107,3.817298,292297
2000-09-14,1471,1471.TW,上市,3.784107,3.784107,3.584945,3.584945,55676
2000-09-15,1471,1471.TW,上市,3.385783,3.518555,3.352584,3.385783,247033
2000-09-18,1471,1471.TW,上市,3.226451,3.299473,3.040561,3.253002,72302
2000-09-19,1471,1471.TW,上市,3.253002,3.253002,3.233091,3.239731,42206
2000-09-20,1471,1471.TW,上市,3.239731,3.286201,3.239731,3.286201,136320
2000-09-21,1471,1471.TW,上市,3.292841,3.485364,3.286201,3.485364,191301
2000-09-22,1471,1471.TW,上市,3.518555,3.717717,3.518555,3.551754,215753
2000-09-25,1471,1471.TW,上市,3.784107,3.784107,3.551754,3.618136,92682
2000-09-26,1471,1471.TW,上市,3.584945,3.618136,3.452165,3.551754,34644
2000-09-27,1471,1471.TW,上市,3.306113,3.584945,3.306113,3.584945,33138
2000-09-28,1471,1471.TW,上市,3.584945,3.584945,3.551754,3.584945,18377
2000-09-29,1471,1471.TW,上市,3.385783,3.485364,3.352584,3.485364,63264
2000-10-02,1471,1471.TW,上市,3.385783,3.551754,3.385783,3.518555,147617
2000-10-03,1471,1471.TW,上市,3.551754,3.750916,3.551754,3.750916,227460
2000-10-04,1471,1471.TW,上市,3.651335,3.684526,3.651335,3.651335,431861
2000-10-05,1471,1471.TW,上市,3.651335,3.817298,3.651335,3.817298,51214
2000-10-06,1471,1471.TW,上市,3.817298,3.98327,3.784107,3.98327,153725
2000-10-09,1471,1471.TW,上市,3.98327,4.04966,3.850497,3.98327,222932
2000-10-10,1471,1471.TW,上市,3.98327,3.98327,3.98327,3.98327,0
2000-10-11,1471,1471.TW,上市,3.883688,3.883688,3.883688,3.883688,225946
2000-10-12,1471,1471.TW,上市,3.883688,3.98327,3.850497,3.950079,132999
2000-10-13,1471,1471.TW,上市,3.750916,3.850497,3.684526,3.850497,36151
2000-10-16,1471,1471.TW,上市,3.850497,3.850497,3.850497,3.850497,0
2000-10-17,1471,1471.TW,上市,3.817298,3.91688,3.784107,3.850497,210881
2000-10-18,1471,1471.TW,上市,3.850497,3.91688,3.784107,3.850497,189943
2000-10-19,1471,1471.TW,上市,3.850497,3.850497,3.584945,3.651335,146863
2000-10-20,1471,1471.TW,上市,3.551754,3.817298,3.551754,3.750916,278505
2000-10-23,1471,1471.TW,上市,3.651335,3.717717,3.651335,3.651335,250045
2000-10-24,1471,1471.TW,上市,3.717717,3.717717,3.551754,3.651335,248542
2000-10-25,1471,1471.TW,上市,3.551754,3.651335,3.551754,3.651335,269630
2000-10-26,1471,1471.TW,上市,3.551754,3.651335,3.551754,3.618136,224439
2000-10-27,1471,1471.TW,上市,3.618136,3.618136,3.618136,3.618136,0
2000-10-30,1471,1471.TW,上市,3.618136,3.618136,3.618136,3.618136,0
2000-10-31,1471,1471.TW,上市,3.452165,3.485364,3.452165,3.485364,171718
2000-11-01,1471,1471.TW,上市,3.385783,3.452165,3.385783,3.418974,140089
2000-11-02,1471,1471.TW,上市,3.312753,3.452165,3.312753,3.385783,477501
2000-11-03,1471,1471.TW,上市,3.286201,3.418974,3.286201,3.418974,494066
2000-11-06,1471,1471.TW,上市,3.319393,3.319393,3.319393,3.319393,3012
2000-11-07,1471,1471.TW,上市,3.319393,3.385783,3.319393,3.352584,1077314
2000-11-08,1471,1471.TW,上市,3.518555,3.551754,3.18662,3.18662,179249
2000-11-09,1471,1471.TW,上市,3.18662,3.18662,3.173341,3.179981,43683
2000-11-10,1471,1471.TW,上市,3.18662,3.18662,2.974178,3.007369,119591
2000-11-13,1471,1471.TW,上市,2.98745,2.98745,2.887869,2.887869,40834797
2000-11-14,1471,1471.TW,上市,2.861318,2.887869,2.721906,2.887869,42341
2000-11-15,1471,1471.TW,上市,2.881229,2.881229,2.755097,2.755097,21404
2000-11-16,1471,1471.TW,上市,2.688707,2.768376,2.688707,2.695346,44140
2000-11-17,1471,1471.TW,上市,2.755097,2.821487,2.509464,2.509464,239600
2000-11-20,1471,1471.TW,上市,2.376684,2.376684,2.336853,2.336853,76820
2000-11-21,1471,1471.TW,上市,2.257191,2.370044,2.257191,2.370044,415745
2000-11-22,1471,1471.TW,上市,2.370044,2.396603,2.370044,2.389963,150629
2000-11-23,1471,1471.TW,上市,2.396603,2.549295,2.396603,2.529375,313311
2000-11-24,1471,1471.TW,上市,2.476265,2.589125,2.476265,2.589125,227460737
2000-11-27,1471,1471.TW,上市,2.609045,2.768376,2.609045,2.768376,149123
2000-11-28,1471,1471.TW,上市,2.788288,2.921068,2.788288,2.921068,93391
2000-11-29,1471,1471.TW,上市,2.921068,3.12023,2.921068,3.12023,385617
2000-11-30,1471,1471.TW,上市,3.06712,3.319393,3.06712,3.319393,201994
2000-12-01,1471,1471.TW,上市,3.518555,3.518555,3.385783,3.418974,167202
2000-12-04,1471,1471.TW,上市,3.618136,3.618136,3.618136,3.618136,241007970
2000-12-05,1471,1471.TW,上市,3.850497,3.850497,3.618136,3.717717,347043
2000-12-06,1471,1471.TW,上市,3.784107,3.950079,3.717717,3.950079,210883
2000-12-07,1471,1471.TW,上市,4.04966,4.215631,4.04966,4.215631,680846
2000-12-08,1471,1471.TW,上市,4.215631,4.215631,4.082851,4.149241,525699
2000-12-11,1471,1471.TW,上市,4.215631,4.215631,4.016469,4.215631,567875
2000-12-12,1471,1471.TW,上市,4.248822,4.315212,4.182432,4.282013,956502
2000-12-13,1471,1471.TW,上市,4.182432,4.447984,4.182432,4.414793,1010729
2000-12-14,1471,1471.TW,上市,4.447984,4.447984,4.282013,4.315212,564861
2000-12-15,1471,1471.TW,上市,4.248822,4.248822,4.182432,4.248822,263603098
2000-12-18,1471,1471.TW,上市,3.98327,3.98327,3.98327,3.98327,15062998
2000-12-19,1471,1471.TW,上市,3.850497,3.850497,3.850497,3.850497,12050
2000-12-20,1471,1471.TW,上市,3.717717,3.717717,3.717717,3.717717,7530868
2000-12-21,1471,1471.TW,上市,3.717717,3.717717,3.717717,3.717717,0
2000-12-22,1471,1471.TW,上市,3.717717,3.717717,3.717717,3.717717,0
2000-12-25,1471,1471.TW,上市,3.717717,3.717717,3.717717,3.717717,0
2000-12-26,1471,1471.TW,上市,3.717717,3.717717,3.717717,3.717717,0
2000-12-27,1471,1471.TW,上市,3.717717,3.717717,3.717717,3.717717,0
2000-12-28,1471,1471.TW,上市,3.418974,3.418974,3.418974,3.418974,1510
2000-12-29,1471,1471.TW,上市,3.418974,3.418974,3.418974,3.418974,0
2001-01-01,1471,1471.TW,上市,3.418974,3.418974,3.418974,3.418974,0
2001-01-02,1471,1471.TW,上市,3.07376,3.292841,3.07376,3.080399,244020
2001-01-03,1471,1471.TW,上市,2.894509,3.033929,2.894509,2.901149,120503
2001-01-04,1471,1471.TW,上市,3.100311,3.100311,2.907788,3.07376,134966
2001-01-05,1471,1471.TW,上市,3.239731,3.266282,3.12023,3.253002,367545
2001-01-08,1471,1471.TW,上市,3.452165,3.452165,3.452165,3.452165,129203544
2001-01-09,1471,1471.TW,上市,3.684526,3.684526,3.684526,3.684526,33138
2001-01-10,1471,1471.TW,上市,3.91688,3.91688,3.452165,3.784107,596494
2001-01-11,1471,1471.TW,上市,3.717717,3.98327,3.551754,3.850497,238235
2001-01-12,1471,1471.TW,上市,3.883688,3.883688,3.618136,3.750916,37658
2001-01-15,1471,1471.TW,上市,3.518555,3.551754,3.518555,3.551754,82845
2001-01-16,1471,1471.TW,上市,3.551754,3.717717,3.319393,3.618136,61758
2001-01-17,1471,1471.TW,上市,3.717717,3.850497,3.518555,3.850497,137072
2001-01-18,1471,1471.TW,上市,4.04966,4.04966,3.618136,3.91688,102428
2001-01-19,1471,1471.TW,上市,3.91688,3.91688,3.91688,3.91688,0
2001-01-22,1471,1471.TW,上市,3.91688,3.91688,3.91688,3.91688,0
2001-01-23,1471,1471.TW,上市,3.91688,3.91688,3.91688,3.91688,0
2001-01-24,1471,1471.TW,上市,3.91688,3.91688,3.91688,3.91688,0
2001-01-25,1471,1471.TW,上市,3.91688,3.91688,3.91688,3.91688,0
2001-01-26,1471,1471.TW,上市,3.91688,3.91688,3.91688,3.91688,0
2001-01-29,1471,1471.TW,上市,3.684526,3.98327,3.684526,3.98327,12050
2001-01-30,1471,1471.TW,上市,3.98327,3.98327,3.98327,3.98327,1505668
2001-01-31,1471,1471.TW,上市,3.784107,3.91688,3.750916,3.91688,51214
2001-02-01,1471,1471.TW,上市,3.850497,3.950079,3.850497,3.850497,27113
2001-02-02,1471,1471.TW,上市,3.850497,3.850497,3.717717,3.850497,340423
2001-02-05,1471,1471.TW,上市,3.850497,3.850497,3.717717,3.850497,140086
2001-02-06,1471,1471.TW,上市,3.850497,4.04966,3.784107,3.784107,405514
2001-02-07,1471,1471.TW,上市,3.91688,3.91688,3.618136,3.618136,215838186
2001-02-08,1471,1471.TW,上市,3.485364,3.684526,3.385783,3.651335,117492
2001-02-09,1471,1471.TW,上市,3.618136,3.651335,3.485364,3.584945,81340
2001-02-12,1471,1471.TW,上市,3.584945,3.584945,3.452165,3.584945,141592
2001-02-13,1471,1471.TW,上市,3.452165,3.817298,3.452165,3.817298,1144789120
2001-02-14,1471,1471.TW,上市,3.98327,3.98327,3.651335,3.817298,326881
2001-02-15,1471,1471.TW,上市,3.883688,3.883688,3.651335,3.784107,147617
2001-02-16,1471,1471.TW,上市,3.651335,3.717717,3.584945,3.651335,182266
2001-02-19,1471,1471.TW,上市,3.584945,3.717717,3.518555,3.717717,82980
2001-02-20,1471,1471.TW,上市,3.717717,3.91688,3.717717,3.850497,546803
2001-02-21,1471,1471.TW,上市,3.950079,3.950079,3.784107,3.850497,370551
2001-02-22,1471,1471.TW,上市,3.850497,3.850497,3.717717,3.717717,364532
2001-02-23,1471,1471.TW,上市,3.717717,3.850497,3.717717,3.750916,81793
2001-02-26,1471,1471.TW,上市,3.717717,3.850497,3.651335,3.651335,152136
2001-02-27,1471,1471.TW,上市,3.717717,3.717717,3.584945,3.584945,21088
2001-02-28,1471,1471.TW,上市,3.584945,3.584945,3.584945,3.584945,0
2001-03-01,1471,1471.TW,上市,3.584945,3.651335,3.584945,3.618136,267847
2001-03-02,1471,1471.TW,上市,3.784107,3.784107,3.651335,3.717717,208148
2001-03-05,1471,1471.TW,上市,3.651335,3.717717,3.651335,3.717717,202306
2001-03-06,1471,1471.TW,上市,3.784107,3.784107,3.584945,3.717717,156782
2001-03-07,1471,1471.TW,上市,3.717717,3.717717,3.618136,3.651335,265125
2001-03-08,1471,1471.TW,上市,3.651335,3.651335,3.418974,3.651335,150762
2001-03-09,1471,1471.TW,上市,3.651335,3.651335,3.584945,3.584945,167198
2001-03-12,1471,1471.TW,上市,3.651335,3.651335,3.518555,3.651335,176237
2001-03-13,1471,1471.TW,上市,3.651335,3.651335,3.418974,3.651335,277160
2001-03-14,1471,1471.TW,上市,3.651335,3.651335,3.651335,3.651335,0
2001-03-15,1471,1471.TW,上市,3.452165,3.651335,3.452165,3.618136,173223
2001-03-16,1471,1471.TW,上市,3.651335,3.651335,3.418974,3.418974,354131
2001-03-19,1471,1471.TW,上市,3.452165,3.651335,3.452165,3.651335,447371
2001-03-20,1471,1471.TW,上市,3.850497,3.850497,3.651335,3.717717,1114420
2001-03-21,1471,1471.TW,上市,3.750916,3.850497,3.651335,3.750916,426282
2001-03-22,1471,1471.TW,上市,3.750916,3.750916,3.551754,3.618136,230493
2001-03-23,1471,1471.TW,上市,3.584945,3.618136,3.518555,3.618136,443017
2001-03-26,1471,1471.TW,上市,3.618136,3.784107,3.584945,3.684526,344943
2001-03-27,1471,1471.TW,上市,3.784107,3.784107,3.618136,3.684526,179251
2001-03-28,1471,1471.TW,上市,3.750916,3.750916,3.651335,3.684526,63869
2001-03-29,1471,1471.TW,上市,3.651335,3.91688,3.651335,3.91688,1510820
2001-03-30,1471,1471.TW,上市,4.11605,4.182432,4.04966,4.182432,2517045
2001-04-02,1471,1471.TW,上市,4.447984,4.447984,4.315212,4.447984,1480695
2001-04-03,1471,1471.TW,上市,4.647147,4.746728,4.447984,4.647147,2324274252
2001-04-04,1471,1471.TW,上市,4.348403,4.647147,4.348403,4.348403,1308994100
2001-04-05,1471,1471.TW,上市,4.348403,4.348403,4.348403,4.348403,0
2001-04-06,1471,1471.TW,上市,4.348403,4.514374,4.082851,4.248822,1528893
2001-04-09,1471,1471.TW,上市,4.182432,4.315212,4.11605,4.149241,478249
2001-04-10,1471,1471.TW,上市,4.149241,4.414793,4.04966,4.381594,3038507
2001-04-11,1471,1471.TW,上市,4.315212,4.315212,4.082851,4.082851,747519
2001-04-12,1471,1471.TW,上市,3.91688,4.11605,3.817298,4.016469,982107
2001-04-13,1471,1471.TW,上市,4.04966,4.04966,3.883688,4.016469,275758
2001-04-16,1471,1471.TW,上市,3.91688,3.91688,3.750916,3.750916,286422
2001-04-17,1471,1471.TW,上市,3.618136,3.717717,3.551754,3.684526,424776
2001-04-18,1471,1471.TW,上市,3.651335,3.850497,3.651335,3.750916,262547
2001-04-19,1471,1471.TW,上市,3.784107,3.784107,3.618136,3.750916,449329
2001-04-20,1471,1471.TW,上市,3.717717,3.717717,3.518555,3.518555,611873246
2001-04-23,1471,1471.TW,上市,3.518555,3.518555,3.306113,3.452165,391678338
2001-04-24,1471,1471.TW,上市,3.452165,3.684526,3.452165,3.651335,599696
2001-04-25,1471,1471.TW,上市,3.717717,3.750916,3.518555,3.618136,420269
2001-04-26,1471,1471.TW,上市,3.717717,3.750916,3.518555,3.618136,420269
2001-04-27,1471,1471.TW,上市,3.418974,3.584945,3.418974,3.551754,176300
2001-04-30,1471,1471.TW,上市,3.551754,3.651335,3.452165,3.651335,201903
2001-05-01,1471,1471.TW,上市,3.651335,3.651335,3.651335,3.651335,0
2001-05-02,1471,1471.TW,上市,3.551754,3.651335,3.485364,3.485364,120529
2001-05-03,1471,1471.TW,上市,3.306113,3.485364,3.306113,3.485364,106951
2001-05-04,1471,1471.TW,上市,3.551754,3.551754,3.352584,3.385783,137080
2001-05-07,1471,1471.TW,上市,3.518555,3.518555,3.306113,3.319393,122906
2001-05-08,1471,1471.TW,上市,3.319393,3.319393,3.087031,3.087031,260590
2001-05-09,1471,1471.TW,上市,3.087031,3.12023,2.940979,3.027289,274146
2001-05-10,1471,1471.TW,上市,3.027289,3.027289,2.887869,2.921068,173223
2001-05-11,1471,1471.TW,上市,2.788288,3.033929,2.721906,2.98745,638671
2001-05-14,1471,1471.TW,上市,2.788288,2.887869,2.788288,2.887869,153130174
2001-05-15,1471,1471.TW,上市,2.854678,2.921068,2.841398,2.907788,209375
2001-05-16,1471,1471.TW,上市,2.921068,2.921068,2.921068,2.921068,15065
2001-05-17,1471,1471.TW,上市,2.794928,2.921068,2.794928,2.881229,78327
2001-05-18,1471,1471.TW,上市,2.801567,2.867957,2.801567,2.848038,115985
2001-05-21,1471,1471.TW,上市,2.848038,2.848038,2.848038,2.848038,0
2001-05-22,1471,1471.TW,上市,2.801567,2.867957,2.761736,2.761736,102428
2001-05-23,1471,1471.TW,上市,2.761736,2.821487,2.761736,2.821487,122010
2001-05-24,1471,1471.TW,上市,2.821487,2.834758,2.801567,2.834758,63265
2001-05-25,1471,1471.TW,上市,2.834758,2.848038,2.834758,2.848038,91883657
2001-05-28,1471,1471.TW,上市,2.834758,2.861318,2.834758,2.861318,73825
2001-05-29,1471,1471.TW,上市,2.861318,2.861318,2.854678,2.854678,128052
2001-05-30,1471,1471.TW,上市,2.828119,2.834758,2.828119,2.834758,52989948
2001-05-31,1471,1471.TW,上市,2.841398,2.841398,2.841398,2.841398,49707262
2001-06-01,1471,1471.TW,上市,2.848038,2.854678,2.848038,2.854678,24102
2001-06-04,1471,1471.TW,上市,2.854678,2.854678,2.828119,2.834758,524194
2001-06-05,1471,1471.TW,上市,2.907788,2.907788,2.841398,2.854678,152487
2001-06-06,1471,1471.TW,上市,2.848038,2.887869,2.848038,2.887869,103935318
2001-06-07,1471,1471.TW,上市,2.854678,2.887869,2.688707,2.834758,144606
2001-06-08,1471,1471.TW,上市,2.761736,2.854678,2.761736,2.854678,78327
2001-06-11,1471,1471.TW,上市,2.887869,2.954259,2.854678,2.854678,60253
2001-06-12,1471,1471.TW,上市,2.821487,2.854678,2.814847,2.854678,138753
2001-06-13,1471,1471.TW,上市,2.814847,2.894509,2.761736,2.887869,132555
2001-06-14,1471,1471.TW,上市,2.887869,2.894509,2.881229,2.887869,74821515
2001-06-15,1471,1471.TW,上市,2.881229,2.894509,2.881229,2.894509,40671988
2001-06-18,1471,1471.TW,上市,2.881229,2.907788,2.881229,2.907788,70799
2001-06-19,1471,1471.TW,上市,2.894509,2.921068,2.894509,2.907788,109964
2001-06-20,1471,1471.TW,上市,2.907788,2.954259,2.907788,2.954259,915846
2001-06-21,1471,1471.TW,上市,3.160061,3.160061,3.160061,3.160061,213894
2001-06-22,1471,1471.TW,上市,3.319393,3.319393,3.18662,3.306113,356994
2001-06-25,1471,1471.TW,上市,3.306113,3.306113,3.306113,3.306113,0
2001-06-26,1471,1471.TW,上市,3.193252,3.193252,3.100311,3.173341,99415
2001-06-27,1471,1471.TW,上市,3.12023,3.173341,3.05384,3.13351,129546
2001-06-28,1471,1471.TW,上市,3.12023,3.12023,3.040561,3.040561,277587
2001-06-29,1471,1471.TW,上市,3.12687,3.12687,2.828119,2.914428,186783
2001-07-02,1471,1471.TW,上市,2.761736,2.881229,2.761736,2.854678,87370
2001-07-03,1471,1471.TW,上市,2.854678,2.854678,2.748457,2.848038,30427
2001-07-04,1471,1471.TW,上市,2.755097,2.775016,2.748457,2.755097,89144
2001-07-05,1471,1471.TW,上市,2.675427,2.701986,2.622317,2.648876,46700
2001-07-06,1471,1471.TW,上市,2.615685,2.615685,2.469625,2.496184,122012
2001-07-09,1471,1471.TW,上市,2.509464,2.522735,2.343492,2.449713,57556
2001-07-10,1471,1471.TW,上市,2.429794,2.429794,2.356772,2.429794,21577
2001-07-11,1471,1471.TW,上市,2.263823,2.383323,2.263823,2.263823,119012199
2001-07-12,1471,1471.TW,上市,2.303662,2.323573,2.217352,2.310293,307586
2001-07-13,1471,1471.TW,上市,2.323573,2.323573,2.290382,2.290382,233978
2001-07-16,1471,1471.TW,上市,2.290382,2.310293,2.257191,2.257191,108454
2001-07-17,1471,1471.TW,上市,2.230632,2.237272,2.210712,2.223992,131047
2001-07-18,1471,1471.TW,上市,2.223992,2.223992,2.210712,2.210712,149123050
2001-07-19,1471,1471.TW,上市,2.190801,2.363404,2.190801,2.363404,143189
2001-07-20,1471,1471.TW,上市,2.482904,2.522735,2.376684,2.516104,67828
2001-07-23,1471,1471.TW,上市,2.522735,2.549295,2.363404,2.496184,152138
2001-07-24,1471,1471.TW,上市,2.323573,2.449713,2.323573,2.423154,99417
2001-07-25,1471,1471.TW,上市,2.323573,2.389963,2.270463,2.389963,66277
2001-07-26,1471,1471.TW,上市,2.389963,2.456353,2.389963,2.456353,70825
2001-07-27,1471,1471.TW,上市,2.456353,2.456353,2.443074,2.443074,87385
2001-07-30,1471,1471.TW,上市,2.443074,2.443074,2.443074,2.443074,0
2001-07-31,1471,1471.TW,上市,2.456353,2.456353,2.449713,2.449713,9037
2001-08-01,1471,1471.TW,上市,2.462993,2.522735,2.462993,2.516104,51234
2001-08-02,1471,1471.TW,上市,2.522735,2.522735,2.522735,2.522735,37661912
2001-08-03,1471,1471.TW,上市,2.522735,2.536015,2.403243,2.522735,78332
2001-08-06,1471,1471.TW,上市,2.423154,2.522735,2.409883,2.456353,79502
2001-08-07,1471,1471.TW,上市,2.456353,2.456353,2.443074,2.456353,27298
2001-08-08,1471,1471.TW,上市,2.443074,2.549295,2.443074,2.529375,64190
2001-08-09,1471,1471.TW,上市,2.462993,2.522735,2.356772,2.522735,69289
2001-08-10,1471,1471.TW,上市,2.482904,2.482904,2.363404,2.449713,54226
2001-08-13,1471,1471.TW,上市,2.443074,2.516104,2.443074,2.516104,40669
2001-08-14,1471,1471.TW,上市,2.516104,2.522735,2.516104,2.522735,64770
2001-08-15,1471,1471.TW,上市,2.589125,2.622317,2.589125,2.622317,36151195
2001-08-16,1471,1471.TW,上市,2.655516,2.688707,2.569206,2.688707,39698
2001-08-17,1471,1471.TW,上市,2.642236,2.655516,2.642236,2.642236,39163
2001-08-20,1471,1471.TW,上市,2.462993,2.615685,2.462993,2.602405,128036
2001-08-21,1471,1471.TW,上市,2.602405,2.721906,2.602405,2.675427,97910
2001-08-22,1471,1471.TW,上市,2.675427,2.675427,2.635596,2.675427,134060052
2001-08-23,1471,1471.TW,上市,2.675427,2.695346,2.609045,2.642236,156655
2001-08-24,1471,1471.TW,上市,2.655516,2.741817,2.575846,2.589125,201919
2001-08-27,1471,1471.TW,上市,2.589125,2.602405,2.522735,2.582486,85860
2001-08-28,1471,1471.TW,上市,2.582486,2.602405,2.569206,2.582486,115985
2001-08-29,1471,1471.TW,上市,2.589125,2.748457,2.589125,2.748457,126529
2001-08-30,1471,1471.TW,上市,2.721906,2.761736,2.662155,2.748457,82849
2001-08-31,1471,1471.TW,上市,2.721906,2.741817,2.569206,2.741817,85862
2001-09-03,1471,1471.TW,上市,2.715266,2.741817,2.668795,2.688707,19583
2001-09-04,1471,1471.TW,上市,2.622317,2.628956,2.589125,2.628956,42178918
2001-09-05,1471,1471.TW,上市,2.682067,2.682067,2.462993,2.589125,43685
2001-09-06,1471,1471.TW,上市,2.589125,2.589125,2.542655,2.555934,16572
2001-09-07,1471,1471.TW,上市,2.555934,2.589125,2.555934,2.589125,22597
2001-09-10,1471,1471.TW,上市,2.575846,2.622317,2.542655,2.575846,76832
2001-09-11,1471,1471.TW,上市,2.575846,2.615685,2.509464,2.575846,93466
2001-09-12,1471,1471.TW,上市,2.575846,2.575846,2.575846,2.575846,0
2001-09-13,1471,1471.TW,上市,2.396603,2.396603,2.396603,2.396603,28619
2001-09-14,1471,1471.TW,上市,2.396603,2.482904,2.230632,2.230632,149148
2001-09-17,1471,1471.TW,上市,2.230632,2.230632,2.230632,2.230632,0
2001-09-18,1471,1471.TW,上市,2.230632,2.230632,2.230632,2.230632,0
2001-09-19,1471,1471.TW,上市,2.230632,2.230632,2.230632,2.230632,0
2001-09-20,1471,1471.TW,上市,2.389963,2.396603,2.389963,2.389963,78357
2001-09-21,1471,1471.TW,上市,2.316933,2.376684,2.310293,2.310293,48201
2001-09-24,1471,1471.TW,上市,2.310293,2.310293,2.310293,2.310293,0
2001-09-25,1471,1471.TW,上市,2.257191,2.303662,2.257191,2.257191,43683
2001-09-26,1471,1471.TW,上市,2.243911,2.257191,2.243911,2.257191,36152
2001-09-27,1471,1471.TW,上市,2.257191,2.257191,2.257191,2.257191,45194
2001-09-28,1471,1471.TW,上市,2.257191,2.257191,2.257191,2.257191,0
2001-10-01,1471,1471.TW,上市,2.257191,2.257191,2.257191,2.257191,0
2001-10-02,1471,1471.TW,上市,2.257191,2.257191,2.257191,2.257191,0
2001-10-03,1471,1471.TW,上市,2.323573,2.323573,2.323573,2.323573,1505668
2001-10-04,1471,1471.TW,上市,2.323573,2.323573,2.310293,2.310293,16568666
2001-10-05,1471,1471.TW,上市,2.323573,2.323573,2.323573,2.323573,15062998
2001-10-08,1471,1471.TW,上市,2.170881,2.323573,2.170881,2.323573,19581266
2001-10-09,1471,1471.TW,上市,2.323573,2.323573,2.323573,2.323573,0
2001-10-10,1471,1471.TW,上市,2.323573,2.323573,2.323573,2.323573,0
2001-10-11,1471,1471.TW,上市,2.316933,2.316933,2.303662,2.303662,76820
2001-10-12,1471,1471.TW,上市,2.303662,2.303662,2.14433,2.14433,165692
2001-10-15,1471,1471.TW,上市,2.131051,2.131051,2.00491,2.00491,21088
2001-10-16,1471,1471.TW,上市,2.00491,2.031469,1.991639,2.031469,46694
2001-10-17,1471,1471.TW,上市,2.031469,2.031469,2.031469,2.031469,30127
2001-10-18,1471,1471.TW,上市,2.02483,2.02483,2.02483,2.02483,1506
2001-10-19,1471,1471.TW,上市,2.02483,2.09122,2.02483,2.09122,19586
2001-10-22,1471,1471.TW,上市,1.95844,2.01819,1.9518,1.984999,96403
2001-10-23,1471,1471.TW,上市,1.945168,1.984999,1.945168,1.978359,18075
2001-10-24,1471,1471.TW,上市,1.885418,1.95844,1.845579,1.845579,67785
2001-10-25,1471,1471.TW,上市,1.732726,1.779197,1.732726,1.772557,126830
2001-10-26,1471,1471.TW,上市,1.772557,1.792468,1.772557,1.785836,66301
2001-10-29,1471,1471.TW,上市,1.779197,1.785836,1.765917,1.765917,75314
2001-10-30,1471,1471.TW,上市,1.646416,1.732726,1.646416,1.706167,40669
2001-10-31,1471,1471.TW,上市,1.679615,1.726086,1.599946,1.726086,61758
2001-11-01,1471,1471.TW,上市,1.706167,1.706167,1.692887,1.692887,45188994
2001-11-02,1471,1471.TW,上市,1.626505,1.699527,1.626505,1.699527,67784
2001-11-05,1471,1471.TW,上市,1.699527,1.739366,1.699527,1.726086,21540
2001-11-06,1471,1471.TW,上市,1.712807,1.712807,1.712807,1.712807,15062
2001-11-07,1471,1471.TW,上市,1.712807,1.752637,1.712807,1.739366,67784
2001-11-08,1471,1471.TW,上市,1.779197,1.845579,1.779197,1.792468,33340
2001-11-09,1471,1471.TW,上市,1.792468,1.792468,1.792468,1.792468,0
2001-11-12,1471,1471.TW,上市,1.832307,1.885418,1.819027,1.885418,45621
2001-11-13,1471,1471.TW,上市,1.898689,1.925248,1.898689,1.925248,15062
2001-11-14,1471,1471.TW,上市,1.945168,1.945168,1.892057,1.892057,100921
2001-11-15,1471,1471.TW,上市,1.852219,1.885418,1.825667,1.885418,58023
2001-11-16,1471,1471.TW,上市,1.885418,1.911969,1.858858,1.911969,42176
2001-11-19,1471,1471.TW,上市,1.779197,1.898689,1.779197,1.898689,24102
2001-11-20,1471,1471.TW,上市,1.885418,1.911969,1.792468,1.911969,112971
2001-11-21,1471,1471.TW,上市,1.892057,1.898689,1.858858,1.898689,37658
2001-11-22,1471,1471.TW,上市,1.819027,1.898689,1.819027,1.898689,37658
2001-11-23,1471,1471.TW,上市,1.832307,1.898689,1.832307,1.898689,33138
2001-11-26,1471,1471.TW,上市,1.898689,1.911969,1.898689,1.898689,22593866
2001-11-27,1471,1471.TW,上市,1.925248,1.925248,1.825667,1.918609,6025
2001-11-28,1471,1471.TW,上市,1.918609,1.95844,1.918609,1.95844,105440
2001-11-29,1471,1471.TW,上市,1.978359,1.978359,1.978359,1.978359,1508
2001-11-30,1471,1471.TW,上市,1.872138,1.991639,1.872138,1.991639,3012
2001-12-03,1471,1471.TW,上市,1.978359,2.00491,1.978359,2.00491,33151
2001-12-04,1471,1471.TW,上市,1.885418,2.00491,1.885418,1.991639,21088
2001-12-05,1471,1471.TW,上市,1.978359,2.00491,1.978359,1.978359,91884
2001-12-06,1471,1471.TW,上市,1.984999,1.991639,1.984999,1.991639,251551
2001-12-07,1471,1471.TW,上市,1.991639,2.01155,1.925248,2.00491,134061
2001-12-10,1471,1471.TW,上市,2.00491,2.14433,2.00491,2.14433,246662
2001-12-11,1471,1471.TW,上市,2.124411,2.14433,2.08458,2.124411,134061
2001-12-12,1471,1471.TW,上市,2.124411,2.157602,2.124411,2.14433,63264
2001-12-13,1471,1471.TW,上市,2.14433,2.290382,2.124411,2.290382,569094
2001-12-14,1471,1471.TW,上市,2.257191,2.389963,2.257191,2.316933,133412
2001-12-17,1471,1471.TW,上市,2.290382,2.409883,2.290382,2.403243,278666
2001-12-18,1471,1471.TW,上市,2.569206,2.569206,2.536015,2.536015,260590498
2001-12-19,1471,1471.TW,上市,2.396603,2.469625,2.363404,2.389963,76823
2001-12-20,1471,1471.TW,上市,2.389963,2.389963,2.389963,2.389963,0
2001-12-21,1471,1471.TW,上市,2.230632,2.303662,2.223992,2.223992,34682
2001-12-24,1471,1471.TW,上市,2.157602,2.223992,2.157602,2.223992,24103321
2001-12-25,1471,1471.TW,上市,2.07794,2.217352,2.07794,2.104491,115985
2001-12-26,1471,1471.TW,上市,2.104491,2.13769,2.09122,2.117771,75330
2001-12-27,1471,1471.TW,上市,2.117771,2.124411,2.044749,2.104491,135566
2001-12-28,1471,1471.TW,上市,2.08458,2.104491,2.08458,2.08458,58747
2001-12-31,1471,1471.TW,上市,2.058021,2.117771,2.058021,2.097859,188288
2002-01-01,1471,1471.TW,上市,2.097859,2.097859,2.097859,2.097859,0
2002-01-02,1471,1471.TW,上市,2.104491,2.217352,2.104491,2.217352,115984454
2002-01-03,1471,1471.TW,上市,2.217352,2.217352,2.217352,2.217352,0
2002-01-04,1471,1471.TW,上市,2.290382,2.290382,2.124411,2.177521,52719
2002-01-07,1471,1471.TW,上市,2.104491,2.20408,2.104491,2.20408,128037
2002-01-08,1471,1471.TW,上市,2.223992,2.303662,2.20408,2.20408,62742
2002-01-09,1471,1471.TW,上市,2.257191,2.257191,2.177521,2.177521,36301
2002-01-10,1471,1471.TW,上市,2.170881,2.190801,2.170881,2.177521,72455
2002-01-11,1471,1471.TW,上市,2.177521,2.237272,2.177521,2.217352,120503
2002-01-14,1471,1471.TW,上市,2.223992,2.310293,2.223992,2.277102,165119992
2002-01-15,1471,1471.TW,上市,2.336853,2.336853,2.177521,2.257191,85860
2002-01-16,1471,1471.TW,上市,2.177521,2.250551,2.131051,2.243911,114945
2002-01-17,1471,1471.TW,上市,2.230632,2.243911,2.223992,2.243911,26753
2002-01-18,1471,1471.TW,上市,2.243911,2.257191,2.164242,2.217352,30125
2002-01-21,1471,1471.TW,上市,2.190801,2.230632,2.190801,2.217352,16568
2002-01-22,1471,1471.TW,上市,2.217352,2.217352,2.217352,2.217352,30127258
2002-01-23,1471,1471.TW,上市,2.217352,2.230632,2.14433,2.217352,129541
2002-01-24,1471,1471.TW,上市,2.257191,2.257191,2.15097,2.164242,128036
2002-01-25,1471,1471.TW,上市,2.190801,2.197441,2.190801,2.197441,46697
2002-01-28,1471,1471.TW,上市,2.210712,2.257191,2.210712,2.250551,81490
2002-01-29,1471,1471.TW,上市,2.243911,2.243911,2.197441,2.217352,52719
2002-01-30,1471,1471.TW,上市,2.217352,2.310293,2.217352,2.283742,227450
2002-01-31,1471,1471.TW,上市,2.283742,2.283742,2.283742,2.283742,0
2002-02-01,1471,1471.TW,上市,2.609045,2.609045,2.489544,2.609045,429768
2002-02-04,1471,1471.TW,上市,2.788288,2.788288,2.788288,2.788288,471440920
2002-02-05,1471,1471.TW,上市,2.980818,2.980818,2.655516,2.655516,456236
2002-02-06,1471,1471.TW,上市,2.589125,2.622317,2.469625,2.562574,232167
2002-02-07,1471,1471.TW,上市,2.562574,2.562574,2.562574,2.562574,0
2002-02-08,1471,1471.TW,上市,2.562574,2.562574,2.562574,2.562574,0
2002-02-11,1471,1471.TW,上市,2.562574,2.562574,2.562574,2.562574,0
2002-02-12,1471,1471.TW,上市,2.562574,2.562574,2.562574,2.562574,0
2002-02-13,1471,1471.TW,上市,2.562574,2.562574,2.562574,2.562574,0
2002-02-14,1471,1471.TW,上市,2.562574,2.562574,2.562574,2.562574,0
2002-02-15,1471,1471.TW,上市,2.562574,2.562574,2.562574,2.562574,0
2002-02-18,1471,1471.TW,上市,2.562574,2.741817,2.562574,2.735177,97910
2002-02-19,1471,1471.TW,上市,2.549295,2.655516,2.549295,2.622317,97145
2002-02-20,1471,1471.TW,上市,2.496184,2.509464,2.443074,2.456353,146277
2002-02-21,1471,1471.TW,上市,2.456353,2.522735,2.456353,2.469625,115985
2002-02-22,1471,1471.TW,上市,2.476265,2.476265,2.462993,2.469625,90377
2002-02-25,1471,1471.TW,上市,2.469625,2.536015,2.469625,2.469625,70795460
2002-02-26,1471,1471.TW,上市,2.476265,2.509464,2.476265,2.509464,126530
2002-02-27,1471,1471.TW,上市,2.589125,2.589125,2.555934,2.575846,28619
2002-02-28,1471,1471.TW,上市,2.575846,2.575846,2.575846,2.575846,0
2002-03-01,1471,1471.TW,上市,2.615685,2.708626,2.602405,2.622317,95062
2002-03-04,1471,1471.TW,上市,2.648876,2.801567,2.648876,2.662155,237995
2002-03-05,1471,1471.TW,上市,2.668795,2.668795,2.622317,2.655516,129541
2002-03-06,1471,1471.TW,上市,2.721906,2.781648,2.708626,2.781648,99482
2002-03-07,1471,1471.TW,上市,2.708626,2.788288,2.675427,2.775016,218414
2002-03-08,1471,1471.TW,上市,2.821487,2.967539,2.821487,2.967539,367537
2002-03-11,1471,1471.TW,上市,3.173341,3.173341,3.173341,3.173341,193108
2002-03-12,1471,1471.TW,上市,3.385783,3.385783,3.226451,3.279562,1152771
2002-03-13,1471,1471.TW,上市,3.279562,3.485364,3.18662,3.485364,673617
2002-03-14,1471,1471.TW,上市,3.485364,3.717717,3.352584,3.385783,898060
2002-03-15,1471,1471.TW,上市,3.259642,3.584945,3.259642,3.452165,739592
2002-03-18,1471,1471.TW,上市,3.584945,3.684526,3.518555,3.684526,783652
2002-03-19,1471,1471.TW,上市,3.850497,3.91688,3.784107,3.91688,662794
2002-03-20,1471,1471.TW,上市,4.182432,4.182432,3.684526,3.750916,1656929
2002-03-21,1471,1471.TW,上市,3.717717,3.98327,3.584945,3.91688,1013741
2002-03-22,1471,1471.TW,上市,4.016469,4.182432,3.850497,4.04966,1191482
2002-03-25,1471,1471.TW,上市,4.315212,4.315212,4.11605,4.315212,1250379
2002-03-26,1471,1471.TW,上市,4.447984,4.613956,4.381594,4.613956,1038166
2002-03-27,1471,1471.TW,上市,4.746728,4.912699,4.613956,4.613956,1124301
2002-03-28,1471,1471.TW,上市,4.846317,4.912699,4.315212,4.381594,695737
2002-03-29,1471,1471.TW,上市,4.381594,4.381594,4.082851,4.11605,640186
2002-04-01,1471,1471.TW,上市,3.98327,4.248822,3.98327,4.215631,697422
2002-04-02,1471,1471.TW,上市,4.447984,4.447984,4.11605,4.315212,533230
2002-04-03,1471,1471.TW,上市,4.381594,4.613956,4.381594,4.613956,1590802
2002-04-04,1471,1471.TW,上市,4.846317,4.846317,4.348403,4.647147,1529009
2002-04-05,1471,1471.TW,上市,4.647147,4.647147,4.647147,4.647147,0
2002-04-08,1471,1471.TW,上市,4.414793,4.647147,4.414793,4.547565,753151
2002-04-09,1471,1471.TW,上市,4.746728,4.746728,4.381594,4.414793,720011
2002-04-10,1471,1471.TW,上市,4.282013,4.282013,4.182432,4.215631,680847
2002-04-11,1471,1471.TW,上市,4.315212,4.481183,4.315212,4.481183,683860
2002-04-12,1471,1471.TW,上市,4.481183,4.779927,4.481183,4.779927,1932883
2002-04-15,1471,1471.TW,上市,5.111861,5.111861,5.111861,5.111861,1129901552
2002-04-16,1471,1471.TW,上市,5.443804,5.443804,5.443804,5.443804,658176
2002-04-17,1471,1471.TW,上市,5.808937,5.808937,5.808937,5.808937,330332
2002-04-18,1471,1471.TW,上市,6.207262,6.207262,6.207262,6.207262,347819582
2002-04-19,1471,1471.TW,上市,6.638786,6.638786,6.373233,6.638786,5536084
2002-04-22,1471,1471.TW,上市,6.572396,7.03711,6.439623,6.638786,1940370
2002-04-23,1471,1471.TW,上市,6.638786,6.638786,6.373233,6.373233,1748212
2002-04-24,1471,1471.TW,上市,6.174071,6.771558,6.174071,6.638786,2006391
2002-04-25,1471,1471.TW,上市,6.771558,7.1035,6.771558,7.1035,1319353
2002-04-26,1471,1471.TW,上市,7.568215,7.568215,7.302663,7.568215,3095485
2002-04-29,1471,1471.TW,上市,7.734186,7.734186,7.16989,7.16989,2604068
2002-04-30,1471,1471.TW,上市,6.837948,7.269472,6.837948,6.97072,1298439
2002-05-01,1471,1471.TW,上市,6.97072,6.97072,6.97072,6.97072,0
2002-05-02,1471,1471.TW,上市,7.369053,7.369053,7.1035,7.335854,1579370
2002-05-03,1471,1471.TW,上市,7.501825,7.833767,7.369053,7.833767,1569978
2002-05-06,1471,1471.TW,上市,8.298482,8.364872,8.03293,8.364872,1736232
2002-05-07,1471,1471.TW,上市,8.364872,8.92916,8.165702,8.597226,2368876
2002-05-08,1471,1471.TW,上市,8.431254,8.895969,8.398063,8.564035,1674437
2002-05-09,1471,1471.TW,上市,8.564035,8.663616,8.298482,8.431254,1729989
2002-05-10,1471,1471.TW,上市,8.298482,8.431254,7.866959,7.900158,954308
2002-05-13,1471,1471.TW,上市,7.767377,7.900158,7.369053,7.369053,673458
2002-05-14,1471,1471.TW,上市,6.904338,6.904338,6.871139,6.871139,527207
2002-05-15,1471,1471.TW,上市,6.406424,6.771558,6.406424,6.771558,790563188
2002-05-16,1471,1471.TW,上市,6.97072,7.236273,6.837948,7.236273,778756372
2002-05-17,1471,1471.TW,上市,7.700987,7.734186,7.369053,7.634605,1143629
2002-05-20,1471,1471.TW,上市,7.568215,7.601406,7.1035,7.468634,1139921
2002-05-21,1471,1471.TW,上市,7.236273,7.302663,7.03711,7.269472,106946
2002-05-22,1471,1471.TW,上市,7.269472,7.501825,7.269472,7.402244,533549
2002-05-23,1471,1471.TW,上市,7.501825,7.568215,7.302663,7.302663,200338
2002-05-24,1471,1471.TW,上市,7.302663,7.302663,7.03711,7.1035,326433
2002-05-27,1471,1471.TW,上市,7.1035,7.16989,6.97072,7.03711,285010
2002-05-28,1471,1471.TW,上市,6.97072,7.03711,6.572396,6.837948,256310764
2002-05-29,1471,1471.TW,上市,6.837948,6.837948,6.439623,6.638786,237684
2002-05-30,1471,1471.TW,上市,6.306843,6.771558,6.306843,6.638786,323856
2002-05-31,1471,1471.TW,上市,6.638786,6.705176,6.439623,6.572396,159667
2002-06-03,1471,1471.TW,上市,6.572396,6.572396,6.174071,6.240461,147617
2002-06-04,1471,1471.TW,上市,5.974909,6.373233,5.974909,6.240461,176238
2002-06-05,1471,1471.TW,上市,6.107681,6.439623,6.107681,6.373233,86276
2002-06-06,1471,1471.TW,上市,6.373233,6.506005,6.240461,6.340042,79834
2002-06-07,1471,1471.TW,上市,6.340042,6.340042,6.174071,6.240461,52719
2002-06-10,1471,1471.TW,上市,6.240461,6.240461,6.041291,6.107681,24100
2002-06-11,1471,1471.TW,上市,6.207262,6.506005,6.207262,6.506005,357054267
2002-06-12,1471,1471.TW,上市,6.439623,6.937529,6.439623,6.804757,379678
2002-06-13,1471,1471.TW,上市,6.340042,7.1035,6.340042,6.572396,286196
2002-06-14,1471,1471.TW,上市,6.638786,6.804757,6.506005,6.539204,61758
2002-06-17,1471,1471.TW,上市,6.771558,6.771558,6.439623,6.572396,149138
2002-06-18,1471,1471.TW,上市,6.638786,6.771558,6.373233,6.406424,117491
2002-06-19,1471,1471.TW,上市,6.506005,6.506005,6.14088,6.439623,16568
2002-06-20,1471,1471.TW,上市,6.439623,6.539204,6.273652,6.306843,37424
2002-06-21,1471,1471.TW,上市,6.240461,6.506005,6.240461,6.306843,48201
2002-06-24,1471,1471.TW,上市,6.107681,6.240461,6.107681,6.174071,162680
2002-06-25,1471,1471.TW,上市,6.240461,6.240461,6.174071,6.240461,108454
2002-06-26,1471,1471.TW,上市,6.240461,6.240461,5.974909,5.974909,31632
2002-06-27,1471,1471.TW,上市,5.974909,6.107681,5.576576,5.908519,245526
2002-06-28,1471,1471.TW,上市,6.306843,6.306843,6.14088,6.306843,183768
2002-07-01,1471,1471.TW,上市,6.273652,6.373233,6.14088,6.14088,310305
2002-07-02,1471,1471.TW,上市,5.842128,6.306843,5.842128,5.974909,85859
2002-07-03,1471,1471.TW,上市,5.642966,5.908519,5.642966,5.908519,1165949
2002-07-04,1471,1471.TW,上市,6.107681,6.107681,5.908519,5.974909,202722
2002-07-05,1471,1471.TW,上市,5.908519,6.240461,5.908519,6.240461,140130
2002-07-08,1471,1471.TW,上市,6.306843,6.439623,6.240461,6.306843,233475
2002-07-09,1471,1471.TW,上市,5.875327,6.306843,5.875327,6.306843,328373
2002-07-10,1471,1471.TW,上市,6.174071,6.174071,5.974909,5.974909,180758
2002-07-11,1471,1471.TW,上市,5.642966,6.041291,5.642966,5.775746,174730
2002-07-12,1471,1471.TW,上市,5.775746,6.041291,5.775746,5.974909,144606
2002-07-15,1471,1471.TW,上市,5.974909,6.041291,5.974909,6.041291,45204
2002-07-16,1471,1471.TW,上市,6.107681,6.107681,5.842128,5.842128,54240676
2002-07-17,1471,1471.TW,上市,5.875327,5.974909,5.875327,5.908519,198831
2002-07-18,1471,1471.TW,上市,5.908519,6.107681,5.908519,6.107681,111488
2002-07-19,1471,1471.TW,上市,5.842128,6.041291,5.842128,5.875327,265108
2002-07-22,1471,1471.TW,上市,5.476995,5.908519,5.476995,5.842128,98662
2002-07-23,1471,1471.TW,上市,5.709356,5.709356,5.510194,5.642966,97911
2002-07-24,1471,1471.TW,上市,5.642966,5.642966,5.443804,5.443804,120503
2002-07-25,1471,1471.TW,上市,5.576576,5.709356,5.476995,5.709356,46972
2002-07-26,1471,1471.TW,上市,5.709356,5.709356,5.510194,5.709356,49708
2002-07-29,1471,1471.TW,上市,5.709356,5.709356,5.443804,5.476995,15089
2002-07-30,1471,1471.TW,上市,5.642966,5.709356,5.311032,5.576576,132554
2002-07-31,1471,1471.TW,上市,5.377414,5.377414,5.211442,5.377414,286196964
2002-08-01,1471,1471.TW,上市,5.311032,5.311032,5.277833,5.277833,16568
2002-08-02,1471,1471.TW,上市,4.979089,5.045479,4.979089,5.045479,31632
2002-08-05,1471,1471.TW,上市,4.746728,5.277833,4.713537,5.14506,209378
2002-08-06,1471,1471.TW,上市,4.813118,4.813118,4.813118,4.813118,58750110
2002-08-07,1471,1471.TW,上市,4.481183,4.813118,4.481183,4.813118,132555
2002-08-08,1471,1471.TW,上市,4.647147,4.647147,4.481183,4.580764,269627
2002-08-09,1471,1471.TW,上市,4.514374,4.779927,4.282013,4.713537,262096
2002-08-12,1471,1471.TW,上市,4.713537,4.713537,4.481183,4.580764,57239
2002-08-13,1471,1471.TW,上市,4.348403,4.647147,4.348403,4.613956,82845
2002-08-14,1471,1471.TW,上市,4.647147,4.779927,4.514374,4.647147,84352
2002-08-15,1471,1471.TW,上市,4.547565,4.647147,4.514374,4.647147,84352
2002-08-16,1471,1471.TW,上市,4.647147,4.647147,4.580764,4.580764,49708
2002-08-19,1471,1471.TW,上市,4.580764,4.580764,4.580764,4.580764,48204
2002-08-20,1471,1471.TW,上市,4.580764,4.879508,4.580764,4.713537,93390
2002-08-21,1471,1471.TW,上市,4.647147,4.846317,4.547565,4.713537,88871
2002-08-22,1471,1471.TW,上市,4.846317,4.879508,4.713537,4.846317,173223
2002-08-23,1471,1471.TW,上市,4.846317,4.846317,4.846317,4.846317,0
2002-08-26,1471,1471.TW,上市,5.443804,5.510194,5.443804,5.510194,51214
2002-08-27,1471,1471.TW,上市,5.875327,5.875327,5.875327,5.875327,41169
2002-08-28,1471,1471.TW,上市,6.273652,6.273652,5.642966,5.875327,222932
2002-08-29,1471,1471.TW,上市,5.510194,5.974909,5.510194,5.974909,117492
2002-08-30,1471,1471.TW,上市,5.709356,6.207262,5.709356,6.14088,24102
2002-09-02,1471,1471.TW,上市,6.14088,6.306843,5.842128,6.14088,67810
2002-09-03,1471,1471.TW,上市,6.041291,6.14088,5.974909,6.107681,168706
2002-09-04,1471,1471.TW,上市,6.041291,6.041291,5.842128,5.974909,105453
2002-09-05,1471,1471.TW,上市,5.609775,5.974909,5.609775,5.775746,88871
2002-09-06,1471,1471.TW,上市,5.775746,5.775746,5.775746,5.775746,0
2002-09-09,1471,1471.TW,上市,5.642966,5.974909,5.642966,5.974909,18075
2002-09-10,1471,1471.TW,上市,6.041291,6.041291,5.908519,5.908519,19582
2002-09-11,1471,1471.TW,上市,5.842128,5.974909,5.842128,5.974909,21088
2002-09-12,1471,1471.TW,上市,5.842128,5.974909,5.842128,5.842128,9037
2002-09-13,1471,1471.TW,上市,5.709356,5.974909,5.709356,5.974909,27129
2002-09-16,1471,1471.TW,上市,5.709356,5.974909,5.709356,5.908519,12051
2002-09-17,1471,1471.TW,上市,5.974909,5.974909,5.808937,5.808937,0
2002-09-18,1471,1471.TW,上市,6.174071,6.174071,5.908519,5.908519,177744
2002-09-19,1471,1471.TW,上市,6.174071,6.174071,5.875327,5.908519,162680
2002-09-20,1471,1471.TW,上市,5.974909,5.974909,5.775746,5.908519,63265
2002-09-23,1471,1471.TW,上市,5.510194,5.974909,5.510194,5.94171,73755
2002-09-24,1471,1471.TW,上市,5.908519,5.974909,5.775746,5.775746,99415
2002-09-25,1471,1471.TW,上市,5.775746,5.775746,5.576576,5.742547,55733
2002-09-26,1471,1471.TW,上市,5.842128,5.842128,5.344223,5.709356,201844
2002-09-27,1471,1471.TW,上市,5.709356,5.775746,5.443804,5.510194,250045
2002-09-30,1471,1471.TW,上市,5.311032,5.443804,5.311032,5.311032,31635
2002-10-01,1471,1471.TW,上市,5.311032,5.311032,5.311032,5.311032,1506
2002-10-02,1471,1471.TW,上市,5.244641,5.244641,5.244641,5.244641,1506
2002-10-03,1471,1471.TW,上市,4.979089,5.244641,4.979089,5.244641,12050
2002-10-04,1471,1471.TW,上市,5.178251,5.178251,4.979089,4.979089,0
2002-10-07,1471,1471.TW,上市,4.879508,4.879508,4.879508,4.879508,137072
2002-10-08,1471,1471.TW,上市,4.779927,4.779927,4.779927,4.779927,12050
2002-10-09,1471,1471.TW,上市,4.580764,4.713537,4.580764,4.713537,51214
2002-10-10,1471,1471.TW,上市,4.713537,4.713537,4.713537,4.713537,0
2002-10-11,1471,1471.TW,上市,4.514374,4.580764,4.447984,4.447984,103935
2002-10-14,1471,1471.TW,上市,4.381594,4.381594,4.149241,4.149241,253060
2002-10-15,1471,1471.TW,上市,4.04966,4.315212,3.91688,4.182432,399485
2002-10-16,1471,1471.TW,上市,4.248822,4.315212,4.04966,4.149241,52723
2002-10-17,1471,1471.TW,上市,3.91688,4.082851,3.91688,4.082851,144604782
2002-10-18,1471,1471.TW,上市,4.282013,4.348403,4.182432,4.348403,123516584
2002-10-21,1471,1471.TW,上市,4.348403,4.647147,4.348403,4.647147,52719862
2002-10-22,1471,1471.TW,上市,4.945898,4.945898,4.779927,4.779927,189951
2002-10-23,1471,1471.TW,上市,4.447984,4.945898,4.447984,4.945898,126529
2002-10-24,1471,1471.TW,上市,5.277833,5.277833,4.979089,5.244641,152136
2002-10-25,1471,1471.TW,上市,5.576576,5.609775,5.576576,5.609775,107432
2002-10-28,1471,1471.TW,上市,5.908519,5.974909,5.609775,5.974909,220052
2002-10-29,1471,1471.TW,上市,5.974909,5.974909,5.642966,5.642966,149130
2002-10-30,1471,1471.TW,上市,5.311032,5.576576,5.277833,5.277833,141277
2002-10-31,1471,1471.TW,上市,5.277833,5.311032,5.277833,5.311032,28624
2002-11-01,1471,1471.TW,上市,5.642966,5.642966,4.979089,5.443804,22627
2002-11-04,1471,1471.TW,上市,5.642966,5.642966,5.244641,5.443804,94902
2002-11-05,1471,1471.TW,上市,5.311032,5.377414,5.311032,5.311032,72304
2002-11-06,1471,1471.TW,上市,5.311032,5.311032,5.045479,5.045479,0
2002-11-07,1471,1471.TW,上市,5.510194,5.510194,5.311032,5.311032,63267
2002-11-08,1471,1471.TW,上市,5.311032,5.377414,5.311032,5.311032,16571
2002-11-11,1471,1471.TW,上市,5.311032,5.311032,5.178251,5.178251,30156
2002-11-12,1471,1471.TW,上市,5.178251,5.178251,5.178251,5.178251,15069
2002-11-13,1471,1471.TW,上市,5.311032,5.311032,5.311032,5.311032,1506
2002-11-14,1471,1471.TW,上市,5.311032,5.311032,5.14506,5.14506,48201
2002-11-15,1471,1471.TW,上市,5.211442,5.244641,4.979089,5.244641,30131
2002-11-18,1471,1471.TW,上市,5.244641,5.311032,5.045479,5.244641,88873
2002-11-19,1471,1471.TW,上市,5.244641,5.244641,5.045479,5.178251,18078
2002-11-20,1471,1471.TW,上市,4.846317,5.045479,4.846317,5.045479,51214
2002-11-21,1471,1471.TW,上市,5.045479,5.045479,4.713537,4.846317,46996
2002-11-22,1471,1471.TW,上市,4.779927,4.912699,4.779927,4.779927,27115
2002-11-25,1471,1471.TW,上市,4.647147,4.713537,4.647147,4.713537,22593866
2002-11-26,1471,1471.TW,上市,4.647147,4.779927,4.647147,4.713537,27560
2002-11-27,1471,1471.TW,上市,4.647147,4.647147,4.647147,4.647147,37656864
2002-11-28,1471,1471.TW,上市,4.713537,4.945898,4.713537,4.945898,70795
2002-11-29,1471,1471.TW,上市,5.211442,5.211442,4.979089,4.979089,52719
2002-12-02,1471,1471.TW,上市,4.979089,4.979089,4.979089,4.979089,0
2002-12-03,1471,1471.TW,上市,4.680346,4.879508,4.680346,4.779927,42259
2002-12-04,1471,1471.TW,上市,4.779927,4.846317,4.779927,4.779927,27113
2002-12-05,1471,1471.TW,上市,4.779927,4.779927,4.713537,4.713537,4520
2002-12-06,1471,1471.TW,上市,4.779927,4.912699,4.713537,4.879508,49709
2002-12-09,1471,1471.TW,上市,5.111861,5.211442,4.912699,5.178251,113272231
2002-12-10,1471,1471.TW,上市,4.979089,5.01228,4.912699,4.979089,69321
2002-12-11,1471,1471.TW,上市,4.779927,4.912699,4.647147,4.713537,118997
2002-12-12,1471,1471.TW,上市,4.647147,4.647147,4.647147,4.647147,29236225
2002-12-13,1471,1471.TW,上市,4.647147,4.647147,4.447984,4.647147,36157505
2002-12-16,1471,1471.TW,上市,4.647147,4.680346,4.647147,4.647147,22689
2002-12-17,1471,1471.TW,上市,4.647147,4.846317,4.647147,4.779927,19583
2002-12-18,1471,1471.TW,上市,4.713537,4.912699,4.713537,4.912699,3013861
2002-12-19,1471,1471.TW,上市,4.912699,4.912699,4.912699,4.912699,1505668
2002-12-20,1471,1471.TW,上市,4.912699,5.111861,4.746728,5.07867,53169
2002-12-23,1471,1471.TW,上市,4.846317,5.045479,4.846317,5.045479,6025
2002-12-24,1471,1471.TW,上市,4.846317,4.912699,4.746728,4.912699,13593
2002-12-25,1471,1471.TW,上市,4.713537,4.846317,4.713537,4.846317,3012
2002-12-26,1471,1471.TW,上市,4.713537,4.713537,4.647147,4.713537,18075597
2002-12-27,1471,1471.TW,上市,4.647147,4.647147,4.647147,4.647147,3012599
2002-12-30,1471,1471.TW,上市,4.514374,4.713537,4.514374,4.713537,31637
2002-12-31,1471,1471.TW,上市,4.779927,4.879508,4.779927,4.879508,16568
2003-01-01,1471,1471.TW,上市,4.879508,4.879508,4.879508,4.879508,0
2003-01-02,1471,1471.TW,上市,4.680346,4.912699,4.680346,4.912699,18075
2003-01-03,1471,1471.TW,上市,4.912699,5.244641,4.779927,5.244641,366030
2003-01-06,1471,1471.TW,上市,5.576576,5.609775,5.576576,5.609775,118997
2003-01-07,1471,1471.TW,上市,5.974909,5.974909,5.642966,5.974909,551727
2003-01-08,1471,1471.TW,上市,6.240461,6.373233,6.174071,6.373233,435322
2003-01-09,1471,1471.TW,上市,6.572396,6.738367,6.506005,6.705176,397342
2003-01-10,1471,1471.TW,上市,6.705176,6.705176,6.506005,6.638786,581431
2003-01-13,1471,1471.TW,上市,6.638786,6.705176,6.506005,6.638786,152288
2003-01-14,1471,1471.TW,上市,6.705176,6.738367,6.373233,6.373233,131047
2003-01-15,1471,1471.TW,上市,6.572396,6.738367,6.439623,6.638786,212388
2003-01-16,1471,1471.TW,上市,6.638786,7.1035,6.572396,7.1035,445864
2003-01-17,1471,1471.TW,上市,7.1035,7.568215,7.1035,7.535024,718505
2003-01-20,1471,1471.TW,上市,7.402244,7.96654,7.402244,7.833767,554318
2003-01-21,1471,1471.TW,上市,7.833767,7.96654,7.535024,7.833767,358500
2003-01-22,1471,1471.TW,上市,7.667796,8.03293,7.667796,7.96654,200339
2003-01-23,1471,1471.TW,上市,8.09932,8.09932,7.767377,7.96654,408206
2003-01-24,1471,1471.TW,上市,8.09932,8.09932,7.634605,7.667796,106951
2003-01-27,1471,1471.TW,上市,7.634605,7.700987,7.435443,7.634605,128036
2003-01-28,1471,1471.TW,上市,7.667796,7.96654,7.535024,7.96654,147617
2003-01-29,1471,1471.TW,上市,7.96654,7.96654,7.96654,7.96654,0
2003-01-30,1471,1471.TW,上市,7.96654,7.96654,7.96654,7.96654,0
2003-01-31,1471,1471.TW,上市,7.96654,7.96654,7.96654,7.96654,0
2003-02-03,1471,1471.TW,上市,7.96654,7.96654,7.96654,7.96654,0
2003-02-04,1471,1471.TW,上市,7.96654,7.96654,7.96654,7.96654,0
2003-02-05,1471,1471.TW,上市,7.96654,7.96654,7.96654,7.96654,0
2003-02-06,1471,1471.TW,上市,7.568215,7.900158,7.568215,7.634605,146111
2003-02-07,1471,1471.TW,上市,7.634605,8.132511,7.435443,7.634605,129543
2003-02-10,1471,1471.TW,上市,8.165702,8.165702,7.634605,7.96654,162515
2003-02-11,1471,1471.TW,上市,7.96654,7.96654,7.700987,7.900158,63277
2003-02-12,1471,1471.TW,上市,7.369053,7.866959,7.369053,7.767377,58745
2003-02-13,1471,1471.TW,上市,7.767377,7.96654,7.700987,7.734186,43230
2003-02-14,1471,1471.TW,上市,7.203082,7.800568,7.203082,7.800568,66277
2003-02-17,1471,1471.TW,上市,7.96654,7.96654,7.634605,7.833767,64772
2003-02-18,1471,1471.TW,上市,7.700987,7.833767,7.634605,7.833767,48202
2003-02-19,1471,1471.TW,上市,7.634605,7.634605,7.634605,7.634605,45188
2003-02-20,1471,1471.TW,上市,7.302663,7.634605,7.302663,7.634605,22024
2003-02-21,1471,1471.TW,上市,7.634605,7.634605,7.302663,7.501825,36406
2003-02-24,1471,1471.TW,上市,7.501825,7.501825,7.1035,7.435443,99415
2003-02-25,1471,1471.TW,上市,7.136691,7.369053,6.937529,6.937529,414231
2003-02-26,1471,1471.TW,上市,6.937529,6.937529,6.705176,6.705176,67813
2003-02-27,1471,1471.TW,上市,6.705176,6.705176,6.539204,6.539204,49709
2003-02-28,1471,1471.TW,上市,6.539204,6.539204,6.539204,6.539204,0
2003-03-03,1471,1471.TW,上市,6.738367,6.97072,6.738367,6.97072,36151
2003-03-04,1471,1471.TW,上市,6.97072,7.435443,6.771558,7.435443,265108
2003-03-05,1471,1471.TW,上市,7.501825,7.933349,7.435443,7.634605,881186
2003-03-06,1471,1471.TW,上市,7.468634,7.634605,7.302663,7.302663,100921
2003-03-07,1471,1471.TW,上市,7.16989,7.302663,6.804757,6.804757,177150
2003-03-10,1471,1471.TW,上市,6.837948,7.136691,6.837948,6.97072,259108809
2003-03-11,1471,1471.TW,上市,6.97072,7.236273,6.871139,7.03711,84352789
2003-03-12,1471,1471.TW,上市,7.03711,7.269472,6.904338,6.904338,37658
2003-03-13,1471,1471.TW,上市,6.904338,7.1035,6.904338,7.1035,76820
2003-03-14,1471,1471.TW,上市,7.16989,7.16989,6.837948,7.03711,79850
2003-03-17,1471,1471.TW,上市,6.97072,6.97072,6.837948,6.97072,132554383
2003-03-18,1471,1471.TW,上市,7.435443,7.435443,6.97072,7.269472,108467
2003-03-19,1471,1471.TW,上市,7.767377,7.767377,6.871139,7.236273,391640475
2003-03-20,1471,1471.TW,上市,6.937529,7.203082,6.738367,6.871139,143097
2003-03-21,1471,1471.TW,上市,7.1035,7.1035,6.738367,6.871139,99422
2003-03-24,1471,1471.TW,上市,6.97072,6.97072,6.738367,6.738367,67786
2003-03-25,1471,1471.TW,上市,6.671977,6.937529,6.671977,6.904338,376576
2003-03-26,1471,1471.TW,上市,6.904338,7.003919,6.904338,6.904338,442853
2003-03-27,1471,1471.TW,上市,6.771558,7.03711,6.771558,6.97072,408206618
2003-03-28,1471,1471.TW,上市,7.03711,7.03711,6.904338,7.03711,301267
2003-03-31,1471,1471.TW,上市,6.97072,6.97072,6.904338,6.904338,87365
2003-04-01,1471,1471.TW,上市,7.03711,7.16989,7.03711,7.136691,64776
2003-04-02,1471,1471.TW,上市,7.269472,7.269472,7.03711,7.1035,162681
2003-04-03,1471,1471.TW,上市,7.1035,7.1035,6.97072,7.03711,46697
2003-04-04,1471,1471.TW,上市,7.03711,7.1035,6.937529,7.1035,119010
2003-04-07,1471,1471.TW,上市,6.937529,7.03711,6.937529,7.03711,25607727
2003-04-08,1471,1471.TW,上市,6.97072,7.236273,6.937529,6.937529,305787065
2003-04-09,1471,1471.TW,上市,6.97072,7.03711,6.937529,7.03711,316335581
2003-04-10,1471,1471.TW,上市,7.03711,7.1035,6.97072,7.1035,25608
2003-04-11,1471,1471.TW,上市,7.070309,7.070309,7.003919,7.03711,394730
2003-04-14,1471,1471.TW,上市,7.1035,7.1035,6.937529,6.937529,60345
2003-04-15,1471,1471.TW,上市,6.937529,6.97072,6.904338,6.937529,66277
2003-04-16,1471,1471.TW,上市,7.03711,7.03711,6.937529,7.03711,94896257
2003-04-17,1471,1471.TW,上市,6.97072,7.1035,6.97072,7.1035,67784
2003-04-18,1471,1471.TW,上市,6.97072,7.16989,6.97072,7.16989,100921
2003-04-21,1471,1471.TW,上市,6.97072,7.16989,6.97072,7.16989,119003
2003-04-22,1471,1471.TW,上市,7.236273,7.501825,7.16989,7.369053,244021
2003-04-23,1471,1471.TW,上市,7.402244,7.402244,7.03711,7.1035,87366
2003-04-24,1471,1471.TW,上市,7.03711,7.302663,6.705176,6.771558,96424
2003-04-25,1471,1471.TW,上市,6.506005,6.97072,6.506005,6.97072,153660250
2003-04-28,1471,1471.TW,上市,6.97072,6.97072,6.506005,6.904338,167208
2003-04-29,1471,1471.TW,上市,6.705176,6.804757,6.439623,6.705176,373562
2003-04-30,1471,1471.TW,上市,6.97072,6.97072,6.539204,6.572396,39163
2003-05-01,1471,1471.TW,上市,6.572396,6.572396,6.572396,6.572396,0
2003-05-02,1471,1471.TW,上市,6.638786,6.705176,6.439623,6.705176,36152
2003-05-05,1471,1471.TW,上市,6.671977,6.837948,6.671977,6.771558,15398904894
2003-05-06,1471,1471.TW,上市,6.837948,6.904338,6.738367,6.837948,135566
2003-05-07,1471,1471.TW,上市,6.771558,7.302663,6.771558,7.302663,263604360
2003-05-08,1471,1471.TW,上市,7.800568,7.800568,7.468634,7.800568,2182703
2003-05-09,1471,1471.TW,上市,7.900158,8.198901,7.634605,7.866959,15448271
2003-05-12,1471,1471.TW,上市,7.900158,7.933349,7.568215,7.568215,479003
2003-05-13,1471,1471.TW,上市,7.435443,8.066121,7.435443,7.767377,738426
2003-05-14,1471,1471.TW,上市,7.767377,8.09932,7.700987,7.767377,745693502
2003-05-15,1471,1471.TW,上市,7.667796,7.734186,7.501825,7.734186,186781
2003-05-16,1471,1471.TW,上市,7.734186,7.833767,7.568215,7.568215,88873
2003-05-19,1471,1471.TW,上市,7.601406,7.601406,7.402244,7.402244,99418311
2003-05-20,1471,1471.TW,上市,7.369053,7.634605,7.03711,7.03711,207869
2003-05-21,1471,1471.TW,上市,7.1035,7.1035,6.771558,7.03711,143097
2003-05-22,1471,1471.TW,上市,7.03711,7.1035,6.837948,7.03711,289209
2003-05-23,1471,1471.TW,上市,7.03711,7.302663,6.904338,7.236273,352474
2003-05-26,1471,1471.TW,上市,7.302663,7.468634,7.269472,7.468634,335904
2003-05-27,1471,1471.TW,上市,7.236273,7.501825,7.1035,7.335854,188288
2003-05-28,1471,1471.TW,上市,7.302663,7.302663,7.03711,7.236273,171718178
2003-05-29,1471,1471.TW,上市,7.236273,7.236273,7.1035,7.236273,52723
2003-05-30,1471,1471.TW,上市,7.1035,7.269472,7.1035,7.269472,144604
2003-06-02,1471,1471.TW,上市,7.1035,7.269472,7.1035,7.16989,100921
2003-06-03,1471,1471.TW,上市,7.369053,7.369053,7.136691,7.136691,441346
2003-06-04,1471,1471.TW,上市,7.136691,7.136691,7.136691,7.136691,0
2003-06-05,1471,1471.TW,上市,7.16989,7.203082,7.1035,7.136691,257576
2003-06-06,1471,1471.TW,上市,7.203082,7.203082,7.1035,7.1035,54243
2003-06-09,1471,1471.TW,上市,7.16989,7.203082,7.1035,7.1035,102428
2003-06-10,1471,1471.TW,上市,7.16989,7.203082,7.03711,7.1035,299758
2003-06-11,1471,1471.TW,上市,7.1035,7.435443,7.1035,7.236273,212391
2003-06-12,1471,1471.TW,上市,7.369053,7.501825,7.236273,7.369053,628128
2003-06-13,1471,1471.TW,上市,7.369053,7.800568,7.335854,7.800568,1592159
2003-06-16,1471,1471.TW,上市,7.767377,8.09932,7.767377,8.09932,976286
2003-06-17,1471,1471.TW,上市,8.265283,8.265283,7.900158,7.900158,495888
2003-06-18,1471,1471.TW,上市,7.900158,7.999739,7.900158,7.96654,322349
2003-06-19,1471,1471.TW,上市,7.96654,8.232092,7.900158,8.03293,456415
2003-06-20,1471,1471.TW,上市,7.96654,8.165702,7.96654,8.165702,362703
2003-06-23,1471,1471.TW,上市,8.165702,8.729998,8.165702,8.597226,1263784
2003-06-24,1471,1471.TW,上市,8.630417,8.630417,8.298482,8.298482,819461
2003-06-25,1471,1471.TW,上市,8.298482,8.630417,8.298482,8.497644,986625
2003-06-26,1471,1471.TW,上市,8.630417,8.696807,8.497644,8.597226,1027296
2003-06-27,1471,1471.TW,上市,8.630417,9.194713,8.597226,9.194713,3164736
2003-06-30,1471,1471.TW,上市,9.593045,9.825399,9.327493,9.825399,974784
2003-07-01,1471,1471.TW,上市,10.489276,10.489276,9.161522,9.427074,15490743
2003-07-02,1471,1471.TW,上市,9.626236,9.759016,9.460265,9.559846,5798109
2003-07-03,1471,1471.TW,上市,9.626236,9.891789,9.393883,9.559846,7121785
2003-07-04,1471,1471.TW,上市,9.692626,10.223723,9.626236,10.223723,7298353
2003-07-07,1471,1471.TW,上市,10.422893,10.887608,10.356503,10.821218,3711521
2003-07-08,1471,1471.TW,上市,10.821218,10.887608,10.223723,10.422893,1625300
2003-07-09,1471,1471.TW,上市,10.290113,10.555666,10.024569,10.290113,786303
2003-07-10,1471,1471.TW,上市,10.090951,10.622056,9.891789,9.891789,1721446
2003-07-11,1471,1471.TW,上市,9.427074,9.759016,9.427074,9.460265,1123097
2003-07-14,1471,1471.TW,上市,9.626236,9.858598,9.294294,9.294294,1647893
2003-07-15,1471,1471.TW,上市,9.360684,9.460265,9.261103,9.294294,1598184
2003-07-16,1471,1471.TW,上市,9.294294,9.493464,9.294294,9.393883,560344
2003-07-17,1471,1471.TW,上市,9.393883,9.692626,9.393883,9.393883,1031816
2003-07-18,1471,1471.TW,上市,9.427074,9.460265,8.962359,9.06194,989639
2003-07-21,1471,1471.TW,上市,9.12833,9.294294,9.06194,9.161522,546786
2003-07-22,1471,1471.TW,上市,9.294294,9.526655,9.095131,9.493464,501252
2003-07-23,1471,1471.TW,上市,9.626236,9.626236,9.294294,9.493464,644696
2003-07-24,1471,1471.TW,上市,9.493464,9.958179,9.493464,9.759016,1572577
2003-07-25,1471,1471.TW,上市,9.858598,9.958179,9.526655,9.692626,1104118
2003-07-28,1471,1471.TW,上市,9.792207,9.792207,9.593045,9.626236,751642
2003-07-29,1471,1471.TW,上市,9.759016,9.759016,9.294294,9.393883,453396
2003-07-30,1471,1471.TW,上市,9.593045,9.593045,9.360684,9.427074,367537
2003-07-31,1471,1471.TW,上市,9.559846,9.626236,9.227912,9.460265,742606
2003-08-01,1471,1471.TW,上市,9.593045,9.692626,9.493464,9.493464,1022779
2003-08-04,1471,1471.TW,上市,9.692626,9.692626,9.493464,9.626236,381094
2003-08-05,1471,1471.TW,上市,9.759016,9.759016,9.493464,9.493464,453425
2003-08-06,1471,1471.TW,上市,9.493464,9.626236,9.427074,9.526655,387119
2003-08-07,1471,1471.TW,上市,9.626236,9.626236,9.493464,9.526655,200338
2003-08-08,1471,1471.TW,上市,9.593045,9.593045,9.12833,9.294294,750137
2003-08-11,1471,1471.TW,上市,9.294294,9.493464,9.194713,9.360684,326871
2003-08-12,1471,1471.TW,上市,9.360684,9.360684,8.962359,9.261103,424777
2003-08-13,1471,1471.TW,上市,9.327493,9.327493,9.161522,9.261103,325360
2003-08-14,1471,1471.TW,上市,9.227912,9.261103,9.194713,9.194713,617582
2003-08-15,1471,1471.TW,上市,9.161522,9.194713,9.161522,9.194713,578273
2003-08-18,1471,1471.TW,上市,9.294294,9.825399,9.294294,9.825399,1489880
2003-08-19,1471,1471.TW,上市,10.489276,10.489276,10.090951,10.489276,4078369
2003-08-20,1471,1471.TW,上市,10.622056,10.622056,10.157341,10.290113,1774567
2003-08-21,1471,1471.TW,上市,10.157341,10.422893,10.090951,10.157341,827494
2003-08-22,1471,1471.TW,上市,10.356503,10.422893,10.024569,10.024569,1162864
2003-08-25,1471,1471.TW,上市,10.157341,10.157341,9.825399,9.958179,866124
2003-08-26,1471,1471.TW,上市,10.157341,10.157341,9.427074,9.427074,945956
2003-08-27,1471,1471.TW,上市,9.559846,10.024569,9.559846,9.692626,1441529
2003-08-28,1471,1471.TW,上市,9.725817,10.290113,9.725817,9.825399,2096769
2003-08-29,1471,1471.TW,上市,10.024569,10.090951,9.891789,10.024569,1063447
2003-09-01,1471,1471.TW,上市,10.090951,10.622056,9.958179,10.422893,2418817
2003-09-02,1471,1471.TW,上市,10.489276,10.622056,10.223723,10.223723,891729
2003-09-03,1471,1471.TW,上市,10.223723,10.290113,10.157341,10.157341,1080003
2003-09-04,1471,1471.TW,上市,10.290113,10.688446,10.024569,10.290113,1361845
2003-09-05,1471,1471.TW,上市,10.290113,10.422893,10.157341,10.223723,257576
2003-09-08,1471,1471.TW,上市,10.223723,10.356503,10.157341,10.290113,548173
2003-09-09,1471,1471.TW,上市,10.290113,10.622056,10.157341,10.223723,4701162
2003-09-10,1471,1471.TW,上市,10.157341,10.157341,9.792207,9.792207,1497262
2003-09-11,1471,1471.TW,上市,9.792207,9.792207,9.792207,9.792207,0
2003-09-12,1471,1471.TW,上市,9.792207,9.792207,9.593045,9.692626,1813584
2003-09-15,1471,1471.TW,上市,9.626236,9.825399,9.626236,9.759016,1634335
2003-09-16,1471,1471.TW,上市,9.692626,9.858598,9.692626,9.759016,436828
2003-09-17,1471,1471.TW,上市,10.024569,10.024569,9.759016,9.792207,756162
2003-09-18,1471,1471.TW,上市,9.725817,9.825399,9.626236,9.725817,308792
2003-09-19,1471,1471.TW,上市,9.759016,9.792207,9.692626,9.759016,382600
2003-09-22,1471,1471.TW,上市,9.759016,9.891789,9.692626,9.759016,474676
2003-09-23,1471,1471.TW,上市,9.759016,9.958179,9.759016,9.858598,316338
2003-09-24,1471,1471.TW,上市,9.92498,9.958179,9.825399,9.891789,442859
2003-09-25,1471,1471.TW,上市,9.792207,9.891789,9.792207,9.891789,159667
2003-09-26,1471,1471.TW,上市,9.891789,9.958179,9.759016,9.858598,366104
2003-09-29,1471,1471.TW,上市,9.759016,9.92498,9.759016,9.825399,84354
2003-09-30,1471,1471.TW,上市,9.891789,9.891789,9.725817,9.725817,289209
2003-10-01,1471,1471.TW,上市,9.725817,9.792207,9.659435,9.759016,204856
2003-10-02,1471,1471.TW,上市,9.759016,9.792207,9.725817,9.725817,167198
2003-10-03,1471,1471.TW,上市,9.825399,9.891789,9.659435,9.692626,347954
2003-10-06,1471,1471.TW,上市,9.692626,9.825399,9.692626,9.825399,433814
2003-10-07,1471,1471.TW,上市,9.759016,10.356503,9.759016,10.290113,771225
2003-10-08,1471,1471.TW,上市,10.290113,10.290113,10.024569,10.223723,638744
2003-10-09,1471,1471.TW,上市,10.090951,10.090951,9.958179,10.090951,379588
2003-10-10,1471,1471.TW,上市,10.090951,10.090951,10.090951,10.090951,0
2003-10-13,1471,1471.TW,上市,10.223723,10.688446,10.157341,10.422893,2625479
2003-10-14,1471,1471.TW,上市,10.489276,10.555666,10.290113,10.356503,703441
2003-10-15,1471,1471.TW,上市,10.290113,10.422893,10.157341,10.356503,876666
2003-10-16,1471,1471.TW,上市,10.356503,10.489276,10.290113,10.290113,1479186
2003-10-17,1471,1471.TW,上市,10.356503,10.489276,10.356503,10.356503,394650
2003-10-20,1471,1471.TW,上市,10.489276,10.555666,10.356503,10.422893,950474
2003-10-21,1471,1471.TW,上市,10.489276,10.953998,10.422893,10.953998,1652411
2003-10-22,1471,1471.TW,上市,11.08677,11.08677,10.688446,10.887608,1552994
2003-10-23,1471,1471.TW,上市,10.887608,10.887608,10.754828,10.821218,417245
2003-10-24,1471,1471.TW,上市,10.821218,11.551485,10.821218,11.551485,2928246
2003-10-27,1471,1471.TW,上市,11.94981,12.348142,11.94981,12.348142,2752084
2003-10-28,1471,1471.TW,上市,13.078402,13.211182,12.746467,13.012019,9881126
2003-10-29,1471,1471.TW,上市,13.012019,13.144792,12.812857,13.078402,2298840
2003-10-30,1471,1471.TW,上市,13.144792,13.941449,13.144792,13.941449,3594040
2003-10-31,1471,1471.TW,上市,14.140611,14.738098,14.140611,14.671716,4798735
2003-11-03,1471,1471.TW,上市,14.671716,14.671716,13.675896,13.875059,4312542
2003-11-04,1471,1471.TW,上市,14.074221,14.538936,13.742286,14.538936,3531212
2003-11-05,1471,1471.TW,上市,14.605326,15.070041,14.406164,14.804488,3849666
2003-11-06,1471,1471.TW,上市,14.804488,14.804488,13.808669,13.808669,7273922
2003-11-07,1471,1471.TW,上市,13.742286,13.808669,12.879239,13.144792,3562399
2003-11-10,1471,1471.TW,上市,12.945629,12.945629,12.281752,12.480915,3726585
2003-11-11,1471,1471.TW,上市,11.94981,12.879239,11.94981,12.680077,3740141
2003-11-12,1471,1471.TW,上市,12.746467,13.078402,12.480915,12.480915,1631322
2003-11-13,1471,1471.TW,上市,12.613695,12.680077,12.281752,12.480915,736581
2003-11-14,1471,1471.TW,上市,12.680077,12.945629,12.480915,12.945629,1007715
2003-11-17,1471,1471.TW,上市,12.945629,13.144792,12.945629,13.012019,1022776
2003-11-18,1471,1471.TW,上市,13.012019,13.078402,12.945629,13.078402,598001
2003-11-19,1471,1471.TW,上市,13.144792,13.543116,13.144792,13.211182,1084535
2003-11-20,1471,1471.TW,上市,13.543116,13.543116,13.144792,13.144792,607041
2003-11-21,1471,1471.TW,上市,13.012019,13.343954,13.012019,13.277572,479004
2003-11-24,1471,1471.TW,上市,13.343954,13.343954,12.613695,13.277572,985121
2003-11-25,1471,1471.TW,上市,13.277572,13.277572,13.012019,13.144792,174730
2003-11-26,1471,1471.TW,上市,13.144792,13.144792,12.945629,12.945629,387119
2003-11-27,1471,1471.TW,上市,12.879239,12.945629,12.812857,12.812857,661264
2003-11-28,1471,1471.TW,上市,12.879239,13.144792,12.812857,12.812857,658254
2003-12-01,1471,1471.TW,上市,13.144792,13.144792,12.812857,12.879239,692897
2003-12-02,1471,1471.TW,上市,13.144792,13.144792,12.879239,12.945629,546786
2003-12-03,1471,1471.TW,上市,12.945629,13.078402,12.879239,12.879239,296741
2003-12-04,1471,1471.TW,上市,13.012019,13.410344,13.012019,13.144792,1450415
2003-12-05,1471,1471.TW,上市,13.211182,13.211182,12.879239,12.945629,411220
2003-12-08,1471,1471.TW,上市,12.812857,13.012019,12.613695,12.812857,795326
2003-12-09,1471,1471.TW,上市,12.812857,12.945629,12.547305,12.613695,415740
2003-12-10,1471,1471.TW,上市,12.08259,12.480915,12.08259,12.281752,1171901
2003-12-11,1471,1471.TW,上市,12.281752,12.480915,12.281752,12.414524,265108
2003-12-12,1471,1471.TW,上市,12.547305,12.547305,12.281752,12.348142,198869
2003-12-15,1471,1471.TW,上市,12.348142,12.348142,12.08259,12.148972,373562
2003-12-16,1471,1471.TW,上市,12.148972,12.281752,12.08259,12.281752,224478
2003-12-17,1471,1471.TW,上市,12.613695,12.613695,12.0162,12.215362,349205
2003-12-18,1471,1471.TW,上市,12.281752,12.414524,12.148972,12.215362,146148
2003-12-19,1471,1471.TW,上市,12.0162,12.414524,12.0162,12.215362,176274
2003-12-22,1471,1471.TW,上市,12.281752,12.281752,12.215362,12.215362,156693
2003-12-23,1471,1471.TW,上市,12.215362,12.414524,12.215362,12.414524,293727
2003-12-24,1471,1471.TW,上市,12.414524,13.277572,12.414524,13.277572,2440243
2003-12-25,1471,1471.TW,上市,13.675896,14.074221,13.277572,13.410344,1993385
2003-12-26,1471,1471.TW,上市,13.410344,13.410344,13.012019,13.012019,551343
2003-12-29,1471,1471.TW,上市,13.078402,13.476734,13.078402,13.277572,1027381
2003-12-30,1471,1471.TW,上市,13.277572,13.609506,13.211182,13.277572,472978
2003-12-31,1471,1471.TW,上市,13.343954,13.410344,13.211182,13.343954,301297
2004-01-01,1471,1471.TW,上市,13.343954,13.343954,13.343954,13.343954,0
2004-01-02,1471,1471.TW,上市,13.609506,13.609506,13.277572,13.277572,325360
2004-01-05,1471,1471.TW,上市,13.343954,13.543116,13.277572,13.343954,1066461
2004-01-06,1471,1471.TW,上市,13.343954,13.410344,13.277572,13.277572,923363
2004-01-07,1471,1471.TW,上市,13.277572,13.476734,13.144792,13.277572,692897
2004-01-08,1471,1471.TW,上市,13.277572,13.410344,13.211182,13.343954,551306
2004-01-09,1471,1471.TW,上市,13.277572,13.410344,13.211182,13.211182,513648
2004-01-12,1471,1471.TW,上市,13.211182,13.277572,13.144792,13.211182,519674
2004-01-13,1471,1471.TW,上市,13.211182,13.941449,13.211182,13.609506,1699145
2004-01-14,1471,1471.TW,上市,13.609506,13.875059,13.543116,13.543116,810427
2004-01-15,1471,1471.TW,上市,13.808669,13.808669,13.543116,13.543116,521179
2004-01-16,1471,1471.TW,上市,13.808669,13.808669,13.410344,13.410344,613063
2004-01-19,1471,1471.TW,上市,13.410344,13.410344,13.410344,13.410344,0
2004-01-20,1471,1471.TW,上市,13.410344,13.410344,13.410344,13.410344,0
2004-01-21,1471,1471.TW,上市,13.410344,13.410344,13.410344,13.410344,0
2004-01-22,1471,1471.TW,上市,13.410344,13.410344,13.410344,13.410344,0
2004-01-23,1471,1471.TW,上市,13.410344,13.410344,13.410344,13.410344,0
2004-01-26,1471,1471.TW,上市,13.410344,13.410344,13.410344,13.410344,0
2004-01-27,1471,1471.TW,上市,13.476734,13.675896,13.277572,13.410344,1051397
2004-01-28,1471,1471.TW,上市,13.410344,13.609506,13.343954,13.476734,929387
2004-01-29,1471,1471.TW,上市,13.609506,14.406164,13.476734,14.207001,4344168
2004-01-30,1471,1471.TW,上市,14.207001,15.070041,14.207001,14.538936,5091010
2004-02-02,1471,1471.TW,上市,14.671716,15.136431,14.207001,14.406164,5562767
2004-02-03,1471,1471.TW,上市,14.804488,15.136431,14.406164,15.070041,4063996
2004-02-04,1471,1471.TW,上市,15.070041,15.136431,14.804488,15.070041,1551638
2004-02-05,1471,1471.TW,上市,15.070041,16.065861,15.070041,16.065861,2483889
2004-02-06,1471,1471.TW,上市,16.663347,17.128061,16.596956,17.128061,8101275
2004-02-09,1471,1471.TW,上市,18.323044,18.323044,18.323044,18.323044,2585310
2004-02-10,1471,1471.TW,上市,19.584415,19.584415,18.920538,19.584415,10526098
2004-02-11,1471,1471.TW,上市,19.518024,19.518024,18.25666,18.25666,3701983
2004-02-12,1471,1471.TW,上市,18.25666,18.986921,17.592775,17.99111,6778349
2004-02-13,1471,1471.TW,上市,17.99111,18.654985,17.99111,18.25666,2801599
2004-02-16,1471,1471.TW,上市,18.455824,18.588596,17.99111,18.057491,1459937
2004-02-17,1471,1471.TW,上市,18.057491,18.522205,18.057491,18.25666,1354162
2004-02-18,1471,1471.TW,上市,18.25666,18.588596,18.25666,18.323044,839010
2004-02-19,1471,1471.TW,上市,18.588596,19.518024,18.25666,18.986921,4047578
2004-02-20,1471,1471.TW,上市,19.186083,19.916349,19.05331,19.252474,4118238
2004-02-23,1471,1471.TW,上市,19.849968,19.916349,19.318863,19.518024,1927822
2004-02-24,1471,1471.TW,上市,19.650799,19.849968,19.584415,19.717188,1281863
2004-02-25,1471,1471.TW,上市,19.783579,20.845787,19.783579,20.580235,4161905
2004-02-26,1471,1471.TW,上市,21.244112,21.244112,19.98274,20.513845,2609373
2004-02-27,1471,1471.TW,上市,20.580235,20.779396,20.248293,20.314684,1179319
2004-03-01,1471,1471.TW,上市,20.646618,20.646618,20.049129,20.115513,1485234
2004-03-02,1471,1471.TW,上市,20.115513,20.115513,19.518024,19.717188,1155331
2004-03-03,1471,1471.TW,上市,19.717188,19.717188,18.389435,18.721376,4103612
2004-03-04,1471,1471.TW,上市,18.920538,19.252474,18.455824,18.721376,2247405
2004-03-05,1471,1471.TW,上市,18.920538,19.252474,18.787758,18.854149,1393196
2004-03-08,1471,1471.TW,上市,18.986921,18.986921,17.592775,17.85833,3732615
2004-03-09,1471,1471.TW,上市,17.260841,17.85833,16.663347,16.9289,6722628
2004-03-10,1471,1471.TW,上市,17.260841,18.057491,17.260841,18.057491,3215949
2004-03-11,1471,1471.TW,上市,19.119701,19.318863,18.654985,19.318863,6469906
2004-03-12,1471,1471.TW,上市,19.05331,19.584415,18.588596,19.119701,4658255
2004-03-15,1471,1471.TW,上市,19.584415,19.849968,18.654985,18.721376,2863477
2004-03-16,1471,1471.TW,上市,18.721376,19.252474,18.721376,18.854149,4407318
2004-03-17,1471,1471.TW,上市,18.920538,19.119701,18.721376,18.721376,932401
2004-03-18,1471,1471.TW,上市,18.588596,19.119701,18.25666,18.721376,1363201
2004-03-19,1471,1471.TW,上市,18.920538,18.986921,18.389435,18.455824,1524375
2004-03-22,1471,1471.TW,上市,17.194452,17.194452,17.194452,17.194452,161173
2004-03-23,1471,1471.TW,上市,15.99947,17.128061,15.99947,16.663347,4844261
2004-03-24,1471,1471.TW,上市,16.663347,17.128061,16.132242,16.663347,2726402
2004-03-25,1471,1471.TW,上市,16.729736,16.862509,16.596956,16.729736,890313
2004-03-26,1471,1471.TW,上市,16.729736,16.729736,15.800308,15.93308,1581614
2004-03-29,1471,1471.TW,上市,16.464186,16.995289,16.265022,16.995289,2426678
2004-03-30,1471,1471.TW,上市,17.526394,18.12388,16.995289,17.725557,1694594
2004-03-31,1471,1471.TW,上市,18.12388,18.12388,17.725557,17.791946,1522898
2004-04-01,1471,1471.TW,上市,17.924719,17.924719,17.460005,17.592775,1223115
2004-04-02,1471,1471.TW,上市,17.791946,18.057491,17.592775,17.85833,2405561
2004-04-05,1471,1471.TW,上市,18.455824,18.721376,17.924719,18.522205,2238361
2004-04-06,1471,1471.TW,上市,18.721376,18.920538,18.25666,18.323044,783577
2004-04-07,1471,1471.TW,上市,18.323044,18.389435,17.99111,18.323044,682534
2004-04-08,1471,1471.TW,上市,18.588596,18.588596,18.12388,18.323044,492565
2004-04-09,1471,1471.TW,上市,18.25666,18.25666,17.99111,18.057491,569391
2004-04-12,1471,1471.TW,上市,18.455824,18.588596,18.057491,18.057491,3241590
2004-04-13,1471,1471.TW,上市,18.455824,18.455824,17.924719,17.99111,656930
2004-04-14,1471,1471.TW,上市,17.924719,17.99111,17.592775,17.592775,810419
2004-04-15,1471,1471.TW,上市,17.725557,17.924719,17.526394,17.659166,944449
2004-04-16,1471,1471.TW,上市,17.924719,18.057491,17.725557,17.725557,652831
2004-04-19,1471,1471.TW,上市,17.924719,18.12388,17.659166,17.791946,667606
2004-04-20,1471,1471.TW,上市,18.057491,18.057491,17.526394,17.592775,384117
2004-04-21,1471,1471.TW,上市,17.592775,18.787758,17.327232,18.721376,4403403
2004-04-22,1471,1471.TW,上市,19.05331,19.518024,18.455824,18.854149,5510044
2004-04-23,1471,1471.TW,上市,18.986921,19.252474,18.654985,18.654985,1922038
2004-04-26,1471,1471.TW,上市,18.654985,18.986921,18.323044,18.721376,1643460
2004-04-27,1471,1471.TW,上市,18.920538,18.920538,18.389435,18.920538,1019779
2004-04-28,1471,1471.TW,上市,18.588596,18.920538,18.522205,18.522205,900767
2004-04-29,1471,1471.TW,上市,18.522205,18.721376,18.12388,18.25666,692897
2004-04-30,1471,1471.TW,上市,18.12388,18.190271,17.128061,18.190271,1504792
2004-05-03,1471,1471.TW,上市,18.057491,18.854149,17.592775,18.787758,1471655
2004-05-04,1471,1471.TW,上市,18.787758,19.186083,18.057491,18.057491,2200704
2004-05-05,1471,1471.TW,上市,17.659166,17.99111,16.796127,16.796127,1870824
2004-05-06,1471,1471.TW,上市,16.796127,17.194452,16.065861,16.596956,1271317
2004-05-07,1471,1471.TW,上市,16.596956,16.796127,16.265022,16.596956,463955
2004-05-10,1471,1471.TW,上市,16.596956,16.596956,15.468365,16.132242,757668
2004-05-11,1471,1471.TW,上市,15.601145,16.132242,15.00365,15.93308,1342112
2004-05-12,1471,1471.TW,上市,16.265022,16.729736,15.601145,16.596956,1361996
2004-05-13,1471,1471.TW,上市,16.596956,16.596956,15.93308,15.99947,381094
2004-05-14,1471,1471.TW,上市,16.132242,16.132242,15.468365,15.93308,375069
2004-05-17,1471,1471.TW,上市,15.070041,15.468365,14.870878,14.937268,450385
2004-05-18,1471,1471.TW,上市,13.941449,14.937268,13.941449,13.941449,923362
2004-05-19,1471,1471.TW,上市,14.273383,14.738098,14.007831,14.738098,563356
2004-05-20,1471,1471.TW,上市,14.738098,14.738098,14.074221,14.074221,430801
2004-05-21,1471,1471.TW,上市,14.074221,14.738098,14.074221,14.472554,512141
2004-05-24,1471,1471.TW,上市,14.605326,15.401983,14.472554,15.269203,691390
2004-05-25,1471,1471.TW,上市,15.269203,15.733918,14.937268,15.136431,662771
2004-05-26,1471,1471.TW,上市,15.601145,15.601145,14.937268,15.136431,424776
2004-05-27,1471,1471.TW,上市,15.335593,15.335593,14.804488,14.937268,402181
2004-05-28,1471,1471.TW,上市,15.269203,15.601145,14.738098,15.601145,801356
2004-05-31,1471,1471.TW,上市,15.269203,15.667535,14.937268,15.070041,683860
2004-06-01,1471,1471.TW,上市,14.870878,15.136431,14.472554,14.937268,262126
2004-06-02,1471,1471.TW,上市,14.671716,14.804488,14.538936,14.738098,237997
2004-06-03,1471,1471.TW,上市,14.738098,15.136431,14.273383,14.605326,463940
2004-06-04,1471,1471.TW,上市,14.605326,14.605326,14.339773,14.605326,459422
2004-06-07,1471,1471.TW,上市,14.605326,15.202821,14.605326,15.00365,591976
2004-06-08,1471,1471.TW,上市,15.00365,15.468365,15.00365,15.468365,1330094
2004-06-09,1471,1471.TW,上市,15.468365,15.733918,15.070041,15.335593,1072487
2004-06-10,1471,1471.TW,上市,15.401983,15.401983,14.937268,15.136431,194313
2004-06-11,1471,1471.TW,上市,15.136431,15.136431,14.738098,14.804488,322362
2004-06-14,1471,1471.TW,上市,15.00365,15.00365,14.207001,14.937268,302795
2004-06-15,1471,1471.TW,上市,14.472554,14.605326,14.339773,14.605326,275652
2004-06-16,1471,1471.TW,上市,14.738098,14.738098,14.339773,14.738098,253058
2004-06-17,1471,1471.TW,上市,14.738098,15.070041,14.406164,14.605326,429317
2004-06-18,1471,1471.TW,上市,14.605326,14.738098,14.074221,14.406164,640178
2004-06-21,1471,1471.TW,上市,14.273383,14.937268,14.273383,14.738098,775743
2004-06-22,1471,1471.TW,上市,14.738098,14.738098,14.738098,14.738098,0
2004-06-23,1471,1471.TW,上市,14.738098,15.335593,14.738098,15.335593,1140301
2004-06-24,1471,1471.TW,上市,15.136431,15.534755,15.136431,15.335593,635659
2004-06-25,1471,1471.TW,上市,15.269203,15.601145,15.136431,15.601145,662771
2004-06-28,1471,1471.TW,上市,15.468365,15.733918,14.937268,14.937268,573902
2004-06-29,1471,1471.TW,上市,14.937268,15.070041,14.738098,15.00365,494081
2004-06-30,1471,1471.TW,上市,15.070041,15.269203,14.870878,15.070041,469965
2004-07-01,1471,1471.TW,上市,14.738098,15.269203,14.738098,15.202821,218427
2004-07-02,1471,1471.TW,上市,15.00365,15.136431,14.804488,15.00365,168705
2004-07-05,1471,1471.TW,上市,15.00365,15.00365,14.671716,14.937268,102428
2004-07-06,1471,1471.TW,上市,14.605326,15.00365,14.605326,14.937268,57240
2004-07-07,1471,1471.TW,上市,14.605326,14.870878,14.605326,14.870878,88878
2004-07-08,1471,1471.TW,上市,14.671716,15.00365,14.339773,14.605326,236489
2004-07-09,1471,1471.TW,上市,14.406164,14.937268,14.339773,14.738098,274161
2004-07-12,1471,1471.TW,上市,14.738098,14.870878,14.472554,14.870878,182262
2004-07-13,1471,1471.TW,上市,14.804488,14.804488,14.406164,14.406164,138579
2004-07-14,1471,1471.TW,上市,14.339773,14.538936,14.207001,14.339773,69289
2004-07-15,1471,1471.TW,上市,14.273383,14.406164,13.808669,14.406164,442852
2004-07-16,1471,1471.TW,上市,14.074221,14.605326,14.074221,14.605326,421765
2004-07-19,1471,1471.TW,上市,14.472554,14.472554,14.273383,14.339773,99415
2004-07-20,1471,1471.TW,上市,14.074221,14.074221,13.343954,13.343954,483522
2004-07-21,1471,1471.TW,上市,12.414524,13.211182,12.414524,13.012019,168705
2004-07-22,1471,1471.TW,上市,12.879239,12.879239,12.348142,12.746467,423270
2004-07-23,1471,1471.TW,上市,12.746467,12.746467,12.480915,12.680077,126553
2004-07-26,1471,1471.TW,上市,12.348142,12.613695,12.348142,12.613695,48210
2004-07-27,1471,1471.TW,上市,12.613695,12.680077,12.613695,12.680077,155152
2004-07-28,1471,1471.TW,上市,12.746467,12.812857,12.613695,12.613695,155148
2004-07-29,1471,1471.TW,上市,12.547305,12.613695,12.281752,12.547305,96403
2004-07-30,1471,1471.TW,上市,12.547305,12.680077,12.480915,12.613695,73809
2004-08-02,1471,1471.TW,上市,12.613695,12.613695,12.148972,12.414524,96403
2004-08-03,1471,1471.TW,上市,12.281752,12.281752,12.148972,12.215362,73809
2004-08-04,1471,1471.TW,上市,12.215362,12.348142,11.94981,12.348142,131047
2004-08-05,1471,1471.TW,上市,12.281752,12.613695,12.148972,12.547305,308793
2004-08-06,1471,1471.TW,上市,12.480915,12.680077,12.348142,12.414524,253058
2004-08-09,1471,1471.TW,上市,12.348142,12.348142,12.148972,12.281752,45190
2004-08-10,1471,1471.TW,上市,12.281752,12.281752,12.08259,12.08259,37658
2004-08-11,1471,1471.TW,上市,12.148972,12.215362,11.94981,11.94981,126882
2004-08-12,1471,1471.TW,上市,11.94981,11.94981,11.94981,11.94981,73809
2004-08-13,1471,1471.TW,上市,11.94981,12.08259,11.94981,12.08259,58745
2004-08-16,1471,1471.TW,上市,11.94981,12.148972,11.94981,11.94981,60251
2004-08-17,1471,1471.TW,上市,11.94981,12.08259,11.817038,12.08259,456408
2004-08-18,1471,1471.TW,上市,11.817038,12.0162,11.684257,11.817038,48201
2004-08-19,1471,1471.TW,上市,11.750647,12.08259,11.750647,12.08259,234982
2004-08-20,1471,1471.TW,上市,12.281752,12.812857,12.215362,12.613695,376574
2004-08-23,1471,1471.TW,上市,12.680077,12.812857,12.680077,12.812857,195917
2004-08-24,1471,1471.TW,上市,12.812857,12.812857,12.812857,12.812857,0
2004-08-25,1471,1471.TW,上市,12.812857,12.812857,12.812857,12.812857,0
2004-08-26,1471,1471.TW,上市,12.812857,12.945629,12.680077,12.812857,314882
2004-08-27,1471,1471.TW,上市,12.812857,12.812857,12.348142,12.613695,218497
2004-08-30,1471,1471.TW,上市,12.613695,12.613695,12.414524,12.547305,113038
2004-08-31,1471,1471.TW,上市,12.547305,12.680077,12.348142,12.547305,79873
2004-09-01,1471,1471.TW,上市,12.547305,12.613695,12.348142,12.547305,149123
2004-09-02,1471,1471.TW,上市,12.613695,12.613695,12.547305,12.613695,102428
2004-09-03,1471,1471.TW,上市,12.613695,12.879239,12.547305,12.613695,158206
2004-09-06,1471,1471.TW,上市,12.613695,12.680077,12.480915,12.613695,152202
2004-09-07,1471,1471.TW,上市,12.613695,12.945629,12.613695,12.746467,220004
2004-09-08,1471,1471.TW,上市,12.945629,12.945629,12.746467,12.879239,64666
2004-09-09,1471,1471.TW,上市,12.812857,12.879239,12.746467,12.879239,84437
2004-09-10,1471,1471.TW,上市,12.879239,13.078402,12.746467,13.012019,143289
2004-09-13,1471,1471.TW,上市,13.078402,13.875059,13.078402,13.875059,882776
2004-09-14,1471,1471.TW,上市,13.941449,14.804488,13.941449,14.273383,1467136
2004-09-15,1471,1471.TW,上市,14.339773,15.136431,14.273383,15.136431,985120
2004-09-16,1471,1471.TW,上市,15.070041,15.202821,14.937268,14.937268,795326
2004-09-17,1471,1471.TW,上市,14.937268,15.136431,14.472554,14.937268,454902
2004-09-20,1471,1471.TW,上市,14.937268,14.937268,14.339773,14.804488,305778
2004-09-21,1471,1471.TW,上市,14.870878,14.870878,14.605326,14.870878,451889
2004-09-22,1471,1471.TW,上市,14.870878,15.00365,14.804488,15.00365,257579
2004-09-23,1471,1471.TW,上市,15.269203,15.269203,15.00365,15.00365,617447
2004-09-24,1471,1471.TW,上市,15.00365,15.534755,14.937268,15.202821,991145
2004-09-27,1471,1471.TW,上市,15.202821,15.401983,14.937268,15.00365,468488
2004-09-28,1471,1471.TW,上市,15.00365,15.00365,15.00365,15.00365,0
2004-09-29,1471,1471.TW,上市,15.00365,15.136431,14.870878,15.070041,260591
2004-09-30,1471,1471.TW,上市,15.269203,15.269203,14.804488,15.070041,281793
2004-10-01,1471,1471.TW,上市,15.202821,15.269203,14.870878,14.870878,360020
2004-10-04,1471,1471.TW,上市,14.870878,15.202821,14.738098,15.136431,810389
2004-10-05,1471,1471.TW,上市,15.136431,15.335593,14.870878,14.937268,599507
2004-10-06,1471,1471.TW,上市,15.00365,15.00365,14.738098,14.937268,347954
2004-10-07,1471,1471.TW,上市,14.804488,15.070041,14.605326,14.870878,173223
2004-10-08,1471,1471.TW,上市,14.671716,14.870878,14.605326,14.870878,146111
2004-10-11,1471,1471.TW,上市,15.00365,15.269203,14.870878,14.870878,665784
2004-10-12,1471,1471.TW,上市,15.070041,15.136431,14.605326,14.804488,375069
2004-10-13,1471,1471.TW,上市,14.605326,15.00365,14.605326,14.671716,230464
2004-10-14,1471,1471.TW,上市,14.605326,14.738098,14.538936,14.671716,250045
2004-10-15,1471,1471.TW,上市,14.605326,14.671716,14.472554,14.671716,82845
2004-10-18,1471,1471.TW,上市,14.804488,14.804488,13.941449,14.538936,102428
2004-10-19,1471,1471.TW,上市,14.538936,14.538936,13.941449,14.538936,507623
2004-10-20,1471,1471.TW,上市,14.472554,14.538936,14.007831,14.538936,360007
2004-10-21,1471,1471.TW,上市,14.273383,14.738098,14.140611,14.339773,272642
2004-10-22,1471,1471.TW,上市,14.472554,14.472554,13.609506,13.609506,706455
2004-10-25,1471,1471.TW,上市,13.609506,13.609506,13.609506,13.609506,0
2004-10-26,1471,1471.TW,上市,13.609506,13.609506,12.945629,13.543116,400675
2004-10-27,1471,1471.TW,上市,13.543116,13.609506,13.277572,13.609506,256070
2004-10-28,1471,1471.TW,上市,13.543116,13.609506,13.343954,13.343954,69289
2004-10-29,1471,1471.TW,上市,13.343954,13.343954,13.012019,13.277572,70795
2004-11-01,1471,1471.TW,上市,13.277572,13.343954,13.144792,13.277572,70795
2004-11-02,1471,1471.TW,上市,13.012019,13.211182,12.680077,12.680077,212388
2004-11-03,1471,1471.TW,上市,12.945629,13.012019,12.945629,12.945629,131516
2004-11-04,1471,1471.TW,上市,12.945629,13.078402,12.746467,13.078402,201846
2004-11-05,1471,1471.TW,上市,12.945629,13.343954,12.215362,12.879239,781768
2004-11-08,1471,1471.TW,上市,12.613695,12.879239,12.613695,12.613695,84352
2004-11-09,1471,1471.TW,上市,12.746467,13.012019,12.746467,12.812857,103936
2004-11-10,1471,1471.TW,上市,12.945629,12.945629,12.812857,12.879239,167198
2004-11-11,1471,1471.TW,上市,12.879239,13.211182,12.746467,12.945629,119012
2004-11-12,1471,1471.TW,上市,13.078402,13.078402,12.746467,12.746467,131047
2004-11-15,1471,1471.TW,上市,12.613695,12.812857,12.414524,12.613695,463940
2004-11-16,1471,1471.TW,上市,12.613695,13.277572,12.613695,13.211182,988133
2004-11-17,1471,1471.TW,上市,13.410344,13.941449,13.211182,13.808669,1218597
2004-11-18,1471,1471.TW,上市,13.875059,14.074221,13.675896,13.808669,527204
2004-11-19,1471,1471.TW,上市,13.808669,14.406164,13.543116,13.875059,1408389
2004-11-22,1471,1471.TW,上市,13.675896,14.007831,13.609506,13.808669,405195
2004-11-23,1471,1471.TW,上市,13.941449,14.074221,13.675896,13.675896,248540
2004-11-24,1471,1471.TW,上市,13.675896,13.941449,13.410344,13.742286,495573
2004-11-25,1471,1471.TW,上市,13.742286,13.742286,13.675896,13.675896,80873
2004-11-26,1471,1471.TW,上市,13.808669,13.808669,13.277572,13.277572,233475
2004-11-29,1471,1471.TW,上市,13.277572,13.410344,12.746467,13.144792,225944
2004-11-30,1471,1471.TW,上市,12.945629,12.945629,12.746467,12.879239,93390
2004-12-01,1471,1471.TW,上市,12.879239,12.879239,12.613695,12.812857,328999
2004-12-02,1471,1471.TW,上市,12.680077,12.680077,12.547305,12.613695,158162
2004-12-03,1471,1471.TW,上市,12.547305,12.879239,12.547305,12.746467,634152
2004-12-06,1471,1471.TW,上市,12.613695,12.746467,12.613695,12.746467,84352
2004-12-07,1471,1471.TW,上市,12.680077,12.680077,12.480915,12.480915,115985
2004-12-08,1471,1471.TW,上市,12.547305,12.680077,12.547305,12.547305,123516
2004-12-09,1471,1471.TW,上市,12.680077,12.812857,12.680077,12.680077,227454
2004-12-10,1471,1471.TW,上市,12.680077,12.680077,12.613695,12.680077,197324
2004-12-13,1471,1471.TW,上市,12.746467,13.012019,12.680077,12.945629,381094
2004-12-14,1471,1471.TW,上市,12.945629,13.078402,12.746467,12.879239,448877
2004-12-15,1471,1471.TW,上市,12.879239,13.211182,12.879239,12.945629,647708
2004-12-16,1471,1471.TW,上市,13.012019,13.808669,13.012019,13.543116,832984
2004-12-17,1471,1471.TW,上市,13.609506,13.808669,13.410344,13.675896,795326
2004-12-20,1471,1471.TW,上市,13.609506,13.609506,13.277572,13.609506,486534
2004-12-21,1471,1471.TW,上市,13.476734,13.941449,13.476734,13.941449,561850
2004-12-22,1471,1471.TW,上市,13.941449,14.207001,13.543116,14.007831,924869
2004-12-23,1471,1471.TW,上市,14.273383,14.273383,13.609506,13.875059,572393
2004-12-24,1471,1471.TW,上市,13.742286,13.941449,13.543116,13.875059,572393
2004-12-27,1471,1471.TW,上市,13.941449,13.941449,13.609506,13.742286,140107
2004-12-28,1471,1471.TW,上市,13.742286,13.742286,13.543116,13.543116,195818
2004-12-29,1471,1471.TW,上市,13.543116,13.941449,13.543116,13.543116,771267
2004-12-30,1471,1471.TW,上市,13.609506,13.675896,13.476734,13.543116,153642
2004-12-31,1471,1471.TW,上市,13.675896,13.675896,13.543116,13.609506,230796
2005-01-03,1471,1471.TW,上市,13.808669,13.808669,13.543116,13.742286,236489
2005-01-04,1471,1471.TW,上市,13.675896,13.675896,13.410344,13.543116,140086
2005-01-05,1471,1471.TW,上市,13.277572,13.543116,13.277572,13.343954,78327
2005-01-06,1471,1471.TW,上市,13.277572,13.343954,13.277572,13.277572,96403
2005-01-07,1471,1471.TW,上市,13.343954,13.476734,13.078402,13.277572,242514
2005-01-10,1471,1471.TW,上市,13.277572,13.343954,13.144792,13.211182,112971
2005-01-11,1471,1471.TW,上市,13.277572,13.609506,13.211182,13.410344,221425
2005-01-12,1471,1471.TW,上市,13.277572,13.277572,13.078402,13.078402,54226
2005-01-13,1471,1471.TW,上市,13.078402,13.078402,12.879239,12.879239,161173
2005-01-14,1471,1471.TW,上市,12.879239,12.945629,12.680077,12.680077,299753
2005-01-17,1471,1471.TW,上市,12.879239,12.945629,12.746467,12.812857,117491
2005-01-18,1471,1471.TW,上市,12.879239,12.879239,12.480915,12.613695,543774
2005-01-19,1471,1471.TW,上市,12.879239,12.879239,12.348142,12.414524,241007
2005-01-20,1471,1471.TW,上市,12.414524,12.547305,12.281752,12.414524,126529
2005-01-21,1471,1471.TW,上市,12.480915,12.480915,12.215362,12.414524,108319
2005-01-24,1471,1471.TW,上市,12.08259,12.281752,12.08259,12.148972,76820
2005-01-25,1471,1471.TW,上市,12.08259,12.281752,12.0162,12.215362,432307
2005-01-26,1471,1471.TW,上市,12.281752,12.281752,12.08259,12.08259,144604
2005-01-27,1471,1471.TW,上市,12.148972,12.148972,11.817038,11.817038,185274
2005-01-28,1471,1471.TW,上市,11.750647,11.750647,11.02038,11.02038,1500274
2005-01-31,1471,1471.TW,上市,10.356503,10.821218,10.290113,10.290113,1363803
2005-02-01,1471,1471.TW,上市,9.692626,10.754828,9.692626,10.290113,2958824
2005-02-02,1471,1471.TW,上市,10.290113,10.422893,9.626236,9.792207,3714535
2005-02-03,1471,1471.TW,上市,9.891789,10.157341,9.759016,10.024569,1539438
2005-02-04,1471,1471.TW,上市,10.024569,10.024569,10.024569,10.024569,0
2005-02-07,1471,1471.TW,上市,10.024569,10.024569,10.024569,10.024569,0
2005-02-08,1471,1471.TW,上市,10.024569,10.024569,10.024569,10.024569,0
2005-02-09,1471,1471.TW,上市,10.024569,10.024569,10.024569,10.024569,0
2005-02-10,1471,1471.TW,上市,10.024569,10.024569,10.024569,10.024569,0
2005-02-11,1471,1471.TW,上市,10.024569,10.024569,10.024569,10.024569,0
2005-02-14,1471,1471.TW,上市,10.223723,10.422893,10.157341,10.223723,1227633
2005-02-15,1471,1471.TW,上市,10.489276,10.887608,10.489276,10.887608,1620778
2005-02-16,1471,1471.TW,上市,11.485095,11.617875,11.285933,11.617875,1103710
2005-02-17,1471,1471.TW,上市,12.414524,12.414524,11.352323,11.94981,8229368
2005-02-18,1471,1471.TW,上市,12.281752,12.281752,11.617875,11.617875,2564475
2005-02-21,1471,1471.TW,上市,11.684257,12.215362,11.684257,11.94981,1923545
2005-02-22,1471,1471.TW,上市,11.94981,11.94981,11.684257,11.750647,1021603
2005-02-23,1471,1471.TW,上市,11.617875,12.281752,11.551485,11.94981,1552994
2005-02-24,1471,1471.TW,上市,11.94981,12.281752,11.817038,11.88342,1191482
2005-02-25,1471,1471.TW,上市,11.94981,12.08259,11.817038,11.817038,816414
2005-02-28,1471,1471.TW,上市,11.817038,11.817038,11.817038,11.817038,0
2005-03-01,1471,1471.TW,上市,12.08259,12.08259,11.817038,11.817038,280925
2005-03-02,1471,1471.TW,上市,11.817038,11.94981,11.617875,11.750647,616077
2005-03-03,1471,1471.TW,上市,11.617875,11.684257,11.518294,11.651066,413209
2005-03-04,1471,1471.TW,上市,11.551485,11.916619,11.551485,11.651066,640178
2005-03-07,1471,1471.TW,上市,11.817038,12.215362,11.684257,12.0162,1851243
2005-03-08,1471,1471.TW,上市,12.281752,12.846048,12.08259,12.846048,3592526
2005-03-09,1471,1471.TW,上市,12.879239,12.945629,12.480915,12.746467,4029353
2005-03-10,1471,1471.TW,上市,12.812857,13.543116,12.812857,13.111601,4157507
2005-03-11,1471,1471.TW,上市,13.410344,13.808669,13.111601,13.476734,2864982
2005-03-14,1471,1471.TW,上市,13.476734,13.543116,13.078402,13.078402,1626803
2005-03-15,1471,1471.TW,上市,13.078402,13.144792,12.414524,12.547305,1700613
2005-03-16,1471,1471.TW,上市,12.613695,12.97882,12.547305,12.680077,729049
2005-03-17,1471,1471.TW,上市,12.613695,12.846048,12.547305,12.680077,450473
2005-03-18,1471,1471.TW,上市,12.746467,12.746467,12.348142,12.680077,477678
2005-03-21,1471,1471.TW,上市,12.680077,12.746467,12.480915,12.680077,857086
2005-03-22,1471,1471.TW,上市,12.812857,13.078402,12.680077,12.680077,1086042
2005-03-23,1471,1471.TW,上市,12.680077,12.779658,12.547305,12.613695,400675
2005-03-24,1471,1471.TW,上市,12.945629,13.012019,12.646886,12.680077,924868
2005-03-25,1471,1471.TW,上市,12.746467,12.812857,12.547305,12.680077,475990
2005-03-28,1471,1471.TW,上市,12.879239,13.012019,12.746467,12.812857,549813
2005-03-29,1471,1471.TW,上市,12.746467,12.879239,12.148972,12.348142,754659
2005-03-30,1471,1471.TW,上市,12.414524,12.547305,12.0162,12.281752,542269
2005-03-31,1471,1471.TW,上市,12.348142,12.480915,12.215362,12.215362,436876
2005-04-01,1471,1471.TW,上市,12.281752,12.348142,11.783839,12.08259,805869
2005-04-04,1471,1471.TW,上市,11.94981,11.94981,11.617875,11.617875,491053
2005-04-05,1471,1471.TW,上市,11.617875,11.617875,11.617875,11.617875,0
2005-04-06,1471,1471.TW,上市,11.684257,11.684257,11.285933,11.285933,839009
2005-04-07,1471,1471.TW,上市,11.319132,11.684257,11.02038,11.684257,680847
2005-04-08,1471,1471.TW,上市,11.684257,11.94981,11.684257,11.817038,588965
2005-04-11,1471,1471.TW,上市,11.94981,11.94981,11.285933,11.352323,387119
2005-04-12,1471,1471.TW,上市,11.485095,11.916619,11.485095,11.684257,512141
2005-04-13,1471,1471.TW,上市,11.916619,11.916619,11.684257,11.717456,180763
2005-04-14,1471,1471.TW,上市,11.817038,12.281752,11.817038,12.0162,509129
2005-04-15,1471,1471.TW,上市,12.0162,12.148972,11.684257,12.148972,682354
2005-04-18,1471,1471.TW,上市,12.08259,12.348142,11.94981,12.248561,1227785
2005-04-19,1471,1471.TW,上市,12.348142,13.012019,12.215362,12.580496,1656929
2005-04-20,1471,1471.TW,上市,12.680077,12.713268,11.94981,12.547305,2739958
2005-04-21,1471,1471.TW,上市,12.480915,12.613695,12.348142,12.580496,726036
2005-04-22,1471,1471.TW,上市,12.680077,12.680077,12.381333,12.514106,635658
2005-04-25,1471,1471.TW,上市,12.381333,12.414524,12.248561,12.314943,420257
2005-04-26,1471,1471.TW,上市,12.314943,12.480915,12.248561,12.281752,533230
2005-04-27,1471,1471.TW,上市,12.314943,12.480915,12.314943,12.314943,274146
2005-04-28,1471,1471.TW,上市,12.381333,12.414524,12.215362,12.348142,218414
2005-04-29,1471,1471.TW,上市,12.348142,12.348142,12.148972,12.148972,411220
2005-05-02,1471,1471.TW,上市,12.148972,12.148972,12.148972,12.148972,0
2005-05-03,1471,1471.TW,上市,12.148972,12.281752,11.817038,12.148972,668797
2005-05-04,1471,1471.TW,上市,12.148972,12.182171,11.983009,12.08259,661264
2005-05-05,1471,1471.TW,上市,12.281752,12.314943,11.94981,12.08259,1040852
2005-05-06,1471,1471.TW,上市,11.94981,12.049391,11.783839,11.817038,673808
2005-05-09,1471,1471.TW,上市,11.817038,11.850229,11.684257,11.817038,527204
2005-05-10,1471,1471.TW,上市,11.817038,11.916619,11.617875,11.783839,494066
2005-05-11,1471,1471.TW,上市,11.817038,12.0162,11.817038,11.94981,831483
2005-05-12,1471,1471.TW,上市,11.94981,12.746467,11.94981,12.680077,2804730
2005-05-13,1471,1471.TW,上市,12.680077,12.680077,12.381333,12.480915,727542
2005-05-16,1471,1471.TW,上市,12.480915,12.945629,12.447724,12.879239,2523051
2005-05-17,1471,1471.TW,上市,13.012019,13.04521,12.613695,12.646886,1265367
2005-05-18,1471,1471.TW,上市,12.646886,12.945629,12.514106,12.812857,1443035
2005-05-19,1471,1471.TW,上市,12.812857,12.846048,12.580496,12.713268,2821300
2005-05-20,1471,1471.TW,上市,12.713268,12.713268,12.414524,12.547305,1185457
2005-05-23,1471,1471.TW,上市,12.646886,12.779658,12.547305,12.680077,1563539
2005-05-24,1471,1471.TW,上市,12.680077,13.343954,12.680077,13.277572,4199563
2005-05-25,1471,1471.TW,上市,13.675896,14.207001,13.476734,13.875059,7924643
2005-05-26,1471,1471.TW,上市,13.941449,14.605326,13.808669,14.605326,4725263
2005-05-27,1471,1471.TW,上市,15.00365,15.601145,14.804488,15.534755,5858000
2005-05-30,1471,1471.TW,上市,16.132242,16.596956,15.601145,16.596956,12785472
2005-05-31,1471,1471.TW,上市,16.9289,17.692358,16.663347,17.625975,10518490
2005-06-01,1471,1471.TW,上市,17.725557,18.190271,17.460005,17.924719,11711485
2005-06-02,1471,1471.TW,上市,17.924719,18.688177,17.659166,18.588596,12028180
2005-06-03,1471,1471.TW,上市,18.588596,18.920538,18.323044,18.455824,9864004
2005-06-06,1471,1471.TW,上市,18.389435,18.887339,18.090691,18.489016,5775906
2005-06-07,1471,1471.TW,上市,18.323044,18.489016,17.85833,18.25666,5049116
2005-06-08,1471,1471.TW,上市,18.25666,19.518024,18.190271,19.518024,10523011
2005-06-09,1471,1471.TW,上市,19.916349,20.878979,19.916349,20.779396,13726370
2005-06-10,1471,1471.TW,上市,21.244112,21.841599,20.01594,21.210913,15550104
2005-06-13,1471,1471.TW,上市,21.576048,22.671448,21.443274,22.671448,14749463
2005-06-14,1471,1471.TW,上市,23.899628,24.231564,23.235743,23.235743,23389250
2005-06-15,1471,1471.TW,上市,23.302134,24.862247,22.97019,24.795858,24521627
2005-06-16,1471,1471.TW,上市,24.795858,26.223202,24.297953,26.223202,20749279
2005-06-17,1471,1471.TW,上市,26.223202,26.887079,25.891258,26.223202,16725043
2005-06-20,1471,1471.TW,上市,26.223202,26.223202,24.895439,25.160992,11145111
2005-06-21,1471,1471.TW,上市,24.895439,25.625708,24.663086,25.160992,9292378
2005-06-22,1471,1471.TW,上市,25.160992,25.957649,25.094603,25.625708,9571036
2005-06-23,1471,1471.TW,上市,25.692097,25.891258,25.260572,25.725288,6845165
2005-06-24,1471,1471.TW,上市,25.692097,25.725288,24.397533,24.596697,6969651
2005-06-27,1471,1471.TW,上市,24.231564,25.360153,23.368523,24.364344,9227592
2005-06-28,1471,1471.TW,上市,24.364344,25.393353,24.098789,25.160992,7203125
2005-06-29,1471,1471.TW,上市,25.559317,25.559317,24.629887,24.629887,3913366
2005-06-30,1471,1471.TW,上市,24.629887,25.028219,24.231564,24.231564,3105990
2005-07-01,1471,1471.TW,上市,24.165173,24.165173,23.169361,23.966009,4637896
2005-07-04,1471,1471.TW,上市,23.966009,24.829048,23.700459,24.563505,4202576
2005-07-05,1471,1471.TW,上市,24.563505,25.094603,24.297953,24.596697,4006757
2005-07-06,1471,1471.TW,上市,24.663086,25.758488,24.663086,25.559317,7668613
2005-07-07,1471,1471.TW,上市,25.758488,25.758488,25.094603,25.260572,3331835
2005-07-08,1471,1471.TW,上市,25.559317,26.123619,25.127802,25.160992,9861345
2005-07-11,1471,1471.TW,上市,25.625708,26.920271,25.625708,26.920271,12942128
2005-07-12,1471,1471.TW,上市,28.214832,28.779129,27.617346,28.646357,21982179
2005-07-13,1471,1471.TW,上市,28.214832,29.608976,28.214832,29.01149,9546929
2005-07-14,1471,1471.TW,上市,29.144262,29.542587,28.779129,28.779129,6981861
2005-07-15,1471,1471.TW,上市,28.779129,29.144262,28.347612,28.347612,4182081
2005-07-18,1471,1471.TW,上市,28.347612,28.347612,28.347612,28.347612,0
2005-07-19,1471,1471.TW,上市,28.347612,30.306053,28.281223,30.306053,10648034
2005-07-20,1471,1471.TW,上市,30.538406,31.102711,29.741756,30.07369,7004805
2005-07-21,1471,1471.TW,上市,30.206472,30.538406,28.480385,29.210651,8405152
2005-07-22,1471,1471.TW,上市,29.144262,29.144262,27.185822,27.185822,6626212
2005-07-25,1471,1471.TW,上市,26.887079,27.185822,25.990841,27.019852,3744661
2005-07-26,1471,1471.TW,上市,27.550957,27.94928,27.053049,27.285402,5292579
2005-07-27,1471,1471.TW,上市,27.882898,27.882898,27.152632,27.650537,3430297
2005-07-28,1471,1471.TW,上市,27.882898,29.575787,27.750118,29.210651,10202947
2005-07-29,1471,1471.TW,上市,29.608976,30.206472,28.878717,29.409815,10519997
2005-08-01,1471,1471.TW,上市,29.741756,30.07369,28.546776,28.679546,6062857
2005-08-02,1471,1471.TW,上市,29.077871,29.077871,26.687916,26.687916,5880594
2005-08-03,1471,1471.TW,上市,24.829048,26.621527,24.829048,25.891258,6709059
2005-08-04,1471,1471.TW,上市,25.891258,27.219021,25.459743,26.223202,4603252
2005-08-05,1471,1471.TW,上市,26.223202,26.223202,26.223202,26.223202,0
2005-08-08,1471,1471.TW,上市,25.891258,26.422363,25.492933,26.223202,3398212
2005-08-09,1471,1471.TW,上市,26.05723,26.05723,24.629887,25.227383,3589511
2005-08-10,1471,1471.TW,上市,25.758488,25.758488,24.696278,25.293764,4475216
2005-08-11,1471,1471.TW,上市,27.588161,28.760458,27.353699,27.588161,5585167
2005-08-12,1471,1471.TW,上市,27.744471,28.135233,25.673405,25.673405,4074064
2005-08-15,1471,1471.TW,上市,25.009098,25.634323,23.914948,23.914948,4114982
2005-08-16,1471,1471.TW,上市,24.071257,25.55617,23.914948,25.438942,5285756
2005-08-17,1471,1471.TW,上市,25.360788,25.438942,24.813717,25.39987,3610266
2005-08-18,1471,1471.TW,上市,25.712479,25.712479,24.14941,24.618326,3724722
2005-08-19,1471,1471.TW,上市,24.227566,25.04817,24.071257,24.227566,4767544
2005-08-22,1471,1471.TW,上市,24.774635,24.774635,23.75864,24.14941,3562876
2005-08-23,1471,1471.TW,上市,24.696482,25.243561,24.227566,24.774635,9313730
2005-08-24,1471,1471.TW,上市,24.774635,25.165407,23.993101,23.993101,2518123
2005-08-25,1471,1471.TW,上市,23.75864,24.14941,22.547262,23.524185,4471972
2005-08-26,1471,1471.TW,上市,23.524185,24.14941,23.133415,23.446032,3379695
2005-08-29,1471,1471.TW,上市,23.133415,23.524185,22.039265,22.117418,2748439
2005-08-30,1471,1471.TW,上市,22.586344,22.586344,21.023268,21.335884,4054844
2005-08-31,1471,1471.TW,上市,21.570347,22.820807,21.492193,22.820807,7825633
2005-09-01,1471,1471.TW,上市,22.820807,22.820807,22.820807,22.820807,0
2005-09-02,1471,1471.TW,上市,23.367876,24.383873,23.367876,24.383873,7874254
2005-09-05,1471,1471.TW,上市,24.579254,24.618326,23.954029,24.383873,3331907
2005-09-06,1471,1471.TW,上市,24.618326,25.55617,24.462019,24.774635,6459089
2005-09-07,1471,1471.TW,上市,25.009098,25.087254,24.227566,24.227566,3145095
2005-09-08,1471,1471.TW,上市,24.227566,25.39987,24.227566,24.774635,4786740
2005-09-09,1471,1471.TW,上市,25.009098,25.360788,24.696482,24.774635,3505924
2005-09-12,1471,1471.TW,上市,25.165407,25.282635,24.735563,24.813717,2281409
2005-09-13,1471,1471.TW,上市,24.891863,25.204479,24.305719,24.305719,2640958
2005-09-14,1471,1471.TW,上市,24.305719,24.540182,23.211569,23.446032,2789403
2005-09-15,1471,1471.TW,上市,23.446032,23.446032,22.351881,22.508188,2367139
2005-09-16,1471,1471.TW,上市,22.390963,22.977106,21.922037,22.742643,2658872
2005-09-19,1471,1471.TW,上市,23.133415,23.993101,22.938032,23.524185,3783583
2005-09-20,1471,1471.TW,上市,23.563257,24.930944,23.211569,24.540182,3690177
2005-09-21,1471,1471.TW,上市,24.383873,25.243561,24.14941,24.305719,3479214
2005-09-22,1471,1471.TW,上市,24.071257,24.696482,23.914948,24.422947,2325136
2005-09-23,1471,1471.TW,上市,24.852791,25.165407,23.05526,23.680494,4392641
2005-09-26,1471,1471.TW,上市,23.836794,24.071257,23.524185,23.680494,1642922
2005-09-27,1471,1471.TW,上市,23.836794,24.071257,23.211569,23.485104,1251384
2005-09-28,1471,1471.TW,上市,23.485104,24.071257,23.446032,23.836794,1608374
2005-09-29,1471,1471.TW,上市,26.048538,26.95121,26.048538,26.822256,2122863
2005-09-30,1471,1471.TW,上市,27.381054,27.42404,26.478382,26.478382,2247327
2005-10-03,1471,1471.TW,上市,26.65032,27.33807,26.306444,27.33807,3453579
2005-10-04,1471,1471.TW,上市,28.197758,29.229383,28.197758,29.229383,19379129
2005-10-05,1471,1471.TW,上市,29.573257,31.206665,29.573257,30.776821,25114932
2005-10-06,1471,1471.TW,上市,30.690851,31.980385,30.346977,30.862789,17038744
2005-10-07,1471,1471.TW,上市,30.948759,31.378601,30.690851,31.163679,7038602
2005-10-10,1471,1471.TW,上市,28.330614,28.330614,28.330614,28.330614,0
2005-10-11,1471,1471.TW,上市,31.722479,32.152321,31.292633,31.292633,6815265
2005-10-12,1471,1471.TW,上市,31.292633,31.292633,30.089071,30.518915,3676916
2005-10-13,1471,1471.TW,上市,30.132055,31.378601,29.659227,31.378601,6936239
2005-10-14,1471,1471.TW,上市,32.797089,33.570805,32.324261,32.668133,19579201
2005-10-17,1471,1471.TW,上市,32.754105,33.269917,30.776821,30.776821,9139364
2005-10-18,1471,1471.TW,上市,30.991743,32.066353,30.561899,31.378601,10946997
2005-10-19,1471,1471.TW,上市,30.432945,30.905773,29.659227,30.346977,5860267
2005-10-20,1471,1471.TW,上市,30.776821,32.281277,30.776821,32.238289,15437000
2005-10-21,1471,1471.TW,上市,31.722479,32.582165,31.722479,31.894415,6873425
2005-10-24,1471,1471.TW,上市,31.894415,32.238289,30.862789,31.120695,3914211
2005-10-25,1471,1471.TW,上市,31.894415,31.980385,30.647867,30.948759,5109994
2005-10-26,1471,1471.TW,上市,30.948759,30.948759,28.79954,28.79954,5386839
2005-10-27,1471,1471.TW,上市,28.369696,28.756556,27.080164,27.510008,4641220
2005-10-28,1471,1471.TW,上市,27.510008,28.369696,27.510008,28.197758,4907595
2005-10-31,1471,1471.TW,上市,28.79954,29.573257,28.455664,29.573257,7002542
2005-11-01,1471,1471.TW,上市,30.089071,30.518915,29.10043,29.315351,8430968
2005-11-02,1471,1471.TW,上市,29.659227,29.702211,28.71357,29.315351,6078951
2005-11-03,1471,1471.TW,上市,29.573257,30.647867,29.444305,29.573257,11611192
2005-11-04,1471,1471.TW,上市,30.175039,30.346977,29.659227,29.659227,5910285
2005-11-07,1471,1471.TW,上市,29.659227,29.745195,29.057446,29.057446,3454742
2005-11-08,1471,1471.TW,上市,29.186399,29.358335,28.498648,28.498648,2041438
2005-11-09,1471,1471.TW,上市,28.369696,30.046085,28.369696,30.046085,7139801
2005-11-10,1471,1471.TW,上市,30.046085,31.636509,29.960117,30.518915,17336527
2005-11-11,1471,1471.TW,上市,31.120695,31.378601,30.604883,30.948759,10395634
2005-11-14,1471,1471.TW,上市,31.464571,33.097977,31.206665,33.097977,21260044
2005-11-15,1471,1471.TW,上市,33.097977,33.269917,32.410229,33.012009,11797306
2005-11-16,1471,1471.TW,上市,33.012009,35.161228,33.012009,34.129604,21961462
2005-11-17,1471,1471.TW,上市,34.817352,34.817352,33.742744,34.473476,9952450
2005-11-18,1471,1471.TW,上市,34.90332,35.67704,34.043633,34.817352,15664989
2005-11-21,1471,1471.TW,上市,34.90332,35.591072,34.602432,35.247196,11891526
2005-11-22,1471,1471.TW,上市,34.989292,35.720024,34.387508,34.387508,7534130
2005-11-23,1471,1471.TW,上市,34.473476,34.989292,33.441853,34.387508,10221152
2005-11-24,1471,1471.TW,上市,34.387508,35.118244,34.043633,34.473476,7301488
2005-11-25,1471,1471.TW,上市,34.645416,35.07526,34.30154,34.387508,6289492
2005-11-28,1471,1471.TW,上市,34.516464,35.763008,34.516464,35.505104,16945687
2005-11-29,1471,1471.TW,上市,35.505104,35.505104,33.957664,33.957664,5861430
2005-11-30,1471,1471.TW,上市,33.957664,34.645416,33.957664,34.344524,6004505
2005-12-01,1471,1471.TW,上市,34.387508,34.559448,33.742744,33.871696,3222100
2005-12-02,1471,1471.TW,上市,34.387508,34.559448,33.355885,33.441853,6852488
2005-12-05,1471,1471.TW,上市,33.957664,34.817352,33.441853,34.645416,9675606
2005-12-06,1471,1471.TW,上市,34.559448,35.505104,34.043633,34.215572,11786837
2005-12-07,1471,1471.TW,上市,34.215572,34.559448,33.613792,33.613792,5678806
2005-12-08,1471,1471.TW,上市,33.140961,33.957664,32.840073,33.957664,6517482
2005-12-09,1471,1471.TW,上市,33.527821,35.247196,33.527821,35.247196,9149833
2005-12-12,1471,1471.TW,上市,35.84898,36.880604,35.634056,36.106884,18583491
2005-12-13,1471,1471.TW,上市,36.794636,38.599979,36.6227,38.599979,21123948
2005-12-14,1471,1471.TW,上市,39.115791,39.373699,37.912228,38.943855,7645799
2005-12-15,1471,1471.TW,上市,39.115791,39.545635,38.471027,38.471027,6548889
2005-12-16,1471,1471.TW,上市,38.642963,39.459667,38.471027,38.471027,7359648
2005-12-19,1471,1471.TW,上市,38.943855,39.244743,38.256104,38.256104,4388802
2005-12-20,1471,1471.TW,上市,37.82626,39.416683,37.82626,38.685947,4408577
2005-12-21,1471,1471.TW,上市,38.943855,39.717575,38.943855,38.943855,5190256
2005-12-22,1471,1471.TW,上市,35.79427,36.341347,35.403507,35.911503,4739395
2005-12-23,1471,1471.TW,上市,39.631603,39.889511,38.814899,39.545635,5382186
2005-12-26,1471,1471.TW,上市,36.028721,36.145966,35.403507,35.520733,3715767725
2005-12-27,1471,1471.TW,上市,38.685947,39.287731,38.342072,38.342072,3431478
2005-12-28,1471,1471.TW,上市,37.82626,38.857887,37.82626,38.170135,2468338
2005-12-29,1471,1471.TW,上市,38.857887,40.835167,38.857887,40.835167,7680695
2005-12-30,1471,1471.TW,上市,42.253651,42.898418,41.007107,41.093075,19569896
2006-01-02,1471,1471.TW,上市,41.093075,43.41423,40.835167,42.941402,10487528
2006-01-03,1471,1471.TW,上市,43.41423,44.617794,42.984386,42.984386,11782184
2006-01-04,1471,1471.TW,上市,43.500198,44.273918,42.210667,43.41423,10614318
2006-01-05,1471,1471.TW,上市,43.844074,44.875702,43.500198,43.586166,7876115
2006-01-06,1471,1471.TW,上市,43.844074,44.101982,42.554543,43.156326,4764520
2006-01-09,1471,1471.TW,上市,43.758106,44.617794,42.984386,43.070354,6215047
2006-01-10,1471,1471.TW,上市,43.070354,43.672138,42.726482,43.41423,2774263
2006-01-11,1471,1471.TW,上市,43.586166,44.273918,43.156326,43.500198,5662521
2006-01-12,1471,1471.TW,上市,44.01601,45.477482,43.328262,43.328262,8483312
2006-01-13,1471,1471.TW,上市,43.41423,43.844074,42.382607,42.554543,3054597
2006-01-16,1471,1471.TW,上市,42.382607,43.930042,42.382607,43.844074,5388002
2006-01-17,1471,1471.TW,上市,44.359886,44.359886,42.984386,42.984386,3692038
2006-01-18,1471,1471.TW,上市,42.210667,42.81245,39.975479,39.975479,6719881
2006-01-19,1471,1471.TW,上市,40.147415,40.663231,37.82626,39.545635,6275534
2006-01-20,1471,1471.TW,上市,39.803543,40.405323,38.943855,39.201759,3194182
2006-01-23,1471,1471.TW,上市,36.536728,37.82626,36.536728,36.966572,3115084
2006-01-24,1471,1471.TW,上市,37.396416,37.82626,36.966572,37.482384,4103815
2006-01-25,1471,1471.TW,上市,37.998199,37.998199,36.192856,36.364792,3768810
2006-02-03,1471,1471.TW,上市,37.052544,37.482384,36.6227,37.396416,2020501
2006-02-06,1471,1471.TW,上市,37.396416,38.428043,36.966572,38.256104,2447400
2006-02-07,1471,1471.TW,上市,38.943855,39.416683,38.256104,38.771915,3186040
2006-02-08,1471,1471.TW,上市,38.771915,38.943855,37.82626,38.514011,1483096
2006-02-09,1471,1471.TW,上市,38.943855,39.029823,37.912228,37.912228,1394692
2006-02-10,1471,1471.TW,上市,37.82626,38.21312,36.45076,36.966572,1516829
2006-02-13,1471,1471.TW,上市,37.052544,37.654324,36.6227,36.83762,1138785
2006-02-14,1471,1471.TW,上市,36.923588,39.373699,36.83762,39.373699,3586185
2006-02-15,1471,1471.TW,上市,39.545635,39.631603,38.814899,38.857887,3857214
2006-02-16,1471,1471.TW,上市,39.115791,39.545635,38.857887,39.115791,2420646
2006-02-17,1471,1471.TW,上市,39.631603,39.631603,38.256104,38.514011,2222900
2006-02-20,1471,1471.TW,上市,38.514011,39.029823,37.82626,38.514011,1074808
2006-02-21,1471,1471.TW,上市,38.685947,39.072807,37.912228,37.955215,1628498
2006-02-22,1471,1471.TW,上市,37.955215,38.170135,35.763008,36.751652,2312467
2006-02-23,1471,1471.TW,上市,36.708668,36.751652,35.591072,36.23584,1962340
2006-02-24,1471,1471.TW,上市,36.23584,37.181496,36.106884,37.052544,1160886
2006-02-27,1471,1471.TW,上市,36.536728,38.514011,36.364792,37.912228,1618029
2006-03-01,1471,1471.TW,上市,37.654324,40.405323,37.568356,40.147415,5455469
2006-03-02,1471,1471.TW,上市,40.835167,41.007107,39.803543,40.061447,3580369
2006-03-03,1471,1471.TW,上市,40.749199,41.436951,39.631603,40.061447,4310867
2006-03-06,1471,1471.TW,上市,40.835167,40.835167,39.545635,40.190403,2238021
2006-03-07,1471,1471.TW,上市,40.190403,41.093075,39.717575,40.663231,2764957
2006-03-08,1471,1471.TW,上市,41.093075,41.179043,39.846527,40.577263,2384586
2006-03-09,1471,1471.TW,上市,40.577263,40.706215,39.201759,39.287731,3657141
2006-03-10,1471,1471.TW,上市,39.287731,39.502651,37.869244,38.342072,3533841
2006-03-13,1471,1471.TW,上市,38.342072,39.545635,38.256104,39.158775,3673426
2006-03-14,1471,1471.TW,上市,39.158775,39.416683,38.256104,38.256104,2105415
2006-03-15,1471,1471.TW,上市,38.771915,38.943855,38.21312,38.900871,1870446
2006-03-16,1471,1471.TW,上市,38.986839,40.663231,38.943855,38.943855,7425952
2006-03-17,1471,1471.TW,上市,38.943855,39.545635,38.685947,39.115791,2163576
2006-03-20,1471,1471.TW,上市,39.588619,39.889511,38.685947,38.685947,2063539
2006-03-21,1471,1471.TW,上市,38.685947,39.029823,37.009556,37.482384,3281423
2006-03-22,1471,1471.TW,上市,37.052544,37.82626,37.009556,37.138512,1932096
2006-03-23,1471,1471.TW,上市,37.482384,37.998199,36.966572,37.052544,3059250
2006-03-24,1471,1471.TW,上市,37.052544,37.267464,36.192856,36.364792,1526135
2006-03-27,1471,1471.TW,上市,36.364792,36.751652,36.106884,36.364792,1529625
2006-03-28,1471,1471.TW,上市,36.536728,37.61134,36.536728,37.353432,4199199
2006-03-29,1471,1471.TW,上市,37.396416,37.396416,36.579712,37.052544,3538494
2006-03-30,1471,1471.TW,上市,37.482384,38.342072,36.665684,36.665684,7370117
2006-03-31,1471,1471.TW,上市,36.278824,37.267464,36.278824,36.794636,6987420
2006-04-03,1471,1471.TW,上市,36.966572,38.256104,36.966572,37.740292,9922207
2006-04-04,1471,1471.TW,上市,38.084167,38.084167,37.052544,37.482384,3182550
2006-04-06,1471,1471.TW,上市,37.482384,37.912228,37.095528,37.912228,3783932
2006-04-07,1471,1471.TW,上市,37.912228,38.21312,37.310448,37.568356,6604723
2006-04-10,1471,1471.TW,上市,37.568356,37.568356,36.23584,36.536728,5739293
2006-04-11,1471,1471.TW,上市,36.45076,36.880604,36.192856,36.751652,4567937
2006-04-12,1471,1471.TW,上市,36.6227,37.568356,36.364792,37.052544,5462448
2006-04-13,1471,1471.TW,上市,37.568356,38.685947,37.22448,37.61134,9529041
2006-04-14,1471,1471.TW,上市,37.998199,38.170135,37.396416,37.4394,3253506
2006-04-17,1471,1471.TW,上市,37.568356,37.783276,36.751652,36.83762,3795564
2006-04-18,1471,1471.TW,上市,36.83762,37.22448,36.579712,36.880604,2297345
2006-04-19,1471,1471.TW,上市,37.267464,38.514011,37.267464,37.869244,10986547
2006-04-20,1471,1471.TW,上市,38.084167,38.299088,37.396416,37.4394,3972372
2006-04-21,1471,1471.TW,上市,37.955215,39.545635,37.740292,37.783276,12390545
2006-04-24,1471,1471.TW,上市,37.783276,38.428043,37.482384,37.82626,5618318
2006-04-25,1471,1471.TW,上市,37.82626,38.685947,37.568356,37.61134,5897490
2006-04-26,1471,1471.TW,上市,37.61134,37.82626,36.106884,37.22448,4835476
2006-04-27,1471,1471.TW,上市,37.181496,38.041183,36.536728,36.708668,11248270
2006-04-28,1471,1471.TW,上市,36.708668,37.267464,34.172588,34.172588,10258375
2006-05-02,1471,1471.TW,上市,31.808447,31.808447,31.808447,31.808447,1521482
2006-05-03,1471,1471.TW,上市,29.616243,30.948759,29.616243,30.518915,14757683
2006-05-04,1471,1471.TW,上市,30.089071,31.378601,30.089071,30.175039,6246454
2006-05-05,1471,1471.TW,上市,30.432945,30.518915,29.229383,29.315351,4914575
2006-05-08,1471,1471.TW,上市,29.315351,29.315351,27.295086,27.510008,5283313
2006-05-09,1471,1471.TW,上市,27.510008,28.455664,26.392412,28.369696,5284476
2006-05-10,1471,1471.TW,上市,29.229383,30.346977,29.229383,30.346977,9026533
2006-05-11,1471,1471.TW,上市,30.948759,31.163679,30.175039,30.346977,5991710
2006-05-12,1471,1471.TW,上市,30.089071,30.948759,29.917133,29.917133,3058087
2006-05-15,1471,1471.TW,上市,29.272367,30.003101,29.229383,29.229383,1600581
2006-05-16,1471,1471.TW,上市,29.229383,30.003101,29.229383,29.659227,2097273
2006-05-17,1471,1471.TW,上市,29.917133,30.518915,29.401321,29.401321,2160086
2006-05-18,1471,1471.TW,上市,26.415857,26.884783,26.181395,26.415857,1750402
2006-05-19,1471,1471.TW,上市,26.415857,26.962936,26.415857,26.533092,1333274
2006-05-22,1471,1471.TW,上市,29.917133,30.175039,29.401321,29.702211,2932460
2006-05-23,1471,1471.TW,上市,29.573257,29.917133,28.541634,28.71357,1243474
2006-05-24,1471,1471.TW,上市,28.79954,29.229383,27.896868,27.939852,1429588
2006-05-25,1471,1471.TW,上市,28.02582,28.756556,27.681946,27.939852,1626171
2006-05-26,1471,1471.TW,上市,28.369696,28.928492,27.939852,28.154774,1676189
2006-05-29,1471,1471.TW,上市,25.712479,25.868786,24.774635,25.009098,777956
2006-05-30,1471,1471.TW,上市,28.283728,28.455664,27.252102,27.510008,707233
2006-06-01,1471,1471.TW,上市,27.853884,27.853884,27.123148,27.252102,941039
2006-06-02,1471,1471.TW,上市,27.510008,27.595976,26.736288,26.822256,1041075
2006-06-05,1471,1471.TW,上市,26.478382,27.080164,24.973928,25.016912,2988294
2006-06-06,1471,1471.TW,上市,24.930944,25.274818,23.340523,24.157225,2455542
2006-06-07,1471,1471.TW,上市,23.985289,23.985289,22.781725,22.781725,1905342
2006-06-08,1471,1471.TW,上市,22.179943,22.179943,21.191303,21.191303,3889784
2006-06-09,1471,1471.TW,上市,20.976381,21.492193,20.202662,21.492193,2411340
2006-06-12,1471,1471.TW,上市,21.449209,22.308897,21.062349,22.222927,1904179
2006-06-13,1471,1471.TW,上市,21.922037,22.308897,21.492193,21.750099,1167865
2006-06-14,1471,1471.TW,上市,22.008005,22.953663,21.836067,22.953663,3501271
2006-06-15,1471,1471.TW,上市,22.953663,23.426491,22.609787,22.781725,3387276
2006-06-16,1471,1471.TW,上市,23.211569,23.555445,22.437851,22.437851,2226389
2006-06-19,1471,1471.TW,上市,22.523819,22.781725,21.707115,21.750099,908469
2006-06-20,1471,1471.TW,上市,21.750099,21.750099,20.632505,20.675489,1456342
2006-06-21,1471,1471.TW,上市,20.718473,21.191303,20.245646,20.28863,1281860
2006-06-22,1471,1471.TW,上市,20.632505,21.707115,20.632505,21.707115,2092620
2006-06-23,1471,1471.TW,上市,22.351881,23.211569,21.750099,23.211569,4643546
2006-06-26,1471,1471.TW,上市,23.641413,23.942303,23.211569,23.641413,2696327
2006-06-27,1471,1471.TW,上市,22.437851,23.942303,22.437851,23.383507,3166265
2006-06-28,1471,1471.TW,上市,22.953663,23.727381,22.781725,23.641413,1470301
2006-06-29,1471,1471.TW,上市,24.243195,24.243195,23.641413,23.813351,1360959
2006-06-30,1471,1471.TW,上市,24.071257,24.200211,23.469475,23.813351,3600144
2006-07-03,1471,1471.TW,上市,23.555445,23.813351,22.781725,22.781725,1659905
2006-07-04,1471,1471.TW,上市,22.781725,23.297539,22.609787,22.781725,1750635
2006-07-05,1471,1471.TW,上市,22.480833,23.082617,22.480833,22.867695,846819
2006-07-06,1471,1471.TW,上市,22.953663,23.985289,22.867695,23.899319,3224426
2006-07-07,1471,1471.TW,上市,23.899319,23.985289,23.383507,23.426491,936386
2006-07-10,1471,1471.TW,上市,23.211569,23.340523,22.953663,23.125601,628135
2006-07-11,1471,1471.TW,上市,22.953663,23.555445,22.953663,23.039631,801453
2006-07-12,1471,1471.TW,上市,23.211569,23.383507,22.953663,23.082617,849145
2006-07-13,1471,1471.TW,上市,22.953663,23.082617,22.781725,22.781725,521119
2006-07-14,1471,1471.TW,上市,22.351881,22.523819,22.179943,22.265911,582769
2006-07-17,1471,1471.TW,上市,22.008005,22.179943,20.976381,20.976381,1067829
2006-07-18,1471,1471.TW,上市,20.976381,21.836067,20.976381,21.836067,743293
2006-07-19,1471,1471.TW,上市,22.008005,22.351881,21.836067,21.922037,589749
2006-07-20,1471,1471.TW,上市,22.351881,22.609787,22.179943,22.394865,711886
2006-07-21,1471,1471.TW,上市,22.179943,22.523819,22.008005,22.480833,702580
2006-07-24,1471,1471.TW,上市,22.480833,22.953663,22.179943,22.953663,799127
2006-07-25,1471,1471.TW,上市,23.555445,23.555445,23.125601,23.125601,1048054
2006-07-26,1471,1471.TW,上市,21.023268,21.101431,20.866968,20.945122,623133
2006-07-27,1471,1471.TW,上市,20.945122,21.570347,20.945122,21.570347,1417724
2006-07-28,1471,1471.TW,上市,23.684397,23.985289,23.383507,23.684397,1109705
2006-07-31,1471,1471.TW,上市,23.985289,24.243195,23.813351,24.071257,1977462
2006-08-01,1471,1471.TW,上市,23.985289,24.157225,23.813351,23.856335,752598
2006-08-02,1471,1471.TW,上市,23.770367,24.028273,23.641413,24.028273,970119
2006-08-03,1471,1471.TW,上市,24.071257,25.403772,24.071257,25.360788,5092546
2006-08-04,1471,1471.TW,上市,25.721857,26.951212,25.343594,26.856646,7288058
2006-08-07,1471,1471.TW,上市,26.762079,27.944151,26.762079,27.802301,5728295
2006-08-08,1471,1471.TW,上市,28.180565,28.369696,27.613171,28.369696,2556953
2006-08-09,1471,1471.TW,上市,28.369696,30.355574,28.085999,30.355574,4558737
2006-08-10,1471,1471.TW,上市,30.544704,31.821342,30.544704,31.63221,5840386
2006-08-11,1471,1471.TW,上市,31.679493,32.152321,31.348513,32.105038,4030004
2006-08-14,1471,1471.TW,上市,32.105038,32.43602,31.868624,32.388737,2802285
2006-08-15,1471,1471.TW,上市,32.341454,32.341454,31.679493,32.010471,1716267
2006-08-16,1471,1471.TW,上市,32.152321,32.341454,31.348513,31.63221,3343708
2006-08-17,1471,1471.TW,上市,31.679493,32.057755,30.781118,31.63221,3102606
2006-08-18,1471,1471.TW,上市,31.63221,31.821342,31.206665,31.726776,1474108
2006-08-21,1471,1471.TW,上市,31.821342,32.341454,30.261007,31.017534,3917913
2006-08-22,1471,1471.TW,上市,31.017534,31.206665,30.261007,31.017534,1230890
2006-08-23,1471,1471.TW,上市,30.781118,31.064816,30.355574,30.733837,1315488
2006-08-24,1471,1471.TW,上市,30.639271,31.206665,30.30829,31.017534,1072270
2006-08-25,1471,1471.TW,上市,31.017534,31.443079,30.733837,30.733837,1167442
2006-08-28,1471,1471.TW,上市,30.733837,30.733837,29.835463,29.882746,1011995
2006-08-29,1471,1471.TW,上市,29.97731,30.733837,29.882746,29.882746,1469878
2006-08-30,1471,1471.TW,上市,30.071877,30.639271,30.071877,30.639271,904133
2006-08-31,1471,1471.TW,上市,31.017534,31.395796,30.261007,30.828402,1535441
2006-09-01,1471,1471.TW,上市,30.733837,31.017534,30.544704,30.875685,1145236
2006-09-04,1471,1471.TW,上市,31.017534,33.00341,30.875685,33.00341,4796667
2006-09-05,1471,1471.TW,上市,33.00341,33.570805,32.341454,33.334393,4064900
2006-09-06,1471,1471.TW,上市,33.097977,33.523521,32.246887,32.43602,2289414
2006-09-07,1471,1471.TW,上市,32.152321,32.719715,31.679493,32.719715,1323947
2006-09-08,1471,1471.TW,上市,32.719715,32.908848,32.341454,32.719715,917880
2006-09-11,1471,1471.TW,上市,30.45014,30.544704,30.45014,30.45014,2254518
2006-09-12,1471,1471.TW,上市,28.322412,28.322412,28.322412,28.322412,670433
2006-09-13,1471,1471.TW,上市,26.383818,26.951212,26.383818,26.383818,6706451
2006-09-14,1471,1471.TW,上市,26.336535,26.478382,24.634352,25.059896,6657808
2006-09-15,1471,1471.TW,上市,25.059896,25.485443,24.587069,24.587069,2255575
2006-09-18,1471,1471.TW,上市,25.059896,25.721857,24.870766,25.532726,3497041
2006-09-19,1471,1471.TW,上市,25.390877,25.43816,24.870766,25.10718,1318660
2006-09-20,1471,1471.TW,上市,24.965332,25.910988,24.870766,25.485443,2246058
2006-09-21,1471,1471.TW,上市,25.485443,25.76914,24.870766,25.343594,1373648
2006-09-22,1471,1471.TW,上市,25.059896,25.343594,24.870766,25.059896,626020
2006-09-25,1471,1471.TW,上市,25.059896,25.816423,24.965332,25.816423,1764911
2006-09-26,1471,1471.TW,上市,25.958271,26.194685,25.532726,25.532726,1083903
2006-09-27,1471,1471.TW,上市,25.532726,26.005554,25.10718,25.10718,1027857
2006-09-28,1471,1471.TW,上市,25.532726,25.532726,24.870766,24.870766,866064
2006-09-29,1471,1471.TW,上市,24.965332,25.201746,24.965332,25.059896,769835
2006-10-02,1471,1471.TW,上市,25.059896,25.485443,25.059896,25.154463,474802
2006-10-03,1471,1471.TW,上市,25.154463,25.816423,25.154463,25.627291,849145
2006-10-04,1471,1471.TW,上市,25.721857,25.721857,24.870766,24.870766,939030
2006-10-05,1471,1471.TW,上市,25.343594,25.532726,24.776199,25.343594,988731
2006-10-09,1471,1471.TW,上市,25.343594,25.343594,25.343594,25.343594,0
2006-10-11,1471,1471.TW,上市,24.587069,25.154463,24.587069,24.870766,482204
2006-10-12,1471,1471.TW,上市,25.154463,26.572948,25.154463,26.572948,2206932
2006-10-13,1471,1471.TW,上市,27.802301,27.991432,27.045776,27.329473,4925678
2006-10-16,1471,1471.TW,上市,27.234907,27.707735,26.714796,26.714796,1580912
2006-10-17,1471,1471.TW,上市,27.140343,27.660454,26.856646,27.187626,1263672
2006-10-18,1471,1471.TW,上市,26.667515,27.09306,26.667515,26.951212,714847
2006-10-19,1471,1471.TW,上市,27.234907,28.085999,26.998493,27.944151,2184725
2006-10-20,1471,1471.TW,上市,28.038715,28.93709,27.565887,27.565887,2457551
2006-10-23,1471,1471.TW,上市,27.707735,27.707735,27.234907,27.234907,816364
2006-10-24,1471,1471.TW,上市,27.42404,27.518604,27.045776,27.045776,847030
2006-10-25,1471,1471.TW,上市,27.045776,27.187626,26.667515,26.667515,627077
2006-10-26,1471,1471.TW,上市,26.903929,27.045776,26.289251,26.383818,915765
2006-10-27,1471,1471.TW,上市,26.478382,26.667515,26.005554,26.289251,815306
2006-10-30,1471,1471.TW,上市,26.289251,26.289251,25.816423,26.241968,701100
2006-10-31,1471,1471.TW,上市,26.005554,27.42404,26.005554,27.42404,1379993
2006-11-01,1471,1471.TW,上市,27.42404,27.896868,27.140343,27.471321,1384223
2006-11-02,1471,1471.TW,上市,27.234907,27.613171,26.951212,27.613171,831168
2006-11-03,1471,1471.TW,上市,27.42404,27.755018,27.329473,27.329473,988731
2006-11-06,1471,1471.TW,上市,26.762079,27.09306,26.572948,26.667515,712732
2006-11-07,1471,1471.TW,上市,26.856646,27.896868,26.762079,26.951212,1423349
2006-11-08,1471,1471.TW,上市,26.951212,27.896868,26.951212,27.09306,1040546
2006-11-09,1471,1471.TW,上市,27.234907,27.613171,26.951212,27.09306,584778
2006-11-10,1471,1471.TW,上市,27.140343,27.28219,26.478382,27.28219,771950
2006-11-13,1471,1471.TW,上市,27.187626,27.28219,26.667515,26.667515,342619
2006-11-14,1471,1471.TW,上市,26.667515,27.045776,26.383818,26.478382,702157
2006-11-15,1471,1471.TW,上市,26.525665,27.707735,26.478382,26.951212,1130431
2006-11-16,1471,1471.TW,上市,26.856646,27.234907,26.667515,26.951212,462112
2006-11-17,1471,1471.TW,上市,27.28219,27.28219,26.951212,26.951212,491721
2006-11-20,1471,1471.TW,上市,27.991432,27.991432,27.42404,27.42404,1528038
2006-11-21,1471,1471.TW,上市,27.42404,28.038715,27.42404,27.755018,1539671
2006-11-22,1471,1471.TW,上市,27.802301,27.802301,27.28219,27.28219,702157
2006-11-23,1471,1471.TW,上市,27.376757,27.802301,27.376757,27.518604,1002478
2006-11-24,1471,1471.TW,上市,27.518604,28.842524,27.518604,28.416979,2627803
2006-11-27,1471,1471.TW,上市,28.842524,30.402857,28.46426,30.402857,3691615
2006-11-28,1471,1471.TW,上市,30.402857,32.530582,30.261007,32.530582,5685996
2006-11-29,1471,1471.TW,上市,33.570805,34.800159,32.908848,33.192543,9786851
2006-11-30,1471,1471.TW,上市,33.854504,35.509403,33.570805,34.989292,5098045
2006-12-01,1471,1471.TW,上市,35.46212,35.46212,33.570805,33.570805,3732856
2006-12-04,1471,1471.TW,上市,34.043633,34.232765,32.814281,33.097977,2018703
2006-12-05,1471,1471.TW,上市,33.665371,33.665371,31.584927,31.63221,2614056
2006-12-06,1471,1471.TW,上市,31.96319,33.80722,31.490362,33.80722,3215755
2006-12-07,1471,1471.TW,上市,33.80722,35.840382,33.80722,34.611027,5706088
2006-12-08,1471,1471.TW,上市,34.989292,34.989292,34.090916,34.374615,1713095
2006-12-11,1471,1471.TW,上市,34.374615,35.651253,33.759937,34.421898,3673638
2006-12-12,1471,1471.TW,上市,34.421898,34.989292,33.665371,34.043633,2333828
2006-12-13,1471,1471.TW,上市,34.138199,34.232765,31.679493,32.152321,4180164
2006-12-14,1471,1471.TW,上市,31.679493,32.530582,30.733837,32.152321,2354977
2006-12-15,1471,1471.TW,上市,32.530582,33.050694,32.057755,32.152321,1558705
2006-12-18,1471,1471.TW,上市,32.010471,33.476242,32.010471,32.719715,1745877
2006-12-19,1471,1471.TW,上市,32.719715,33.381676,31.395796,31.395796,1965830
2006-12-20,1471,1471.TW,上市,31.490362,31.96319,30.781118,31.395796,2365552
2006-12-21,1471,1471.TW,上市,31.63221,31.679493,30.922968,31.490362,1443441
2006-12-22,1471,1471.TW,上市,31.490362,31.774059,31.112099,31.301231,1034202
2006-12-25,1471,1471.TW,上市,31.301231,32.43602,31.253948,31.679493,1464590
2006-12-26,1471,1471.TW,上市,31.96319,32.341454,31.395796,31.63221,1866428
2006-12-27,1471,1471.TW,上市,31.868624,32.908848,31.301231,32.625149,3027719
2006-12-28,1471,1471.TW,上市,32.908848,33.996353,32.908848,33.665371,4182279601
2006-12-29,1471,1471.TW,上市,33.94907,33.94907,33.192543,33.759937,2894285
2007-01-02,1471,1471.TW,上市,33.759937,34.138199,32.43602,32.43602,3204123
2007-01-03,1471,1471.TW,上市,32.43602,32.861565,32.152321,32.672432,1831531
2007-01-04,1471,1471.TW,上市,32.672432,32.956127,32.246887,32.388737,1585142
2007-01-05,1471,1471.TW,上市,32.388737,33.14526,32.29417,32.530582,1455073
2007-01-08,1471,1471.TW,上市,32.341454,32.625149,31.868624,31.868624,1523809
2007-01-09,1471,1471.TW,上市,31.868624,32.199604,31.726776,31.774059,911536
2007-01-10,1471,1471.TW,上市,31.584927,32.057755,31.443079,31.537645,860777
2007-01-11,1471,1471.TW,上市,31.679493,31.868624,29.362635,30.071877,2600309
2007-01-12,1471,1471.TW,上市,30.071877,30.639271,30.071877,30.45014,1185419
2007-01-15,1471,1471.TW,上市,30.45014,30.45014,28.511543,28.984371,1455073
2007-01-16,1471,1471.TW,上市,28.984371,29.126221,27.518604,27.991432,2680677
2007-01-17,1471,1471.TW,上市,27.518604,29.031654,27.518604,28.46426,2131852
2007-01-18,1471,1471.TW,上市,28.46426,28.984371,28.46426,28.511543,999305
2007-01-19,1471,1471.TW,上市,28.653393,29.031654,28.180565,28.227846,1234063
2007-01-22,1471,1471.TW,上市,28.747957,28.747957,27.991432,28.133282,814249
2007-01-23,1471,1471.TW,上市,28.133282,28.416979,27.991432,28.369696,505468
2007-01-24,1471,1471.TW,上市,28.511543,29.740896,28.46426,29.693613,1406430
2007-01-25,1471,1471.TW,上市,31.017534,31.017534,29.457199,29.457199,1769141
2007-01-26,1471,1471.TW,上市,29.031654,29.693613,28.842524,29.315351,738111
2007-01-29,1471,1471.TW,上市,28.653393,29.126221,28.558826,28.700674,396549
2007-01-30,1471,1471.TW,上市,28.700674,28.79524,28.369696,28.416979,355308
2007-01-31,1471,1471.TW,上市,28.653393,29.078938,28.085999,28.46426,510756
2007-02-01,1471,1471.TW,上市,28.46426,28.653393,28.133282,28.133282,308780
2007-02-02,1471,1471.TW,上市,28.322412,28.93709,28.275129,28.369696,266481
2007-02-05,1471,1471.TW,上市,28.369696,28.842524,28.180565,28.227846,394434
2007-02-06,1471,1471.TW,上市,28.275129,28.653393,28.038715,28.369696,445193
2007-02-07,1471,1471.TW,上市,28.369696,29.599049,28.275129,28.842524,1603119
2007-02-08,1471,1471.TW,上市,28.842524,28.93709,28.46426,28.511543,426158
2007-02-09,1471,1471.TW,上市,28.558826,29.362635,28.558826,29.268068,964409
2007-02-12,1471,1471.TW,上市,29.315351,29.315351,28.842524,28.93709,780410
2007-02-13,1471,1471.TW,上市,28.93709,29.882746,28.747957,29.457199,1233005
2007-02-14,1471,1471.TW,上市,29.504482,29.551765,29.173504,29.362635,801559
2007-02-26,1471,1471.TW,上市,31.395796,31.395796,30.733837,31.395796,1693003
2007-02-27,1471,1471.TW,上市,33.570805,33.570805,33.192543,33.570805,4173819
2007-03-01,1471,1471.TW,上市,33.00341,35.840382,32.908848,35.840382,14221865
2007-03-02,1471,1471.TW,上市,36.786037,37.637131,34.989292,36.97517,8867913
2007-03-05,1471,1471.TW,上市,39.717575,39.717575,36.786037,37.447998,9195727
2007-03-06,1471,1471.TW,上市,38.582787,39.717575,38.48822,39.244743,8377248
2007-03-07,1471,1471.TW,上市,39.244743,41.041492,38.109959,39.623009,7854860
2007-03-08,1471,1471.TW,上市,39.717575,40.474098,39.244743,39.292027,6232706
2007-03-09,1471,1471.TW,上市,39.670292,39.717575,38.299088,38.961048,3348996
2007-03-12,1471,1471.TW,上市,39.623009,41.65617,38.961048,41.372475,10837973
2007-03-13,1471,1471.TW,上市,41.372475,42.507259,40.994209,41.372475,7212978
2007-03-14,1471,1471.TW,上市,40.663231,42.459976,40.190403,41.372475,4212946
2007-03-15,1471,1471.TW,上市,42.270847,43.311069,41.703453,42.081715,7137898
2007-03-16,1471,1471.TW,上市,42.081715,42.507259,39.717575,40.190403,4822046
2007-03-19,1471,1471.TW,上市,40.190403,40.379532,39.244743,39.528442,3524535
2007-03-20,1471,1471.TW,上市,39.528442,40.190403,38.48822,38.48822,4958459
2007-03-21,1471,1471.TW,上市,38.961048,40.14312,38.204521,40.14312,3825913
2007-03-22,1471,1471.TW,上市,40.663231,40.663231,39.33931,39.33931,2850929
2007-03-23,1471,1471.TW,上市,39.433876,41.987148,39.33931,41.987148,5427975
2007-03-26,1471,1471.TW,上市,42.554543,44.871403,42.081715,44.351292,12274012
2007-03-27,1471,1471.TW,上市,44.445854,45.391514,43.500198,44.68227,6500245
2007-03-28,1471,1471.TW,上市,44.729553,44.918686,43.878464,44.587704,2914377
2007-03-29,1471,1471.TW,上市,44.256725,44.634987,44.114876,44.304008,2142426
2007-03-30,1471,1471.TW,上市,44.445854,46.33717,44.445854,46.242603,8085388
2007-04-02,1471,1471.TW,上市,46.242603,46.809998,44.445854,45.013248,4448761
2007-04-03,1471,1471.TW,上市,43.689331,44.729553,43.311069,43.311069,3475892
2007-04-04,1471,1471.TW,上市,43.878464,46.242603,43.452915,45.202381,7395919
2007-04-09,1471,1471.TW,上市,45.249664,45.344231,43.216503,43.263786,4225635
2007-04-10,1471,1471.TW,上市,43.263786,43.973026,40.284969,42.932804,4355704
2007-04-11,1471,1471.TW,上市,40.663231,42.554543,40.663231,41.892586,1335580
2007-04-12,1471,1471.TW,上市,41.230625,42.507259,40.994209,42.507259,2035622
2007-04-13,1471,1471.TW,上市,42.554543,42.743675,41.51432,41.561604,1559762
2007-04-16,1471,1471.TW,上市,40.85236,41.230625,38.346371,38.346371,5901719
2007-04-17,1471,1471.TW,上市,38.346371,38.393654,36.218643,36.880604,4226693
2007-04-18,1471,1471.TW,上市,36.927887,38.582787,36.786037,37.82626,2571758
2007-04-19,1471,1471.TW,上市,37.82626,38.251804,37.069736,37.542564,1706750
2007-04-20,1471,1471.TW,上市,37.82626,38.299088,37.82626,38.015392,833283
2007-04-23,1471,1471.TW,上市,38.48822,38.48822,37.542564,37.731693,1396913
2007-04-24,1471,1471.TW,上市,37.731693,38.677353,37.731693,38.204521,2017645
2007-04-25,1471,1471.TW,上市,38.204521,38.204521,36.786037,37.164303,1874887
2007-04-26,1471,1471.TW,上市,37.637131,37.68441,36.786037,37.164303,1424407
2007-04-27,1471,1471.TW,上市,37.211582,38.299088,37.211582,37.731693,1819899
2007-04-30,1471,1471.TW,上市,37.82626,37.82626,36.407776,36.833321,1671854
2007-05-02,1471,1471.TW,上市,36.029514,37.353432,36.029514,36.596909,1240408
2007-05-03,1471,1471.TW,上市,36.596909,38.109959,36.596909,37.637131,3269686
2007-05-04,1471,1471.TW,上市,38.109959,38.440937,37.637131,37.82626,2095898
2007-05-07,1471,1471.TW,上市,37.82626,39.623009,37.82626,39.244743,4773403
2007-05-08,1471,1471.TW,上市,39.244743,39.528442,38.771915,38.819199,1882290
2007-05-09,1471,1471.TW,上市,39.150181,39.150181,38.204521,38.204521,1202339
2007-05-10,1471,1471.TW,上市,38.48822,38.913765,37.731693,37.731693,1754336
2007-05-11,1471,1471.TW,上市,37.731693,37.82626,37.069736,37.164303,1641187
2007-05-14,1471,1471.TW,上市,37.637131,37.731693,37.069736,37.069736,1145236
2007-05-15,1471,1471.TW,上市,37.069736,37.258865,36.31321,36.407776,979213
2007-05-16,1471,1471.TW,上市,36.502342,37.306149,36.407776,36.691471,1094477
2007-05-17,1471,1471.TW,上市,36.880604,37.258865,36.549625,36.549625,909421
2007-05-18,1471,1471.TW,上市,36.549625,37.211582,36.31321,36.502342,940087
2007-05-21,1471,1471.TW,上市,36.691471,38.109959,36.691471,37.637131,2270380
2007-05-22,1471,1471.TW,上市,38.015392,39.102898,37.873543,38.771915,3444168
2007-05-23,1471,1471.TW,上市,39.244743,39.244743,38.015392,38.015392,2361322
2007-05-24,1471,1471.TW,上市,38.109959,38.677353,38.062675,38.48822,1470935
2007-05-25,1471,1471.TW,上市,38.48822,39.055614,38.109959,38.299088,2843527
2007-05-28,1471,1471.TW,上市,38.299088,38.299088,37.353432,37.353432,1507947
2007-05-29,1471,1471.TW,上市,37.542564,38.204521,37.353432,37.495281,1518521
2007-05-30,1471,1471.TW,上市,37.495281,37.542564,36.880604,36.927887,1124086
2007-05-31,1471,1471.TW,上市,37.069736,38.015392,37.069736,37.164303,2473413
2007-06-01,1471,1471.TW,上市,37.353432,37.731693,36.97517,36.97517,1206569
2007-06-04,1471,1471.TW,上市,37.069736,38.015392,37.069736,37.542564,1520636
2007-06-05,1471,1471.TW,上市,37.731693,38.913765,37.637131,38.771915,5054689
2007-06-06,1471,1471.TW,上市,38.771915,39.906704,38.771915,39.150181,6991967
2007-06-07,1471,1471.TW,上市,39.150181,40.757797,38.48822,40.284969,4569312
2007-06-08,1471,1471.TW,上市,40.284969,41.892586,39.906704,40.946926,8044146
2007-06-11,1471,1471.TW,上市,41.608887,42.081715,40.85236,40.85236,4322922
2007-06-12,1471,1471.TW,上市,41.419754,41.419754,40.284969,40.332249,2411023
2007-06-13,1471,1471.TW,上市,40.332249,41.419754,40.190403,40.237686,1773371
2007-06-14,1471,1471.TW,上市,40.663231,41.041492,39.906704,40.00127,2299989
2007-06-15,1471,1471.TW,上市,40.048553,40.426815,39.717575,39.859421,1510062
2007-06-20,1471,1471.TW,上市,40.190403,40.474098,38.771915,38.771915,2103300
2007-06-21,1471,1471.TW,上市,38.771915,40.663231,38.771915,40.095837,2606654
2007-06-22,1471,1471.TW,上市,40.095837,40.284969,39.244743,39.623009,2426885
2007-06-25,1471,1471.TW,上市,40.284969,40.379532,39.244743,39.244743,3381777
2007-06-26,1471,1471.TW,上市,39.244743,39.623009,38.299088,39.244743,2331713
2007-06-27,1471,1471.TW,上市,39.244743,40.615948,39.244743,39.953987,6206270
2007-06-28,1471,1471.TW,上市,41.041492,41.041492,39.717575,39.717575,2083208
2007-06-29,1471,1471.TW,上市,39.812138,39.906704,39.008331,39.055614,1632728
2007-07-02,1471,1471.TW,上市,39.244743,39.528442,38.771915,38.961048,1605233
2007-07-03,1471,1471.TW,上市,39.008331,40.190403,38.961048,39.717575,3721224
2007-07-04,1471,1471.TW,上市,40.474098,40.474098,39.244743,39.244743,2582332
2007-07-05,1471,1471.TW,上市,39.386593,39.859421,39.244743,39.623009,1510062
2007-07-06,1471,1471.TW,上市,39.717575,42.365414,39.244743,42.365414,8601431
2007-07-09,1471,1471.TW,上市,44.918686,45.296947,44.82412,45.296947,4110371
2007-07-10,1471,1471.TW,上市,47.282825,48.228481,44.445854,47.282825,19404508
2007-07-11,1471,1471.TW,上市,47.282825,50.592625,46.809998,50.592625,9600737
2007-07-12,1471,1471.TW,上市,52.578503,54.091553,51.53828,54.091553,19374899
2007-07-13,1471,1471.TW,上市,55.320908,56.266563,52.956764,53.33503,14453450
2007-07-16,1471,1471.TW,上市,53.807858,56.266563,49.646969,49.930664,12922239
2007-07-17,1471,1471.TW,上市,49.174137,52.011108,48.701309,51.443714,7645482
2007-07-18,1471,1471.TW,上市,51.53828,52.483936,49.174137,49.174137,5716663
2007-07-19,1471,1471.TW,上市,49.174137,51.160019,49.174137,49.741531,5695514
2007-07-20,1471,1471.TW,上市,51.53828,53.145897,50.119797,53.145897,7926768
2007-07-23,1471,1471.TW,上市,53.902424,56.833958,53.902424,56.833958,14238785
2007-07-24,1471,1471.TW,上市,58.536137,60.805714,57.212219,57.685047,13729086
2007-07-25,1471,1471.TW,上市,57.685047,60.522018,57.685047,60.049191,7725849
2007-07-26,1471,1471.TW,上市,60.994846,62.129635,55.888302,57.023087,10308182
2007-07-27,1471,1471.TW,上市,53.145897,57.212219,53.145897,54.658947,5138229
2007-07-30,1471,1471.TW,上市,54.658947,57.495914,53.713291,56.266563,6516107
2007-07-31,1471,1471.TW,上市,57.495914,60.143757,56.833958,58.914402,10142160
2007-08-01,1471,1471.TW,上市,58.630703,59.576363,56.36113,56.36113,5981029
2007-08-02,1471,1471.TW,上市,59.103531,59.103531,52.767635,56.266563,4566139
2007-08-03,1471,1471.TW,上市,57.685047,57.779613,56.077431,56.266563,4136808
2007-08-06,1471,1471.TW,上市,53.902424,55.320908,53.240463,54.753513,2211162
2007-08-07,1471,1471.TW,上市,55.793736,56.077431,51.065453,51.160019,4111429
2007-08-08,1471,1471.TW,上市,51.160019,53.902424,51.065453,53.429592,4439243
2007-08-09,1471,1471.TW,上市,54.469814,57.117653,53.902424,57.117653,8550673
2007-08-10,1471,1471.TW,上市,53.713291,57.023087,53.713291,56.739391,4656024
2007-08-13,1471,1471.TW,上市,56.739391,58.252441,54.84808,54.84808,3324674
2007-08-14,1471,1471.TW,上市,55.320908,56.266563,53.902424,54.564381,2041967
2007-08-15,1471,1471.TW,上市,53.902424,55.699169,52.483936,52.956764,3613362
2007-08-16,1471,1471.TW,上市,52.011108,53.807858,49.268703,49.646969,4539703
2007-08-17,1471,1471.TW,上市,50.119797,52.011108,46.384453,48.795876,4261589
2007-08-20,1471,1471.TW,上市,52.200241,52.200241,50.687187,52.200241,2650010
2007-08-21,1471,1471.TW,上市,52.578503,53.145897,50.592625,50.592625,2098013
2007-08-22,1471,1471.TW,上市,50.592625,51.916542,48.039352,48.890442,2190012
2007-08-23,1471,1471.TW,上市,50.592625,51.53828,50.119797,50.119797,2198472
2007-08-24,1471,1471.TW,上市,50.02523,50.970886,49.930664,50.308926,1154753
2007-08-27,1471,1471.TW,上市,51.349148,52.483936,50.592625,50.592625,1715210
2007-08-28,1471,1471.TW,上市,50.592625,51.821976,50.119797,50.687187,933742
2007-08-29,1471,1471.TW,上市,50.02523,50.403492,49.174137,49.646969,834340
2007-08-30,1471,1471.TW,上市,50.403492,52.294804,50.214359,51.065453,2118105
2007-08-31,1471,1471.TW,上市,51.065453,53.713291,51.065453,53.33503,4268991
2007-09-03,1471,1471.TW,上市,53.807858,57.023087,53.524158,57.023087,8351869
2007-09-04,1471,1471.TW,上市,56.833958,57.779613,55.320908,56.266563,4139980
2007-09-05,1471,1471.TW,上市,56.739391,56.739391,55.037209,55.037209,2642608
2007-09-06,1471,1471.TW,上市,54.469814,55.699169,54.186119,54.753513,1959485
2007-09-07,1471,1471.TW,上市,55.510036,56.36113,54.469814,54.469814,2088496
2007-09-10,1471,1471.TW,上市,53.429592,54.753513,53.33503,54.753513,1262614
2007-09-11,1471,1471.TW,上市,54.942642,58.536137,54.942642,58.157875,8756879
2007-09-12,1471,1471.TW,上市,58.725269,60.332886,57.023087,57.212219,7862262
2007-09-13,1471,1471.TW,上市,57.590481,57.685047,55.604603,55.604603,3026468
2007-09-14,1471,1471.TW,上市,55.604603,56.266563,55.037209,55.604603,3610190
2007-09-17,1471,1471.TW,上市,56.077431,56.36113,54.091553,54.091553,1525924
2007-09-18,1471,1471.TW,上市,54.091553,54.091553,54.091553,54.091553,0
2007-09-19,1471,1471.TW,上市,54.84808,55.037209,51.53828,52.011108,2207989
2007-09-20,1471,1471.TW,上市,52.483936,54.753513,52.200241,52.200241,1949968
2007-09-21,1471,1471.TW,上市,52.200241,53.902424,52.011108,53.902424,1158983
2007-09-26,1471,1471.TW,上市,54.375252,55.131775,54.091553,54.375252,2053599
2007-09-27,1471,1471.TW,上市,54.280685,54.375252,52.578503,52.767635,4514324
2007-09-28,1471,1471.TW,上市,52.956764,54.375252,52.956764,53.240463,3284490
2007-10-01,1471,1471.TW,上市,53.807858,54.375252,52.011108,52.483936,2424770
2007-10-02,1471,1471.TW,上市,52.767635,52.956764,51.065453,51.916542,3485409
2007-10-03,1471,1471.TW,上市,52.011108,53.145897,51.065453,51.53828,3637684
2007-10-04,1471,1471.TW,上市,51.53828,52.38937,51.254581,52.105675,1827301
2007-10-05,1471,1471.TW,上市,52.105675,52.38937,50.87632,51.065453,2131852
2007-10-08,1471,1471.TW,上市,51.160019,51.53828,49.36327,50.02523,1701463
2007-10-09,1471,1471.TW,上市,50.119797,50.970886,48.701309,49.646969,1675026
2007-10-11,1471,1471.TW,上市,49.930664,50.498058,49.174137,49.646969,1114569
2007-10-12,1471,1471.TW,上市,49.646969,50.02523,48.228481,48.795876,1268959
2007-10-15,1471,1471.TW,上市,48.795876,49.079575,47.471958,47.471958,798387
2007-10-16,1471,1471.TW,上市,46.431736,48.701309,46.33717,48.039352,2063116
2007-10-17,1471,1471.TW,上市,48.039352,49.36327,47.944786,48.51218,1266844
2007-10-18,1471,1471.TW,上市,49.174137,49.930664,48.51218,48.701309,1364131
2007-10-19,1471,1471.TW,上市,48.795876,49.174137,47.85022,48.133919,1143121
2007-10-22,1471,1471.TW,上市,46.904564,46.99913,45.580643,45.864342,1422292
2007-10-23,1471,1471.TW,上市,45.864342,46.242603,45.296947,45.391514,1740589
2007-10-24,1471,1471.TW,上市,45.391514,46.242603,43.973026,43.973026,1410660
2007-10-25,1471,1471.TW,上市,44.256725,44.82412,41.65617,43.02737,2588677
2007-10-26,1471,1471.TW,上市,43.02737,43.358353,41.608887,41.798019,1502659
2007-10-29,1471,1471.TW,上市,42.270847,43.02737,41.608887,43.02737,1920358
2007-10-30,1471,1471.TW,上市,43.405636,43.405636,42.365414,42.554543,916823
2007-10-31,1471,1471.TW,上市,42.554543,44.445854,42.554543,43.547482,1961600
2007-11-01,1471,1471.TW,上市,44.162159,44.256725,42.554543,42.554543,984501
2007-11-02,1471,1471.TW,上市,41.65617,42.081715,39.717575,39.717575,1614751
2007-11-05,1471,1471.TW,上市,39.717575,39.717575,36.97517,36.97517,2506195
2007-11-06,1471,1471.TW,上市,36.502342,36.502342,34.421898,34.563747,4800897
2007-11-07,1471,1471.TW,上市,34.942009,35.698532,34.043633,34.800159,3142790
2007-11-08,1471,1471.TW,上市,34.800159,36.029514,34.516464,34.989292,4554507
2007-11-09,1471,1471.TW,上市,35.46212,36.218643,34.989292,35.46212,3429363
2007-11-12,1471,1471.TW,上市,33.192543,34.516464,33.00341,33.050694,2229139
2007-11-13,1471,1471.TW,上市,32.152321,32.43602,30.781118,30.781118,2831895
2007-11-14,1471,1471.TW,上市,30.875685,32.341454,30.781118,31.301231,4736391
2007-11-15,1471,1471.TW,上市,31.206665,31.301231,29.126221,29.362635,4301773
2007-11-16,1471,1471.TW,上市,27.896868,29.599049,27.518604,29.315351,3333134
2007-11-19,1471,1471.TW,上市,29.504482,30.544704,29.315351,29.315351,2752585
2007-11-20,1471,1471.TW,上市,28.558826,31.206665,28.416979,31.206665,2537919
2007-11-21,1471,1471.TW,上市,30.922968,32.152321,30.639271,30.828402,2856216
2007-11-22,1471,1471.TW,上市,31.017534,31.159382,29.173504,29.315351,2186840
2007-11-23,1471,1471.TW,上市,29.315351,29.740896,28.180565,28.369696,2298931
2007-11-26,1471,1471.TW,上市,28.842524,29.031654,27.565887,27.802301,1760681
2007-11-27,1471,1471.TW,上市,26.667515,26.667515,25.863705,25.863705,2662700
2007-11-28,1471,1471.TW,上市,25.863705,26.762079,25.532726,25.532726,3145962
2007-11-29,1471,1471.TW,上市,26.478382,26.762079,25.627291,26.100121,2571758
2007-11-30,1471,1471.TW,上市,26.383818,27.896868,26.194685,27.896868,3166054
2007-12-03,1471,1471.TW,上市,28.700674,29.315351,28.085999,28.46426,3725454
2007-12-04,1471,1471.TW,上市,28.369696,29.504482,27.896868,29.409918,2298931
2007-12-05,1471,1471.TW,上市,29.693613,30.781118,29.409918,30.544704,3080399
2007-12-06,1471,1471.TW,上市,30.828402,30.875685,28.984371,29.315351,3420903
2007-12-07,1471,1471.TW,上市,29.409918,29.693613,28.558826,28.747957,2259805
2007-12-10,1471,1471.TW,上市,28.747957,29.078938,27.896868,27.991432,997190
2007-12-11,1471,1471.TW,上市,28.369696,28.558826,27.045776,28.133282,1364131
2007-12-12,1471,1471.TW,上市,27.471321,27.802301,27.329473,27.802301,738111
2007-12-13,1471,1471.TW,上市,27.802301,28.511543,26.100121,26.194685,1724727
2007-12-14,1471,1471.TW,上市,26.100121,26.431099,24.397938,24.587069,3945407
2007-12-17,1471,1471.TW,上市,23.641413,24.587069,22.884888,22.884888,2698654
2007-12-18,1471,1471.TW,上市,21.844666,23.357716,21.324554,22.364777,2674332
2007-12-19,1471,1471.TW,上市,23.263149,23.404999,22.695757,23.074018,2076864
2007-12-20,1471,1471.TW,上市,23.121302,23.641413,21.466402,21.466402,1965830
2007-12-21,1471,1471.TW,上市,21.466402,21.750099,20.000635,21.277271,3724396
2007-12-24,1471,1471.TW,上市,21.277271,22.317493,21.277271,22.033796,1917186
2007-12-25,1471,1471.TW,上市,22.27021,22.27021,21.371838,21.655535,1234063
2007-12-26,1471,1471.TW,上市,21.655535,21.655535,21.182707,21.466402,914708
2007-12-27,1471,1471.TW,上市,21.655535,22.932171,21.466402,22.932171,2585505
2007-12-28,1471,1471.TW,上市,23.026735,24.492504,23.026735,24.492504,6196753
2007-12-31,1471,1471.TW,上市,24.870766,25.816423,23.830544,25.249029,3968671
2008-01-02,1471,1471.TW,上市,25.43816,26.478382,24.918049,25.249029,3832258
2008-01-03,1471,1471.TW,上市,24.681635,24.870766,24.208807,24.728918,1360959
2008-01-04,1471,1471.TW,上市,24.728918,25.43816,24.681635,24.728918,1808267
2008-01-07,1471,1471.TW,上市,23.92511,23.92511,23.026735,23.026735,1621095
2008-01-08,1471,1471.TW,上市,21.844666,23.026735,21.466402,22.128363,1366246
2008-01-09,1471,1471.TW,上市,20.993574,23.168585,20.993574,23.168585,1349327
2008-01-10,1471,1471.TW,上市,24.114241,24.776199,23.641413,23.735977,2848814
2008-01-11,1471,1471.TW,上市,24.303371,24.397938,23.641413,23.78326,1178017
2008-01-14,1471,1471.TW,上市,24.066957,24.397938,22.27021,22.459341,1785003
2008-01-15,1471,1471.TW,上市,22.884888,23.877827,22.790321,22.979452,1415947
2008-01-16,1471,1471.TW,上市,22.695757,22.695757,21.750099,21.750099,999305
2008-01-17,1471,1471.TW,上市,22.317493,22.695757,21.608252,22.695757,970754
2008-01-18,1471,1471.TW,上市,22.506624,23.641413,21.939232,23.641413,981328
2008-01-21,1471,1471.TW,上市,23.452282,23.877827,23.121302,23.263149,764548
2008-01-22,1471,1471.TW,上市,21.655535,21.986513,21.655535,21.655535,1092362
2008-01-23,1471,1471.TW,上市,21.750099,22.128363,20.142485,20.142485,2643665
2008-01-24,1471,1471.TW,上市,20.331615,20.709877,18.771282,18.771282,1669739
2008-01-25,1471,1471.TW,上市,18.771282,20.047918,18.771282,20.047918,2247116
2008-01-28,1471,1471.TW,上市,19.858788,19.858788,18.676716,18.676716,1245695
2008-01-29,1471,1471.TW,上市,18.91313,19.385958,17.447363,18.676716,1814612
2008-01-30,1471,1471.TW,上市,18.629433,19.102261,18.440302,18.771282,909421
2008-01-31,1471,1471.TW,上市,18.771282,19.385958,18.345736,18.58215,1001420
2008-02-01,1471,1471.TW,上市,18.771282,19.385958,18.58215,19.385958,1190707
2008-02-12,1471,1471.TW,上市,19.385958,19.385958,18.629433,18.960413,673606
2008-02-13,1471,1471.TW,上市,19.054979,19.669655,17.636494,17.636494,682065
2008-02-14,1471,1471.TW,上市,17.920191,18.865847,17.920191,18.865847,860777
2008-02-15,1471,1471.TW,上市,18.345736,19.858788,18.345736,19.669655,1485740
2008-02-18,1471,1471.TW,上市,20.237049,20.75716,19.953352,20.284332,1725785
2008-02-19,1471,1471.TW,上市,20.331615,20.75716,19.858788,20.42618,1346154
2008-02-20,1471,1471.TW,上市,20.331615,21.277271,20.142485,20.615313,1477280
2008-02-21,1471,1471.TW,上市,21.08814,21.750099,20.662596,21.655535,2666930
2008-02-22,1471,1471.TW,上市,21.655535,22.033796,20.993574,21.844666,1883347
2008-02-25,1471,1471.TW,上市,22.506624,22.695757,21.891949,22.033796,1495257
2008-02-26,1471,1471.TW,上市,22.506624,22.506624,21.182707,21.277271,1241465
2008-02-27,1471,1471.TW,上市,21.560968,22.033796,21.513685,21.702818,1648590
2008-02-29,1471,1471.TW,上市,21.702818,22.695757,21.560968,22.41206,1598889
2008-03-03,1471,1471.TW,上市,22.128363,22.128363,20.946293,21.560968,825881
2008-03-04,1471,1471.TW,上市,21.229988,22.175646,21.229988,21.750099,887214
2008-03-05,1471,1471.TW,上市,21.939232,22.128363,21.182707,21.560968,1127259
2008-03-06,1471,1471.TW,上市,21.750099,22.364777,21.655535,22.27021,1665509
2008-03-07,1471,1471.TW,上市,21.750099,22.506624,21.750099,21.939232,1041604
2008-03-10,1471,1471.TW,上市,21.891949,21.939232,21.135424,21.182707,910478
2008-03-11,1471,1471.TW,上市,20.993574,21.419121,20.851727,21.182707,592181
2008-03-12,1471,1471.TW,上市,22.033796,22.033796,21.371838,21.608252,841743
2008-03-13,1471,1471.TW,上市,21.277271,21.750099,20.804443,20.804443,612273
2008-03-14,1471,1471.TW,上市,21.182707,21.277271,20.142485,20.189766,858662
2008-03-17,1471,1471.TW,上市,19.906069,19.953352,18.91313,19.764221,575261
2008-03-18,1471,1471.TW,上市,19.764221,20.568029,19.527807,20.568029,439906
2008-03-19,1471,1471.TW,上市,21.08814,21.08814,20.047918,20.331615,468457
2008-03-20,1471,1471.TW,上市,19.858788,20.804443,19.858788,20.75716,514986
2008-03-21,1471,1471.TW,上市,20.75716,21.182707,20.75716,20.851727,749743
2008-03-24,1471,1471.TW,上市,21.750099,21.750099,20.89901,21.560968,1137833
2008-03-25,1471,1471.TW,上市,22.222927,22.222927,21.182707,21.608252,1303856
2008-03-26,1471,1471.TW,上市,21.750099,21.891949,21.182707,21.277271,738111
2008-03-27,1471,1471.TW,上市,21.560968,21.560968,20.89901,20.946293,458940
2008-03-28,1471,1471.TW,上市,20.709877,21.371838,20.709877,21.08814,580549
2008-03-31,1471,1471.TW,上市,20.993574,21.229988,20.89901,21.229988,327814
2008-04-01,1471,1471.TW,上市,21.466402,21.986513,21.371838,21.371838,1110339
2008-04-02,1471,1471.TW,上市,21.560968,22.128363,21.560968,21.891949,1522751
2008-04-03,1471,1471.TW,上市,22.081079,23.404999,21.844666,23.404999,2743067
2008-04-07,1471,1471.TW,上市,24.587069,25.012615,24.019674,25.012615,5126597
2008-04-08,1471,1471.TW,上市,25.012615,26.478382,24.870766,25.059896,4311290
2008-04-09,1471,1471.TW,上市,25.249029,25.627291,24.208807,24.350655,2445919
2008-04-10,1471,1471.TW,上市,24.965332,26.052837,24.587069,26.052837,2984170
2008-04-11,1471,1471.TW,上市,26.762079,27.849585,26.762079,27.42404,10149562
2008-04-14,1471,1471.TW,上市,27.09306,27.09306,26.478382,26.951212,3479064
2008-04-15,1471,1471.TW,上市,27.42404,28.79524,27.42404,28.79524,7283828
2008-04-16,1471,1471.TW,上市,29.126221,29.173504,28.227846,28.511543,5936616
2008-04-17,1471,1471.TW,上市,29.788179,30.497421,29.362635,30.071877,7600010
2008-04-18,1471,1471.TW,上市,30.261007,31.206665,29.315351,30.922968,4086050
2008-04-21,1471,1471.TW,上市,31.159382,31.206665,29.599049,30.261007,4020487
2008-04-22,1471,1471.TW,上市,29.97731,31.206665,29.97731,30.261007,4425496
2008-04-23,1471,1471.TW,上市,30.071877,30.261007,29.315351,29.315351,3826970
2008-04-24,1471,1471.TW,上市,29.315351,29.835463,28.369696,28.558826,3208353
2008-04-25,1471,1471.TW,上市,28.842524,29.126221,27.518604,27.613171,3747660
2008-04-28,1471,1471.TW,上市,27.896868,29.220785,27.896868,28.369696,3463202
2008-04-29,1471,1471.TW,上市,28.369696,28.842524,27.518604,27.707735,2550608
2008-04-30,1471,1471.TW,上市,27.896868,28.558826,27.42404,27.707735,1676084
2008-05-02,1471,1471.TW,上市,27.707735,28.369696,25.76914,25.76914,3506558
2008-05-05,1471,1471.TW,上市,23.972391,24.539785,23.972391,23.972391,4297543
2008-05-06,1471,1471.TW,上市,23.972391,25.627291,23.972391,25.627291,4299658
2008-05-07,1471,1471.TW,上市,25.532726,26.005554,25.154463,25.721857,3337363
2008-05-08,1471,1471.TW,上市,25.43816,25.958271,25.154463,25.721857,1440269
2008-05-09,1471,1471.TW,上市,25.910988,26.289251,25.43816,25.43816,1495257
2008-05-12,1471,1471.TW,上市,25.43816,25.43816,24.776199,24.965332,1055351
2008-05-13,1471,1471.TW,上市,25.343594,26.667515,25.059896,26.667515,3802649
2008-05-14,1471,1471.TW,上市,26.667515,27.234907,26.478382,26.478382,2717688
2008-05-15,1471,1471.TW,上市,26.478382,27.140343,26.478382,26.667515,1838934
2008-05-16,1471,1471.TW,上市,27.045776,27.329473,26.667515,26.809362,1886520
2008-05-19,1471,1471.TW,上市,26.951212,26.998493,26.100121,26.383818,1584084
2008-05-20,1471,1471.TW,上市,26.572948,27.140343,25.721857,25.721857,2828722
2008-05-21,1471,1471.TW,上市,25.721857,26.856646,25.721857,26.289251,2478701
2008-05-22,1471,1471.TW,上市,25.816423,26.289251,25.532726,26.005554,1280591
2008-05-23,1471,1471.TW,上市,26.005554,26.383818,24.776199,24.776199,1531211
2008-05-26,1471,1471.TW,上市,23.830544,24.776199,23.499563,23.641413,1301741
2008-05-27,1471,1471.TW,上市,24.445221,24.870766,23.735977,24.256088,1357786
2008-05-28,1471,1471.TW,上市,24.823483,24.823483,23.641413,23.641413,1181189
2008-05-29,1471,1471.TW,上市,24.161524,24.161524,23.026735,23.074018,959122
2008-05-30,1471,1471.TW,上市,23.499563,23.877827,22.790321,23.78326,1272132
2008-06-02,1471,1471.TW,上市,23.78326,24.492504,23.78326,24.019674,1136776
2008-06-03,1471,1471.TW,上市,24.114241,24.114241,23.263149,23.263149,739169
2008-06-04,1471,1471.TW,上市,23.263149,24.019674,23.263149,23.499563,1372591
2008-06-05,1471,1471.TW,上市,23.641413,25.10718,23.263149,25.10718,3581638
2008-06-06,1471,1471.TW,上市,25.296312,26.005554,24.918049,24.918049,3926372
2008-06-09,1471,1471.TW,上市,23.641413,24.208807,23.452282,24.066957,1146293
2008-06-10,1471,1471.TW,上市,24.114241,24.350655,23.215866,23.215866,1100822
2008-06-11,1471,1471.TW,上市,23.452282,23.830544,22.837605,22.979452,1609463
2008-06-12,1471,1471.TW,上市,22.695757,22.790321,21.371838,21.371838,1676084
2008-06-13,1471,1471.TW,上市,21.371838,22.033796,21.371838,22.033796,1250982
2008-06-16,1471,1471.TW,上市,22.317493,22.506624,21.560968,21.560968,672548
2008-06-17,1471,1471.TW,上市,21.560968,21.750099,20.993574,21.655535,690525
2008-06-18,1471,1471.TW,上市,21.750099,22.128363,21.277271,21.797382,568916
2008-06-19,1471,1471.TW,上市,21.466402,21.750099,21.182707,21.277271,366940
2008-06-20,1471,1471.TW,上市,21.277271,21.750099,19.811504,21.277271,765605
2008-06-23,1471,1471.TW,上市,20.804443,20.804443,20.142485,20.615313,603813
2008-06-24,1471,1471.TW,上市,20.615313,21.229988,19.385958,20.331615,777237
2008-06-25,1471,1471.TW,上市,19.858788,20.331615,19.102261,20.095201,995075
2008-06-26,1471,1471.TW,上市,20.237049,20.709877,19.858788,19.858788,706387
2008-06-27,1471,1471.TW,上市,18.487585,18.723999,18.487585,18.487585,1394798
2008-06-30,1471,1471.TW,上市,18.440302,18.487585,17.210949,17.210949,1301741
2008-07-01,1471,1471.TW,上市,16.170727,16.927252,16.028877,16.028877,1401142
2008-07-02,1471,1471.TW,上市,15.130504,16.501705,15.130504,15.508767,2261920
2008-07-03,1471,1471.TW,上市,14.657676,16.548988,14.468544,16.548988,2406793
2008-07-04,1471,1471.TW,上市,17.021816,17.494644,16.548988,16.548988,2313736
2008-07-07,1471,1471.TW,上市,16.690838,16.974533,16.170727,16.785402,842800
2008-07-08,1471,1471.TW,上市,16.643555,16.785402,15.839746,16.312574,877697
2008-07-09,1471,1471.TW,上市,16.690838,17.447363,16.454424,17.163666,3437823
2008-07-10,1471,1471.TW,上市,17.210949,17.305513,16.501705,16.596272,1444499
2008-07-11,1471,1471.TW,上市,17.021816,17.731058,16.643555,17.636494,1813554
2008-07-14,1471,1471.TW,上市,17.967474,18.865847,17.731058,18.865847,2865733
2008-07-15,1471,1471.TW,上市,18.723999,18.723999,17.589211,17.589211,2291529
2008-07-16,1471,1471.TW,上市,18.251169,18.534866,17.636494,17.967474,2253460
2008-07-17,1471,1471.TW,上市,19.007696,19.102261,18.629433,18.91313,1979577
2008-07-18,1471,1471.TW,上市,18.818563,18.818563,17.589211,17.683777,1687716
2008-07-21,1471,1471.TW,上市,18.156605,18.393019,17.494644,18.298452,1326062
2008-07-22,1471,1471.TW,上市,17.967474,18.534866,17.778341,18.251169,1266844
2008-07-23,1471,1471.TW,上市,18.723999,18.723999,18.156605,18.487585,2489275
2008-07-24,1471,1471.TW,上市,18.487585,18.487585,17.683777,17.683777,1293281
2008-07-25,1471,1471.TW,上市,17.40008,17.494644,17.069099,17.447363,752916
2008-07-28,1471,1471.TW,上市,17.9167,17.9167,17.9167,17.9167,0
2008-07-29,1471,1471.TW,上市,16.618967,17.383059,16.618967,17.335302,477430
2008-07-30,1471,1471.TW,上市,17.765102,17.812859,17.001013,17.144279,566425
2008-07-31,1471,1471.TW,上市,17.335302,17.621836,16.4757,16.666723,502558
2008-08-01,1471,1471.TW,上市,16.236921,16.523457,15.759366,16.141411,678453
2008-08-04,1471,1471.TW,上市,16.141411,16.523457,16.045898,16.093655,513028
2008-08-05,1471,1471.TW,上市,16.236921,16.236921,15.37732,15.37732,594693
2008-08-06,1471,1471.TW,上市,15.759366,16.427944,15.759366,16.427944,851208
2008-08-07,1471,1471.TW,上市,16.72274,17.605465,16.72274,17.213142,1988141
2008-08-08,1471,1471.TW,上市,16.332434,17.908369,16.332434,17.908369,2739989
2008-08-11,1471,1471.TW,上市,18.147148,18.958994,18.147148,18.529194,4751269
2008-08-12,1471,1471.TW,上市,18.529194,18.815727,18.194904,18.433681,2061535
2008-08-13,1471,1471.TW,上市,18.338171,18.815727,18.147148,18.672461,1490922
2008-08-14,1471,1471.TW,上市,18.672461,18.958994,18.338171,18.672461,1356907
2008-08-15,1471,1471.TW,上市,18.815727,18.815727,17.383059,17.526325,1282570
2008-08-18,1471,1471.TW,上市,17.335302,17.669592,16.80999,16.9055,1112957
2008-08-19,1471,1471.TW,上市,16.714479,17.57408,16.236921,17.239792,971612
2008-08-20,1471,1471.TW,上市,17.239792,17.526325,16.80999,17.430813,781059
2008-08-21,1471,1471.TW,上市,17.335302,17.526325,16.236921,16.236921,611445
2008-08-22,1471,1471.TW,上市,16.38019,16.714479,15.902632,16.427944,1154837
2008-08-25,1471,1471.TW,上市,16.618967,17.001013,16.618967,16.618967,644949
2008-08-26,1471,1471.TW,上市,16.523457,16.80999,16.332434,16.714479,547579
2008-08-27,1471,1471.TW,上市,16.762234,17.765102,16.666723,17.621836,1934849
2008-08-28,1471,1471.TW,上市,17.717346,17.765102,17.048767,17.048767,936014
2008-08-29,1471,1471.TW,上市,17.287546,17.57408,16.857746,16.857746,1079453
2008-09-01,1471,1471.TW,上市,16.762234,16.762234,15.854877,15.854877,1128662
2008-09-02,1471,1471.TW,上市,15.950388,16.189165,15.568343,16.045898,937061
2008-09-03,1471,1471.TW,上市,16.093655,16.427944,15.520587,15.568343,1466842
2008-09-04,1471,1471.TW,上市,15.568343,15.950388,14.517718,14.756497,1263724
2008-09-05,1471,1471.TW,上市,13.849139,15.043031,13.849139,14.804252,963236
2008-09-08,1471,1471.TW,上市,15.472832,15.807121,15.472832,15.807121,608304
2008-09-09,1471,1471.TW,上市,15.854877,15.854877,14.708741,15.090786,778965
2008-09-10,1471,1471.TW,上市,14.422207,15.663854,14.422207,15.663854,771636
2008-09-11,1471,1471.TW,上市,15.759366,15.759366,14.61323,14.61323,667983
2008-09-12,1471,1471.TW,上市,14.804252,15.616099,13.610361,15.616099,1985105
2008-09-15,1471,1471.TW,上市,14.947519,15.186298,14.565474,14.565474,1012445
2008-09-16,1471,1471.TW,上市,13.658117,14.565474,13.562605,14.565474,3273957
2008-09-17,1471,1471.TW,上市,14.804252,15.472832,13.944651,14.61323,1486734
2008-09-18,1471,1471.TW,上市,13.610361,14.27894,13.610361,14.27894,1630173
2008-09-19,1471,1471.TW,上市,14.804252,15.186298,14.660985,15.138542,1206139
2008-09-22,1471,1471.TW,上市,15.759366,15.759366,14.804252,15.281809,1226032
2008-09-23,1471,1471.TW,上市,14.804252,15.568343,14.708741,15.425076,1417633
2008-09-24,1471,1471.TW,上市,15.472832,16.045898,15.281809,15.568343,2465676
2008-09-25,1471,1471.TW,上市,15.568343,15.71161,14.995275,14.995275,1020821
2008-09-26,1471,1471.TW,上市,15.472832,15.520587,14.135673,14.135673,990458
2008-09-29,1471,1471.TW,上市,14.515923,14.515923,14.515923,14.515923,0
2008-09-30,1471,1471.TW,上市,13.18056,13.562605,13.18056,13.467094,959048
2008-10-01,1471,1471.TW,上市,13.849139,14.087918,13.51485,13.801384,437644
2008-10-02,1471,1471.TW,上市,13.801384,14.756497,13.18056,13.276071,619821
2008-10-03,1471,1471.TW,上市,12.511981,13.658117,12.511981,13.658117,834456
2008-10-06,1471,1471.TW,上市,13.371583,14.61323,12.703004,12.703004,595740
2008-10-07,1471,1471.TW,上市,12.225447,13.228316,12.034424,12.989538,1128662
2008-10-08,1471,1471.TW,上市,12.511981,12.798515,12.08218,12.08218,591552
2008-10-09,1471,1471.TW,上市,11.652379,12.129936,11.270334,11.270334,1213468
2008-10-13,1471,1471.TW,上市,10.888289,10.888289,10.888289,10.888289,113075
2008-10-14,1471,1471.TW,上市,11.270334,11.604624,11.174823,11.604624,1439620
2008-10-15,1471,1471.TW,上市,11.461357,11.461357,11.222578,11.222578,803046
2008-10-16,1471,1471.TW,上市,10.840533,11.079311,10.840533,10.888289,652278
2008-10-17,1471,1471.TW,上市,11.079311,11.270334,10.601755,10.745022,889946
2008-10-20,1471,1471.TW,上市,10.745022,11.461357,10.410732,11.461357,1173683
2008-10-21,1471,1471.TW,上市,12.129936,12.129936,11.270334,11.938913,850161
2008-10-22,1471,1471.TW,上市,11.747891,12.750759,11.556868,11.556868,509887
2008-10-23,1471,1471.TW,上市,11.174823,11.174823,11.174823,11.174823,261749
2008-10-24,1471,1471.TW,上市,10.792777,10.840533,10.792777,10.792777,884711
2008-10-27,1471,1471.TW,上市,10.076443,10.792777,10.076443,10.315221,1088876
2008-10-28,1471,1471.TW,上市,9.742153,11.031556,9.694397,11.031556,1339108
2008-10-29,1471,1471.TW,上市,11.747891,11.747891,10.315221,10.506244,696252
2008-10-30,1471,1471.TW,上市,10.506244,11.222578,10.506244,11.222578,873195
2008-10-31,1471,1471.TW,上市,10.792777,11.652379,10.792777,11.556868,1199857
2008-11-03,1471,1471.TW,上市,11.461357,11.938913,11.174823,11.843402,697299
2008-11-04,1471,1471.TW,上市,11.509112,11.747891,11.174823,11.365845,540250
2008-11-05,1471,1471.TW,上市,11.461357,12.129936,11.174823,11.652379,1339108
2008-11-06,1471,1471.TW,上市,10.888289,11.174823,10.840533,10.840533,692064
2008-11-07,1471,1471.TW,上市,10.410732,11.127067,10.171954,10.9838,622962
2008-11-10,1471,1471.TW,上市,10.21971,10.888289,10.21971,10.410732,413563
2008-11-11,1471,1471.TW,上市,10.21971,10.553999,10.028687,10.028687,447067
2008-11-12,1471,1471.TW,上市,10.267465,10.506244,10.028687,10.028687,265937
2008-11-13,1471,1471.TW,上市,10.028687,10.028687,9.331454,9.694397,1028150
2008-11-14,1471,1471.TW,上市,9.88542,9.933176,9.312352,9.312352,468007
2008-11-17,1471,1471.TW,上市,9.073574,9.073574,8.662875,8.662875,815610
2008-11-18,1471,1471.TW,上市,8.061154,8.19487,8.061154,8.061154,492088
2008-11-19,1471,1471.TW,上市,7.497637,8.099359,7.497637,8.099359,1042808
2008-11-20,1471,1471.TW,上市,7.535842,7.660006,7.535842,7.535842,486853
2008-11-21,1471,1471.TW,上市,7.106041,8.013398,7.106041,7.831927,622962877
2008-11-24,1471,1471.TW,上市,7.736416,8.376341,7.449882,7.497637,333991
2008-11-25,1471,1471.TW,上市,7.736416,8.013398,7.669558,8.013398,759072
2008-11-26,1471,1471.TW,上市,7.831927,7.994296,7.640904,7.927438,361213
2008-11-27,1471,1471.TW,上市,8.032501,8.481404,8.032501,8.481404,659607
2008-11-28,1471,1471.TW,上市,8.500506,9.035369,8.481404,8.882551,884711
2008-12-01,1471,1471.TW,上市,8.596017,9.073574,8.596017,8.882551,706722
2008-12-02,1471,1471.TW,上市,8.404995,8.471853,8.261728,8.261728,447067
2008-12-03,1471,1471.TW,上市,8.223523,8.404995,7.736416,7.736416,298393
2008-12-04,1471,1471.TW,上市,7.927438,8.118461,7.736416,7.736416,374824723
2008-12-05,1471,1471.TW,上市,7.736416,7.94654,7.669558,7.851029,157049
2008-12-08,1471,1471.TW,上市,7.736416,8.395444,7.736416,8.395444,469054
2008-12-09,1471,1471.TW,上市,8.78704,8.853898,8.500506,8.500506,684735
2008-12-10,1471,1471.TW,上市,8.596017,9.073574,8.596017,9.064023,1212421
2008-12-11,1471,1471.TW,上市,8.892102,9.159534,8.720182,8.911205,715098
2008-12-12,1471,1471.TW,上市,9.073574,9.073574,8.357239,8.576915,651231
2008-12-15,1471,1471.TW,上市,8.691529,9.169085,8.691529,8.968511,806187
2008-12-16,1471,1471.TW,上市,8.78704,8.834796,8.653324,8.815693,316192
2008-12-17,1471,1471.TW,上市,8.882551,9.102227,8.691529,8.710631,349696
2008-12-18,1471,1471.TW,上市,8.901654,8.901654,8.596017,8.767938,221963
2008-12-19,1471,1471.TW,上市,8.930307,8.930307,8.930307,8.930307,321427904
2008-12-22,1471,1471.TW,上市,9.149983,9.55113,8.45275,8.45275,346555
2008-12-23,1471,1471.TW,上市,8.45275,8.45275,7.927438,8.070705,290018
2008-12-24,1471,1471.TW,上市,8.042052,8.634222,8.032501,8.070705,246044161
2008-12-25,1471,1471.TW,上市,8.070705,8.213972,7.879683,7.94654,174848
2008-12-26,1471,1471.TW,上市,7.94654,8.166216,7.879683,8.013398,298393
2008-12-29,1471,1471.TW,上市,8.013398,8.567364,8.013398,8.567364,1592481
2008-12-30,1471,1471.TW,上市,9.064023,9.12133,8.739284,8.949409,1988246
2008-12-31,1471,1471.TW,上市,8.596017,9.073574,8.596017,8.748835,1705557
2009-01-02,1471,1471.TW,上市,8.748835,8.748835,8.748835,8.748835,0
2009-01-05,1471,1471.TW,上市,9.073574,9.149983,8.815693,8.892102,615633
2009-01-06,1471,1471.TW,上市,8.892102,9.073574,8.710631,8.777489,452302
2009-01-07,1471,1471.TW,上市,9.025818,9.025818,8.853898,8.911205,546532
2009-01-08,1471,1471.TW,上市,8.873,8.873,8.290381,8.404995,396811
2009-01-09,1471,1471.TW,上市,8.223523,8.481404,8.223523,8.271279,367495
2009-01-12,1471,1471.TW,上市,8.137563,8.213972,8.051603,8.070705,194741
2009-01-13,1471,1471.TW,上市,8.022949,8.19487,7.841478,8.19487,229292
2009-01-14,1471,1471.TW,上市,8.19487,8.548262,8.118461,8.213972,861678
2009-01-15,1471,1471.TW,上市,7.917887,8.003847,7.765069,7.917887,151814
2009-01-16,1471,1471.TW,上市,7.927438,8.022949,7.851029,7.956092,261749
2009-01-19,1471,1471.TW,上市,7.812825,7.831927,7.745967,7.803273,135062539
2009-01-20,1471,1471.TW,上市,7.736416,7.803273,7.459433,7.736416,186365
2009-01-21,1471,1471.TW,上市,7.564495,7.927438,7.564495,7.927438,214634
2009-02-02,1471,1471.TW,上市,7.831927,8.481404,7.831927,8.309483,3257205
2009-02-03,1471,1471.TW,上市,8.36679,8.548262,8.36679,8.548262,525592
2009-02-04,1471,1471.TW,上市,8.61512,8.78704,8.309483,8.404995,263843
2009-02-05,1471,1471.TW,上市,8.404995,8.443199,8.213972,8.271279,244997
2009-02-06,1471,1471.TW,上市,8.500506,8.596017,8.404995,8.424097,470101
2009-02-09,1471,1471.TW,上市,8.500506,8.596017,8.213972,8.319035,266984
2009-02-10,1471,1471.TW,上市,8.319035,8.404995,8.233074,8.338137,255467
2009-02-11,1471,1471.TW,上市,8.070705,8.385892,8.070705,8.376341,340273
2009-02-12,1471,1471.TW,上市,8.357239,8.471853,8.080256,8.089807,305722
2009-02-13,1471,1471.TW,上市,8.137563,8.443199,8.128012,8.404995,462772
2009-02-16,1471,1471.TW,上市,8.548262,8.987614,8.414546,8.987614,2661464
2009-02-17,1471,1471.TW,上市,9.073574,9.455619,8.930307,9.006716,2828984
2009-02-18,1471,1471.TW,上市,9.006716,9.159534,8.634222,9.159534,1573635
2009-02-19,1471,1471.TW,上市,9.140432,9.140432,8.720182,8.777489,497323
2009-02-20,1471,1471.TW,上市,8.78704,9.04492,8.758387,8.758387,806187
2009-02-23,1471,1471.TW,上市,8.78704,9.025818,8.433648,8.78704,312004
2009-02-24,1471,1471.TW,上市,8.596017,8.78704,8.510057,8.748835,250232
2009-02-25,1471,1471.TW,上市,8.968511,8.968511,8.691529,8.691529,470101
2009-02-26,1471,1471.TW,上市,8.70108,8.78704,8.662875,8.70108,242903
2009-02-27,1471,1471.TW,上市,8.767938,8.95896,8.710631,8.930307,478477
2009-03-02,1471,1471.TW,上市,8.882551,8.882551,8.309483,8.357239,580036
2009-03-03,1471,1471.TW,上市,8.147114,8.500506,8.147114,8.376341,270125
2009-03-04,1471,1471.TW,上市,8.376341,8.95896,8.376341,8.95896,1253254
2009-03-05,1471,1471.TW,上市,9.083125,9.436517,8.978063,9.102227,1525473
2009-03-06,1471,1471.TW,上市,9.102227,9.493824,9.102227,9.312352,1221844
2009-03-09,1471,1471.TW,上市,9.360108,9.407863,8.892102,8.978063,728709
2009-03-10,1471,1471.TW,上市,9.04492,9.522477,8.978063,9.474721,1039667
2009-03-11,1471,1471.TW,上市,9.933176,10.124198,9.55113,10.124198,2062582
2009-03-12,1471,1471.TW,上市,10.697266,10.792777,10.410732,10.745022,3863416
2009-03-13,1471,1471.TW,上市,10.506244,10.9838,10.458488,10.697266,2500227
2009-03-16,1471,1471.TW,上市,10.697266,11.079311,10.410732,10.745022,1863653
2009-03-17,1471,1471.TW,上市,10.601755,11.365845,10.506244,11.174823,1875170
2009-03-18,1471,1471.TW,上市,11.365845,11.461357,10.553999,10.553999,1986152
2009-03-19,1471,1471.TW,上市,10.601755,10.9838,10.21971,10.410732,1524426
2009-03-20,1471,1471.TW,上市,10.458488,10.840533,10.21971,10.315221,1574682
2009-03-23,1471,1471.TW,上市,10.601755,10.697266,10.410732,10.506244,686829
2009-03-24,1471,1471.TW,上市,10.888289,10.936044,10.601755,10.601755,936014
2009-03-25,1471,1471.TW,上市,10.840533,11.222578,10.64951,11.174823,2492898
2009-03-26,1471,1471.TW,上市,11.270334,11.700135,11.127067,11.413601,2569329
2009-03-27,1471,1471.TW,上市,11.747891,11.843402,11.079311,11.174823,1749531
2009-03-30,1471,1471.TW,上市,11.079311,11.174823,10.410732,10.506244,1402975
2009-03-31,1471,1471.TW,上市,10.506244,10.840533,10.506244,10.64951,694158
2009-04-02,1471,1471.TW,上市,11.270334,11.747891,11.127067,11.652379,2955670
2009-04-03,1471,1471.TW,上市,11.461357,11.747891,11.31809,11.700135,2065723
2009-04-06,1471,1471.TW,上市,11.747891,12.225447,11.556868,11.938913,2010233
2009-04-07,1471,1471.TW,上市,11.747891,12.08218,11.700135,11.843402,1101440
2009-04-08,1471,1471.TW,上市,11.843402,12.655248,11.843402,12.655248,4070722
2009-04-09,1471,1471.TW,上市,13.51485,13.51485,13.51485,13.51485,639714
2009-04-10,1471,1471.TW,上市,14.422207,14.422207,13.944651,14.422207,5790937
2009-04-13,1471,1471.TW,上市,14.326696,15.425076,13.992406,15.425076,3793268
2009-04-14,1471,1471.TW,上市,15.425076,16.38019,15.090786,15.568343,2478240
2009-04-15,1471,1471.TW,上市,15.759366,15.854877,14.899764,15.234053,1536990
2009-04-16,1471,1471.TW,上市,15.568343,15.616099,15.043031,15.090786,1312933
2009-04-17,1471,1471.TW,上市,15.281809,15.71161,14.040162,14.040162,3093874
2009-04-20,1471,1471.TW,上市,13.562605,14.040162,13.085049,13.323827,1518144
2009-04-21,1471,1471.TW,上市,12.989538,14.231185,12.989538,14.231185,1596669
2009-04-22,1471,1471.TW,上市,14.326696,14.899764,14.27894,14.469963,1609233
2009-04-23,1471,1471.TW,上市,14.61323,14.61323,13.992406,14.040162,1067936
2009-04-24,1471,1471.TW,上市,14.422207,14.61323,14.040162,14.087918,1061654
2009-04-27,1471,1471.TW,上市,14.27894,14.61323,13.610361,13.849139,2887616
2009-04-28,1471,1471.TW,上市,13.944651,14.27894,13.037293,13.228316,1462654
2009-04-29,1471,1471.TW,上市,13.228316,13.371583,12.703004,12.798515,790482
2009-04-30,1471,1471.TW,上市,13.562605,13.658117,13.371583,13.658117,1124474
2009-05-04,1471,1471.TW,上市,14.61323,14.61323,14.27894,14.61323,1952648
2009-05-05,1471,1471.TW,上市,14.61323,14.756497,13.610361,14.135673,1717074
2009-05-06,1471,1471.TW,上市,14.040162,14.804252,13.705872,14.660985,1939037
2009-05-07,1471,1471.TW,上市,14.660985,15.043031,14.326696,14.899764,2408091
2009-05-08,1471,1471.TW,上市,15.281809,15.37732,14.947519,15.186298,1783034
2009-05-11,1471,1471.TW,上市,16.236921,16.236921,16.045898,16.093655,2900180
2009-05-12,1471,1471.TW,上市,16.045898,16.045898,14.995275,15.186298,3129472
2009-05-13,1471,1471.TW,上市,16.236921,16.236921,16.236921,16.236921,1877264
2009-05-14,1471,1471.TW,上市,17.335302,17.335302,17.335302,17.335302,3360858
2009-05-15,1471,1471.TW,上市,18.529194,18.529194,17.335302,17.57408,9889928
2009-05-18,1471,1471.TW,上市,17.57408,18.051638,16.80999,17.478569,4005808
2009-05-19,1471,1471.TW,上市,17.956125,18.003881,16.857746,16.9055,3717884
2009-05-20,1471,1471.TW,上市,17.001013,17.669592,16.618967,17.192036,2614350
2009-05-21,1471,1471.TW,上市,17.001013,17.57408,16.857746,17.287546,1665771
2009-05-22,1471,1471.TW,上市,16.093655,18.338171,16.093655,17.669592,3576539
2009-05-25,1471,1471.TW,上市,17.669592,18.003881,16.714479,16.9055,2481381
2009-05-26,1471,1471.TW,上市,17.001013,17.239792,16.236921,16.523457,1390411
2009-05-27,1471,1471.TW,上市,16.714479,17.287546,16.714479,16.953257,1638549
2009-06-01,1471,1471.TW,上市,17.144279,17.239792,16.045898,16.666723,2657276
2009-06-02,1471,1471.TW,上市,16.666723,17.383059,16.427944,16.666723,5301989
2009-06-03,1471,1471.TW,上市,16.666723,16.9055,16.045898,16.189165,2354694
2009-06-04,1471,1471.TW,上市,16.189165,16.523457,15.854877,15.998144,1246972
2009-06-05,1471,1471.TW,上市,16.332434,16.427944,15.950388,16.045898,1204045
2009-06-08,1471,1471.TW,上市,16.571213,16.618967,15.568343,15.759366,1636455
2009-06-09,1471,1471.TW,上市,15.807121,15.807121,14.660985,14.660985,1995575
2009-06-10,1471,1471.TW,上市,14.756497,14.947519,13.944651,14.040162,1098299
2009-06-11,1471,1471.TW,上市,13.562605,14.469963,13.562605,14.422207,1114004
2009-06-12,1471,1471.TW,上市,14.517718,14.804252,14.183429,14.183429,1176823
2009-06-15,1471,1471.TW,上市,14.231185,14.231185,13.228316,13.467094,1060607
2009-06-16,1471,1471.TW,上市,13.467094,13.658117,13.085049,13.323827,984176
2009-06-17,1471,1471.TW,上市,13.371583,14.231185,13.323827,14.231185,3760811
2009-06-18,1471,1471.TW,上市,13.992406,13.992406,13.276071,13.562605,2459394
2009-06-19,1471,1471.TW,上市,13.896895,14.469963,13.896895,14.469963,4056064
2009-06-22,1471,1471.TW,上市,14.517718,14.708741,13.658117,14.469963,3375516
2009-06-23,1471,1471.TW,上市,14.135673,14.995275,14.040162,14.326696,2862488
2009-06-24,1471,1471.TW,上市,14.517718,14.804252,14.135673,14.469963,1181011
2009-06-25,1471,1471.TW,上市,14.804252,15.472832,14.804252,14.804252,3601667
2009-06-26,1471,1471.TW,上市,14.61323,15.186298,14.61323,14.852008,1242784
2009-06-29,1471,1471.TW,上市,14.995275,15.090786,14.61323,14.756497,969518
2009-06-30,1471,1471.TW,上市,14.756497,14.947519,14.422207,14.422207,791529
2009-07-01,1471,1471.TW,上市,14.756497,15.281809,14.469963,14.804252,1872029
2009-07-02,1471,1471.TW,上市,14.804252,15.138542,14.804252,14.804252,1021868
2009-07-03,1471,1471.TW,上市,14.708741,15.090786,14.565474,15.043031,1075265
2009-07-06,1471,1471.TW,上市,15.043031,15.090786,14.852008,15.043031,626103
2009-07-07,1471,1471.TW,上市,15.043031,15.807121,14.995275,15.71161,3079216
2009-07-08,1471,1471.TW,上市,15.663854,16.427944,15.281809,16.427944,5478932
2009-07-09,1471,1471.TW,上市,16.427944,16.714479,16.045898,16.38019,4570139
2009-07-10,1471,1471.TW,上市,16.4757,16.571213,16.141411,16.141411,1222891
2009-07-13,1471,1471.TW,上市,16.332434,16.523457,15.472832,15.759366,1506627
2009-07-14,1471,1471.TW,上市,16.093655,16.857746,16.045898,16.618967,5232888
2009-07-15,1471,1471.TW,上市,16.618967,16.80999,16.4757,16.523457,3337824
2009-07-16,1471,1471.TW,上市,16.714479,17.001013,16.332434,16.427944,2482428
2009-07-17,1471,1471.TW,上市,16.523457,17.478569,16.427944,17.383059,6321764
2009-07-20,1471,1471.TW,上市,17.669592,18.338171,17.192036,17.430813,9372712
2009-07-21,1471,1471.TW,上市,17.478569,17.669592,17.001013,17.001013,2928449
2009-07-22,1471,1471.TW,上市,17.048767,17.812859,17.001013,17.765102,5405642
2009-07-23,1471,1471.TW,上市,17.812859,18.147148,17.335302,17.860615,6924834
2009-07-24,1471,1471.TW,上市,18.099394,18.433681,17.335302,17.335302,7499635
2009-07-27,1471,1471.TW,上市,17.383059,17.526325,16.9055,17.048767,1853183
2009-07-28,1471,1471.TW,上市,17.192036,18.194904,17.192036,18.194904,7519528
2009-07-29,1471,1471.TW,上市,19.43655,19.43655,19.43655,19.43655,5586772
2009-07-30,1471,1471.TW,上市,20.773708,20.773708,19.818596,20.725954,24281941
2009-07-31,1471,1471.TW,上市,20.534931,21.967602,20.343908,21.060244,14150156
2009-08-03,1471,1471.TW,上市,21.490044,22.445156,21.012487,22.110868,7535233
2009-08-04,1471,1471.TW,上市,22.540668,22.827202,20.582687,20.582687,8196935
2009-08-05,1471,1471.TW,上市,20.343908,21.394533,19.914106,20.630442,5896683
2009-08-06,1471,1471.TW,上市,21.108,21.20351,20.057373,20.630442,3382845
2009-08-07,1471,1471.TW,上市,21.185402,21.185402,21.185402,21.185402,0
2009-08-10,1471,1471.TW,上市,19.961863,20.916977,19.961863,20.439421,1738014
2009-08-11,1471,1471.TW,上市,20.773708,21.63331,20.534931,21.012487,4594220
2009-08-12,1471,1471.TW,上市,20.630442,21.490044,20.534931,20.725954,4766974
2009-08-13,1471,1471.TW,上市,21.060244,21.346777,20.630442,20.725954,7694376
2009-08-14,1471,1471.TW,上市,20.964731,22.158623,20.821465,21.63331,14297783
2009-08-17,1471,1471.TW,上市,21.490044,21.490044,20.534931,20.630442,4554434
2009-08-18,1471,1471.TW,上市,20.057373,20.725954,19.579819,19.866352,4654946
2009-08-19,1471,1471.TW,上市,21.251266,21.251266,20.630442,21.251266,6781395
2009-08-20,1471,1471.TW,上市,21.012487,21.490044,20.057373,21.20351,7136327
2009-08-21,1471,1471.TW,上市,21.346777,21.824333,20.057373,20.152885,5447522
2009-08-24,1471,1471.TW,上市,21.108,21.108,20.391665,20.773708,2452065
2009-08-25,1471,1471.TW,上市,20.773708,21.728823,20.630442,21.012487,4622489
2009-08-26,1471,1471.TW,上市,21.490044,22.254135,21.060244,22.015356,13387943
2009-08-27,1471,1471.TW,上市,21.585554,22.063112,21.012487,21.251266,5231841
2009-08-28,1471,1471.TW,上市,21.251266,21.63331,21.060244,21.251266,3646688
2009-08-31,1471,1471.TW,上市,20.725954,20.725954,19.77084,20.439421,6172043
2009-09-01,1471,1471.TW,上市,20.439421,21.012487,20.200642,20.916977,5417159
2009-09-02,1471,1471.TW,上市,20.725954,21.299021,20.534931,20.630442,4060252
2009-09-03,1471,1471.TW,上市,20.630442,21.5378,20.534931,20.964731,7190771
2009-09-04,1471,1471.TW,上市,21.394533,21.872089,20.916977,21.108,6930069
2009-09-07,1471,1471.TW,上市,21.394533,21.585554,20.821465,21.490044,5016159
2009-09-08,1471,1471.TW,上市,21.776579,22.970469,21.490044,21.967602,16879676
2009-09-09,1471,1471.TW,上市,21.776579,22.254135,21.108,21.442287,5727070
2009-09-10,1471,1471.TW,上市,21.776579,21.824333,20.725954,21.060244,3851899
2009-09-11,1471,1471.TW,上市,21.060244,21.681067,21.060244,21.394533,2756741
2009-09-14,1471,1471.TW,上市,21.585554,21.681067,21.155754,21.20351,2044784
2009-09-15,1471,1471.TW,上市,21.20351,21.824333,21.20351,21.490044,2758835
2009-09-16,1471,1471.TW,上市,21.728823,22.540668,21.490044,21.490044,7020111
2009-09-17,1471,1471.TW,上市,21.776579,22.158623,21.346777,21.490044,3901108
2009-09-18,1471,1471.TW,上市,21.681067,22.540668,21.346777,22.158623,8920409
2009-09-21,1471,1471.TW,上市,22.445156,23.686804,22.158623,23.686804,22363843
2009-09-22,1471,1471.TW,上市,24.16436,24.832939,23.83007,23.83007,15853619
2009-09-23,1471,1471.TW,上市,23.83007,24.116606,22.397402,22.492912,6637957
2009-09-24,1471,1471.TW,上市,22.492912,23.304758,22.158623,22.922714,4437170
2009-09-25,1471,1471.TW,上市,22.922714,23.257004,22.683935,22.731691,2825843
2009-09-28,1471,1471.TW,上市,22.445156,23.113735,22.301889,22.349646,1994528
2009-09-29,1471,1471.TW,上市,22.636181,23.495783,22.588425,23.113735,4645523
2009-09-30,1471,1471.TW,上市,23.352514,23.782314,22.922714,23.113735,6439028
2009-10-01,1471,1471.TW,上市,23.304758,23.495783,22.922714,23.352514,4391103
2009-10-02,1471,1471.TW,上市,22.922714,23.877827,22.922714,23.40027,3893779
2009-10-05,1471,1471.TW,上市,24.832939,25.023962,23.925583,25.023962,12383873
2009-10-06,1471,1471.TW,上市,25.023962,25.406008,24.689672,24.928452,10919125
2009-10-07,1471,1471.TW,上市,25.119474,25.310495,24.16436,24.212116,4335612
2009-10-08,1471,1471.TW,上市,24.450895,24.546406,23.257004,23.782314,3974398
2009-10-09,1471,1471.TW,上市,23.973337,24.880695,23.448027,24.689672,5296754
2009-10-12,1471,1471.TW,上市,25.023962,25.788054,24.928452,24.976208,7622134
2009-10-13,1471,1471.TW,上市,25.119474,26.69541,25.119474,26.69541,26372793
2009-10-14,1471,1471.TW,上市,26.934189,28.271347,26.504389,28.175837,29471902
2009-10-15,1471,1471.TW,上市,28.080324,28.987682,27.459501,28.080324,18111991
2009-10-16,1471,1471.TW,上市,28.175837,29.990551,27.698278,29.990551,19704472
2009-10-19,1471,1471.TW,上市,30.086061,30.420351,29.130949,29.608505,19776715
2009-10-20,1471,1471.TW,上市,29.608505,29.895039,28.939926,28.939926,7706940
2009-10-21,1471,1471.TW,上市,28.939926,29.704018,28.939926,28.987682,7197053
2009-10-22,1471,1471.TW,上市,28.939926,29.369726,28.080324,28.175837,4896802
2009-10-23,1471,1471.TW,上市,28.366858,29.560749,28.271347,28.844416,9513009
2009-10-26,1471,1471.TW,上市,29.22646,29.608505,28.653393,28.748903,3988009
2009-10-27,1471,1471.TW,上市,28.46237,28.748903,27.889301,28.366858,3290709
2009-10-28,1471,1471.TW,上市,28.080324,28.366858,26.647655,26.981943,3748247
2009-10-29,1471,1471.TW,上市,25.788054,26.313366,25.310495,26.217854,4187985
2009-10-30,1471,1471.TW,上市,26.552143,26.599899,25.597031,25.597031,1555836
2009-11-02,1471,1471.TW,上市,24.832939,27.125212,24.641916,27.125212,1872029
2009-11-03,1471,1471.TW,上市,26.647655,27.125212,26.552143,26.743166,1922285
2009-11-04,1471,1471.TW,上市,26.647655,27.698278,26.552143,27.172968,3048853
2009-11-05,1471,1471.TW,上市,27.220722,27.937057,26.934189,27.316235,2549436
2009-11-06,1471,1471.TW,上市,27.841545,28.175837,26.69541,26.69541,2865629
2009-11-09,1471,1471.TW,上市,27.029699,27.411745,26.743166,26.886433,1500345
2009-11-10,1471,1471.TW,上市,27.077456,27.984814,27.077456,27.698278,2281405
2009-11-11,1471,1471.TW,上市,28.271347,29.178703,28.271347,28.892172,11090833
2009-11-12,1471,1471.TW,上市,28.892172,29.035437,27.937057,28.175837,4650758
2009-11-13,1471,1471.TW,上市,28.175837,28.796659,27.841545,28.175837,3178681
2009-11-16,1471,1471.TW,上市,28.844416,30.133818,28.414614,30.133818,21334646
2009-11-17,1471,1471.TW,上市,30.229328,30.324841,29.321972,29.465239,9573735
2009-11-18,1471,1471.TW,上市,29.799528,30.897907,29.417482,30.65913,15475654
2009-11-19,1471,1471.TW,上市,30.65913,32.76038,30.372597,32.76038,23918633
2009-11-20,1471,1471.TW,上市,32.664867,33.333447,32.091801,32.903645,14488336
2009-11-23,1471,1471.TW,上市,33.61998,33.811005,32.569355,32.855888,10165288
2009-11-24,1471,1471.TW,上市,32.855888,33.715492,32.282822,32.569355,15377236
2009-11-25,1471,1471.TW,上市,32.569355,32.76038,31.805265,31.853022,6618064
2009-11-26,1471,1471.TW,上市,31.900778,32.855888,31.805265,31.805265,4398432
2009-11-27,1471,1471.TW,上市,31.42322,31.709755,30.277084,30.277084,7648308
2009-11-30,1471,1471.TW,上市,31.08893,31.232199,30.372597,30.945663,3226843
2009-12-01,1471,1471.TW,上市,31.279953,31.805265,30.65913,30.99342,3385986
2009-12-02,1471,1471.TW,上市,31.709755,31.900778,30.563618,30.945663,3472887
2009-12-03,1471,1471.TW,上市,31.42322,31.42322,30.420351,30.468107,2564094
2009-12-04,1471,1471.TW,上市,30.563618,30.99342,30.372597,30.850151,2253136
2009-12-07,1471,1471.TW,上市,31.136686,32.330578,31.041176,31.996288,6281978
2009-12-08,1471,1471.TW,上市,32.473846,32.76038,31.518732,32.044044,6499753
2009-12-09,1471,1471.TW,上市,32.378334,34.240803,32.091801,34.240803,10988227
2009-12-10,1471,1471.TW,上市,35.243671,36.628586,34.575092,35.434696,25304856
2009-12-11,1471,1471.TW,上市,35.434696,37.058388,35.004894,35.816738,14383636
2009-12-14,1471,1471.TW,上市,36.676342,36.771854,35.100407,35.291428,6631675
2009-12-15,1471,1471.TW,上市,35.768986,35.960007,35.148163,35.339184,5538611
2009-12-16,1471,1471.TW,上市,35.673473,35.72123,35.148163,35.148163,3123190
2009-12-17,1471,1471.TW,上市,35.148163,35.625717,32.76038,34.336315,7651449
2009-12-18,1471,1471.TW,上市,33.61998,34.193047,33.237934,34.002026,3082357
2009-12-21,1471,1471.TW,上市,34.002026,34.479584,33.715492,33.763248,2390292
2009-12-22,1471,1471.TW,上市,33.906513,34.861626,33.715492,34.527336,5453804
2009-12-23,1471,1471.TW,上市,34.670605,35.148163,34.431828,34.431828,3694850
2009-12-24,1471,1471.TW,上市,34.288559,34.861626,33.237934,33.667736,9658542
2009-12-25,1471,1471.TW,上市,34.002026,34.575092,33.715492,34.002026,4254993
2009-12-28,1471,1471.TW,上市,34.384071,35.339184,34.384071,34.575092,5884119
2009-12-29,1471,1471.TW,上市,35.339184,36.151031,35.100407,35.243671,9945419
2009-12-30,1471,1471.TW,上市,35.530209,37.440434,35.148163,36.962875,18801961
2009-12-31,1471,1471.TW,上市,36.962875,37.583698,36.389809,36.819611,13764862
2010-01-04,1471,1471.TW,上市,36.819611,37.106144,35.530209,36.103275,5348057
2010-01-05,1471,1471.TW,上市,36.58083,37.344921,35.625717,36.628586,12142017
2010-01-06,1471,1471.TW,上市,36.628586,37.870235,36.628586,37.1539,15293476
2010-01-07,1471,1471.TW,上市,37.1539,37.297165,35.912251,36.24654,6458920
2010-01-08,1471,1471.TW,上市,36.771854,37.344921,36.389809,36.867367,13583731
2010-01-11,1471,1471.TW,上市,37.058388,37.058388,36.342052,36.676342,4965904
2010-01-12,1471,1471.TW,上市,36.437565,37.48819,36.437565,36.628586,7296518
2010-01-13,1471,1471.TW,上市,36.294296,36.771854,36.24654,36.294296,3144130
2010-01-14,1471,1471.TW,上市,36.771854,38.634323,36.58083,37.822479,15907016
2010-01-15,1471,1471.TW,上市,38.300034,39.541679,37.822479,38.204521,12315819
2010-01-18,1471,1471.TW,上市,38.204521,39.684948,37.440434,39.446171,12783826
2010-01-19,1471,1471.TW,上市,39.732704,40.11475,38.300034,38.586567,8143538
2010-01-20,1471,1471.TW,上市,38.777592,39.064125,37.440434,37.583698,4761739
2010-01-21,1471,1471.TW,上市,37.535946,37.917988,36.533073,36.771854,3819442
2010-01-22,1471,1471.TW,上市,35.434696,36.294296,35.148163,35.434696,3459276
2010-01-25,1471,1471.TW,上市,35.434696,36.724098,35.434696,36.007763,3700085
2010-01-26,1471,1471.TW,上市,36.485321,36.58083,33.524467,33.524467,4527212
2010-01-27,1471,1471.TW,上市,33.524467,34.288559,31.232199,31.996288,5192055
2010-01-28,1471,1471.TW,上市,32.091801,33.906513,32.091801,33.906513,3225796
2010-01-29,1471,1471.TW,上市,32.569355,33.61998,32.473846,33.046913,1724403
2010-02-01,1471,1471.TW,上市,33.237934,33.381203,31.566486,31.614243,2967187
2010-02-02,1471,1471.TW,上市,32.282822,32.951401,31.08893,31.614243,3113767
2010-02-03,1471,1471.TW,上市,32.76038,32.76038,31.709755,32.235065,1757907
2010-02-04,1471,1471.TW,上市,32.473846,32.951401,32.235065,32.378334,2489757
2010-02-05,1471,1471.TW,上市,31.041176,31.518732,30.133818,30.133818,2938918
2010-02-08,1471,1471.TW,上市,29.130949,29.512995,28.46237,29.130949,1262677
2010-02-09,1471,1471.TW,上市,29.321972,31.136686,29.22646,31.136686,3576539
2010-02-10,1471,1471.TW,上市,31.518732,32.951401,31.518732,32.282822,3625748
2010-02-22,1471,1471.TW,上市,33.428959,33.428959,31.518732,31.518732,2564094
2010-02-23,1471,1471.TW,上市,31.709755,32.378334,31.709755,31.853022,1752672
2010-02-24,1471,1471.TW,上市,31.518732,32.187309,31.518732,31.661999,1373659
2010-02-25,1471,1471.TW,上市,31.948532,32.091801,30.563618,30.65913,1723356
2010-02-26,1471,1471.TW,上市,30.65913,31.184443,30.086061,30.277084,1326544
2010-03-01,1471,1471.TW,上市,30.468107,31.709755,30.372597,31.518732,2253136
2010-03-02,1471,1471.TW,上市,31.709755,32.282822,31.518732,31.518732,1917050
2010-03-03,1471,1471.TW,上市,31.709755,32.617111,31.566486,31.948532,4280121
2010-03-04,1471,1471.TW,上市,32.091801,32.282822,31.327709,31.518732,1556883
2010-03-05,1471,1471.TW,上市,31.996288,32.235065,31.518732,31.757509,1212421
2010-03-08,1471,1471.TW,上市,32.187309,33.190178,32.091801,32.855888,6047451
2010-03-09,1471,1471.TW,上市,32.951401,33.094669,32.282822,32.617111,5019300
2010-03-10,1471,1471.TW,上市,32.855888,33.381203,32.282822,32.42609,10476246
2010-03-11,1471,1471.TW,上市,32.569355,33.046913,32.330578,32.330578,4539776
2010-03-12,1471,1471.TW,上市,32.378334,32.712624,31.805265,32.42609,5380514
2010-03-15,1471,1471.TW,上市,32.473846,32.664867,31.805265,31.805265,2424843
2010-03-16,1471,1471.TW,上市,31.805265,31.996288,31.614243,31.805265,1564212
2010-03-17,1471,1471.TW,上市,32.187309,32.617111,31.948532,32.282822,6182513
2010-03-18,1471,1471.TW,上市,32.521599,33.046913,32.330578,32.76038,4854922
2010-03-19,1471,1471.TW,上市,32.903645,33.858761,32.521599,33.476711,9337114
2010-03-22,1471,1471.TW,上市,33.715492,34.288559,33.428959,33.61998,8592699
2010-03-23,1471,1471.TW,上市,33.906513,34.240803,33.28569,33.333447,6497659
2010-03-24,1471,1471.TW,上市,33.763248,33.906513,32.378334,32.378334,3534659
2010-03-25,1471,1471.TW,上市,32.473846,32.855888,32.282822,32.569355,2946247
2010-03-26,1471,1471.TW,上市,32.473846,33.28569,32.473846,32.473846,3180775
2010-03-29,1471,1471.TW,上市,32.712624,33.046913,32.521599,32.569355,1897157
2010-03-30,1471,1471.TW,上市,32.903645,33.524467,32.712624,32.855888,3443571
2010-03-31,1471,1471.TW,上市,33.046913,33.142426,32.521599,32.569355,1908674
2010-04-01,1471,1471.TW,上市,32.664867,33.046913,32.617111,32.76038,2702297
2010-04-02,1471,1471.TW,上市,33.046913,33.333447,32.903645,32.903645,2004998
2010-04-06,1471,1471.TW,上市,33.142426,33.61998,32.855888,32.951401,3380751
2010-04-07,1471,1471.TW,上市,33.428959,34.145294,33.142426,33.763248,6964620
2010-04-08,1471,1471.TW,上市,34.193047,34.384071,33.428959,33.906513,7508011
2010-04-09,1471,1471.TW,上市,34.240803,34.240803,33.476711,33.667736,3160882
2010-04-12,1471,1471.TW,上市,34.097538,34.145294,33.667736,33.715492,2822702
2010-04-13,1471,1471.TW,上市,33.715492,33.715492,32.808132,33.428959,2123308
2010-04-14,1471,1471.TW,上市,33.428959,33.61998,32.951401,33.381203,1434385
2010-04-15,1471,1471.TW,上市,33.715492,34.145294,33.476711,33.715492,6046404
2010-04-16,1471,1471.TW,上市,33.906513,33.954269,33.237934,33.61998,2854112
2010-04-19,1471,1471.TW,上市,33.094669,33.237934,31.327709,32.091801,3921001
2010-04-20,1471,1471.TW,上市,32.139557,32.569355,31.900778,32.187309,2557812
2010-04-21,1471,1471.TW,上市,32.473846,33.190178,32.378334,33.190178,3685427
2010-04-22,1471,1471.TW,上市,33.428959,34.145294,33.237934,33.954269,8418898
2010-04-23,1471,1471.TW,上市,34.479584,34.670605,33.524467,33.811005,6834792
2010-04-26,1471,1471.TW,上市,33.954269,34.622849,33.763248,33.906513,6207641
2010-04-27,1471,1471.TW,上市,34.288559,34.813873,33.906513,33.906513,6782442
2010-04-28,1471,1471.TW,上市,32.473846,33.715492,32.473846,33.428959,3174493
2010-04-29,1471,1471.TW,上市,33.428959,33.811005,32.664867,32.664867,2513838
2010-04-30,1471,1471.TW,上市,33.046913,33.094669,31.614243,31.900778,2835266
2010-05-03,1471,1471.TW,上市,31.900778,31.948532,29.799528,30.611374,3077122
2010-05-04,1471,1471.TW,上市,30.563618,30.754641,29.560749,29.656261,3463464
2010-05-05,1471,1471.TW,上市,28.653393,28.939926,28.414614,28.46237,2460441
2010-05-06,1471,1471.TW,上市,28.366858,28.653393,26.504389,26.647655,4456016
2010-05-07,1471,1471.TW,上市,24.832939,26.217854,24.785185,25.788054,3834100
2010-05-10,1471,1471.TW,上市,26.122343,27.555012,25.93132,27.555012,4020466
2010-05-11,1471,1471.TW,上市,27.698278,28.414614,27.220722,27.363991,4198455
2010-05-12,1471,1471.TW,上市,27.698278,27.937057,26.743166,26.743166,1656348
2010-05-13,1471,1471.TW,上市,27.220722,27.841545,27.220722,27.316235,1637502
2010-05-14,1471,1471.TW,上市,27.316235,27.889301,26.934189,27.602768,1619703
2010-05-17,1471,1471.TW,上市,27.029699,27.316235,26.170097,26.26561,1411351
2010-05-18,1471,1471.TW,上市,26.790922,27.029699,26.36112,26.456633,1548507
2010-05-19,1471,1471.TW,上市,26.456633,26.599899,25.788054,26.456633,1235455
2010-05-20,1471,1471.TW,上市,26.743166,26.743166,25.597031,25.788054,906698
2010-05-21,1471,1471.TW,上市,24.116606,24.546406,24.021093,24.021093,2764070
2010-05-24,1471,1471.TW,上市,24.450895,24.49865,24.06885,24.116606,1751625
2010-05-25,1471,1471.TW,上市,23.877827,24.06885,22.445156,22.445156,2286640
2010-05-26,1471,1471.TW,上市,22.445156,22.683935,21.012487,22.636181,2682404
2010-05-27,1471,1471.TW,上市,22.445156,23.40027,22.063112,23.40027,2152624
2010-05-28,1471,1471.TW,上市,24.116606,24.689672,23.877827,23.877827,2273029
2010-05-31,1471,1471.TW,上市,24.06885,24.116606,23.40027,23.877827,915074
2010-06-01,1471,1471.TW,上市,23.877827,24.928452,23.40027,24.450895,2489757
2010-06-02,1471,1471.TW,上市,23.973337,24.450895,22.922714,23.40027,1266865
2010-06-03,1471,1471.TW,上市,23.877827,24.259872,23.877827,23.973337,1163213
2010-06-04,1471,1471.TW,上市,24.021093,24.259872,23.877827,23.925583,929732
2010-06-07,1471,1471.TW,上市,22.922714,23.113735,22.445156,22.922714,1185199
2010-06-08,1471,1471.TW,上市,23.113735,23.73456,22.874958,23.352514,1237549
2010-06-09,1471,1471.TW,上市,23.352514,24.307629,22.922714,23.065981,1527567
2010-06-10,1471,1471.TW,上市,23.591293,23.686804,22.731691,23.304758,1016633
2010-06-11,1471,1471.TW,上市,23.686804,24.355383,23.495783,23.495783,1387270
2010-06-14,1471,1471.TW,上市,24.259872,24.307629,23.686804,23.973337,1777799
2010-06-15,1471,1471.TW,上市,23.877827,24.450895,23.73456,24.06885,1210327
2010-06-17,1471,1471.TW,上市,24.259872,24.641916,24.212116,24.259872,1574682
2010-06-18,1471,1471.TW,上市,24.355383,24.546406,23.973337,24.16436,1332826
2010-06-21,1471,1471.TW,上市,24.49865,24.832939,24.355383,24.641916,1262677
2010-06-22,1471,1471.TW,上市,24.641916,24.832939,24.546406,24.546406,933920
2010-06-23,1471,1471.TW,上市,24.450895,24.832939,24.06885,24.450895,958001
2010-06-24,1471,1471.TW,上市,24.641916,25.167229,24.259872,24.689672,2258371
2010-06-25,1471,1471.TW,上市,24.49865,24.641916,24.021093,24.116606,680547
2010-06-28,1471,1471.TW,上市,24.16436,24.307629,23.73456,23.73456,533968
2010-06-29,1471,1471.TW,上市,23.877827,24.259872,23.40027,23.40027,597834
2010-06-30,1471,1471.TW,上市,22.731691,22.874958,22.445156,22.683935,940202
2010-07-01,1471,1471.TW,上市,22.779448,22.874958,22.683935,22.874958,135062
2010-07-02,1471,1471.TW,上市,22.779448,23.018225,22.779448,22.779448,381106
2010-07-05,1471,1471.TW,上市,22.779448,23.209248,22.779448,23.209248,491041
2010-07-06,1471,1471.TW,上市,23.209248,24.259872,23.161491,24.021093,985223
2010-07-07,1471,1471.TW,上市,24.06885,24.212116,23.782314,23.925583,760119
2010-07-08,1471,1471.TW,上市,24.355383,24.785185,24.355383,24.546406,1641690
2010-07-09,1471,1471.TW,上市,24.737429,25.644787,24.737429,25.167229,2691827
2010-07-12,1471,1471.TW,上市,25.406008,25.740297,25.214985,25.310495,1571541
2010-07-13,1471,1471.TW,上市,25.310495,25.597031,24.641916,24.737429,874242
2010-07-14,1471,1471.TW,上市,24.928452,25.453762,24.928452,25.119474,1659489
2010-07-15,1471,1471.TW,上市,25.262741,25.358252,25.023962,25.119474,650184
2010-07-16,1471,1471.TW,上市,25.262741,25.549274,24.928452,25.406008,1409257
2010-07-19,1471,1471.TW,上市,25.310495,25.310495,24.832939,25.119474,805140
2010-07-20,1471,1471.TW,上市,25.214985,25.214985,24.880695,25.023962,914027
2010-07-21,1471,1471.TW,上市,25.119474,25.214985,24.546406,24.546406,1051184
2010-07-22,1471,1471.TW,上市,24.546406,24.976208,24.450895,24.737429,721380
2010-07-23,1471,1471.TW,上市,25.023962,25.023962,24.785185,24.785185,1700322
2010-07-26,1471,1471.TW,上市,25.15,25.950001,25.15,25.35,1936000
2010-07-27,1471,1471.TW,上市,25.6,25.75,25.4,25.5,1078000
2010-07-28,1471,1471.TW,上市,25.65,25.700001,25.299999,25.450001,854000
2010-07-29,1471,1471.TW,上市,25.6,25.6,25.299999,25.299999,626000
2010-07-30,1471,1471.TW,上市,25.1,26.200001,25.049999,25.9,1393000
2010-08-02,1471,1471.TW,上市,26.200001,26.5,26.049999,26.1,1522000
2010-08-03,1471,1471.TW,上市,26.4,26.450001,26.0,26.0,927000
2010-08-04,1471,1471.TW,上市,26.200001,26.200001,25.4,25.4,1256000
2010-08-05,1471,1471.TW,上市,25.6,25.85,25.299999,25.35,841000
2010-08-06,1471,1471.TW,上市,25.450001,25.65,25.35,25.5,561000
2010-08-09,1471,1471.TW,上市,25.5,27.25,25.4,27.25,4331000
2010-08-10,1471,1471.TW,上市,27.5,28.950001,27.5,28.0,8234000
2010-08-11,1471,1471.TW,上市,28.25,28.25,27.0,27.1,2248000
2010-08-12,1471,1471.TW,上市,26.5,26.9,26.299999,26.6,1641000
2010-08-13,1471,1471.TW,上市,26.6,27.9,26.6,27.549999,2535000
2010-08-16,1471,1471.TW,上市,27.299999,27.35,26.549999,26.65,2651000
2010-08-17,1471,1471.TW,上市,26.6,27.200001,26.5,26.549999,1734000
2010-08-18,1471,1471.TW,上市,27.0,27.049999,25.799999,25.85,1962000
2010-08-19,1471,1471.TW,上市,25.85,26.950001,25.85,26.5,2814000
2010-08-20,1471,1471.TW,上市,26.5,26.700001,26.200001,26.200001,1846000
2010-08-23,1471,1471.TW,上市,26.200001,26.35,25.65,25.75,1255000
2010-08-24,1471,1471.TW,上市,25.75,26.049999,25.5,25.6,1164000
2010-08-25,1471,1471.TW,上市,25.5,25.5,24.0,24.049999,2388000
2010-08-26,1471,1471.TW,上市,24.15,24.549999,23.75,23.799999,1148000
2010-08-27,1471,1471.TW,上市,23.799999,24.0,23.6,23.799999,905000
2010-08-30,1471,1471.TW,上市,22.25,23.450001,22.25,22.6,2370000
2010-08-31,1471,1471.TW,上市,22.299999,22.299999,21.049999,21.049999,2258000
2010-09-01,1471,1471.TW,上市,21.0,21.75,20.6,21.299999,1594000
2010-09-02,1471,1471.TW,上市,21.799999,22.0,21.299999,21.4,1615000
2010-09-03,1471,1471.TW,上市,21.6,22.799999,21.6,22.700001,2186000
2010-09-06,1471,1471.TW,上市,23.0,23.0,22.0,22.35,1408000
2010-09-07,1471,1471.TW,上市,22.299999,22.299999,21.75,21.85,1217000
2010-09-08,1471,1471.TW,上市,21.85,22.5,21.700001,22.0,1073000
2010-09-09,1471,1471.TW,上市,22.5,22.5,22.0,22.0,1019000
2010-09-10,1471,1471.TW,上市,22.299999,22.450001,22.0,22.0,562000
2010-09-13,1471,1471.TW,上市,22.299999,22.549999,22.0,22.25,1313000
2010-09-14,1471,1471.TW,上市,22.65,22.65,22.25,22.25,778000
2010-09-15,1471,1471.TW,上市,22.299999,22.65,22.049999,22.299999,1175000
2010-09-16,1471,1471.TW,上市,22.4,22.450001,21.85,21.9,846000
2010-09-17,1471,1471.TW,上市,22.0,22.9,22.0,22.6,1731000
2010-09-20,1471,1471.TW,上市,22.700001,22.700001,22.200001,22.200001,791000
2010-09-21,1471,1471.TW,上市,22.5,22.65,22.200001,22.200001,885000
2010-09-23,1471,1471.TW,上市,22.299999,22.6,22.25,22.450001,658000
2010-09-24,1471,1471.TW,上市,22.549999,22.6,22.1,22.200001,835000
2010-09-27,1471,1471.TW,上市,22.35,22.5,21.9,21.9,700000
2010-09-28,1471,1471.TW,上市,22.0,22.35,22.0,22.15,548000
2010-09-29,1471,1471.TW,上市,22.25,23.700001,22.25,23.700001,5404000
2010-09-30,1471,1471.TW,上市,24.200001,25.299999,24.200001,24.5,8025000
2010-10-01,1471,1471.TW,上市,24.5,24.5,23.450001,23.6,2092000
2010-10-04,1471,1471.TW,上市,24.6,24.6,23.450001,23.5,1630000
2010-10-05,1471,1471.TW,上市,23.5,23.5,22.799999,23.049999,1221000
2010-10-06,1471,1471.TW,上市,23.5,23.5,23.0,23.1,960000
2010-10-07,1471,1471.TW,上市,22.799999,23.4,22.799999,23.0,837000
2010-10-08,1471,1471.TW,上市,23.5,23.700001,23.1,23.1,1273000
2010-10-11,1471,1471.TW,上市,23.1,23.35,22.65,22.65,764000
2010-10-12,1471,1471.TW,上市,22.700001,22.85,22.049999,22.200001,740000
2010-10-13,1471,1471.TW,上市,22.4,22.6,22.1,22.35,504000
2010-10-14,1471,1471.TW,上市,22.450001,22.950001,22.4,22.4,540000
2010-10-15,1471,1471.TW,上市,22.4,22.6,22.1,22.1,407000
2010-10-18,1471,1471.TW,上市,22.1,22.1,21.5,21.5,1001000
2010-10-19,1471,1471.TW,上市,21.5,21.950001,21.5,21.5,733000
2010-10-20,1471,1471.TW,上市,21.5,22.200001,21.299999,21.85,812000
2010-10-21,1471,1471.TW,上市,22.0,22.0,21.65,21.65,613000
2010-10-22,1471,1471.TW,上市,21.65,21.85,21.299999,21.5,538000
2010-10-25,1471,1471.TW,上市,21.5,22.049999,21.5,21.950001,654000
2010-10-26,1471,1471.TW,上市,22.0,22.15,21.65,21.700001,523000
2010-10-27,1471,1471.TW,上市,21.950001,21.950001,21.549999,21.6,383000
2010-10-28,1471,1471.TW,上市,21.799999,21.799999,21.6,21.799999,337000
2010-10-29,1471,1471.TW,上市,21.799999,21.950001,21.549999,21.65,285000
2010-11-01,1471,1471.TW,上市,21.65,21.9,20.9,21.1,999000
2010-11-02,1471,1471.TW,上市,21.1,21.1,20.5,20.5,1149000
2010-11-03,1471,1471.TW,上市,20.5,20.65,19.1,19.1,2328000
2010-11-04,1471,1471.TW,上市,18.5,19.0,18.5,19.0,1328000
2010-11-05,1471,1471.TW,上市,19.15,19.6,19.15,19.200001,817000
2010-11-08,1471,1471.TW,上市,19.200001,19.200001,17.9,17.9,2211000
2010-11-09,1471,1471.TW,上市,17.6,18.299999,17.6,18.299999,942000
2010-11-10,1471,1471.TW,上市,18.5,18.65,18.299999,18.65,710000
2010-11-11,1471,1471.TW,上市,18.35,18.950001,18.35,18.700001,581000
2010-11-12,1471,1471.TW,上市,18.700001,18.700001,18.0,18.1,624000
2010-11-15,1471,1471.TW,上市,18.1,18.25,17.700001,17.799999,633000
2010-11-16,1471,1471.TW,上市,17.799999,18.25,17.799999,18.0,564000
2010-11-17,1471,1471.TW,上市,18.0,18.200001,17.799999,18.0,303000
2010-11-18,1471,1471.TW,上市,18.25,18.25,18.0,18.049999,254000
2010-11-19,1471,1471.TW,上市,18.25,19.200001,18.200001,18.700001,1459000
2010-11-22,1471,1471.TW,上市,18.700001,18.85,18.25,18.4,457000
2010-11-23,1471,1471.TW,上市,18.200001,18.450001,18.1,18.299999,393000
2010-11-24,1471,1471.TW,上市,17.9,18.299999,17.9,18.049999,266000
2010-11-25,1471,1471.TW,上市,18.1,18.5,18.1,18.35,577000
2010-11-26,1471,1471.TW,上市,18.35,18.5,18.049999,18.049999,605000
2010-11-29,1471,1471.TW,上市,18.25,18.299999,18.1,18.15,281000
2010-11-30,1471,1471.TW,上市,18.15,18.5,18.15,18.299999,418000
2010-12-01,1471,1471.TW,上市,18.299999,19.549999,18.299999,19.549999,2790000
2010-12-02,1471,1471.TW,上市,20.0,20.1,19.299999,19.5,2073000
2010-12-03,1471,1471.TW,上市,19.85,20.85,19.75,20.85,2790000
2010-12-06,1471,1471.TW,上市,20.85,21.5,20.85,21.35,5131000
2010-12-07,1471,1471.TW,上市,21.35,21.450001,20.85,20.950001,1289000
2010-12-08,1471,1471.TW,上市,21.0,21.6,21.0,21.200001,1913000
2010-12-09,1471,1471.TW,上市,21.450001,21.450001,20.9,21.049999,1399000
2010-12-10,1471,1471.TW,上市,21.25,22.299999,20.85,21.6,3680000
2010-12-13,1471,1471.TW,上市,21.9,21.950001,21.25,21.35,1132000
2010-12-14,1471,1471.TW,上市,21.35,22.299999,21.35,21.6,2280000
2010-12-15,1471,1471.TW,上市,21.85,21.85,21.0,21.200001,995000
2010-12-16,1471,1471.TW,上市,21.200001,21.450001,21.15,21.299999,667000
2010-12-17,1471,1471.TW,上市,21.299999,21.950001,21.1,21.1,1790000
2010-12-20,1471,1471.TW,上市,21.25,21.450001,20.75,20.85,1078000
2010-12-21,1471,1471.TW,上市,20.9,21.15,20.85,20.9,392000
2010-12-22,1471,1471.TW,上市,21.0,21.299999,20.9,21.15,766000
2010-12-23,1471,1471.TW,上市,21.5,21.75,21.25,21.25,1562000
2010-12-24,1471,1471.TW,上市,21.299999,22.0,21.25,21.5,2381000
2010-12-27,1471,1471.TW,上市,21.799999,21.799999,21.1,21.1,918000
2010-12-28,1471,1471.TW,上市,21.35,21.35,20.700001,20.700001,634000
2010-12-29,1471,1471.TW,上市,20.799999,20.85,19.35,19.35,1293000
2010-12-30,1471,1471.TW,上市,19.5,20.25,19.5,20.1,774000
2010-12-31,1471,1471.TW,上市,20.4,20.4,19.9,20.1,608000
2011-01-03,1471,1471.TW,上市,20.200001,20.299999,19.65,19.799999,467000
2011-01-04,1471,1471.TW,上市,19.85,20.200001,19.799999,19.799999,768000
2011-01-05,1471,1471.TW,上市,20.0,20.1,19.5,19.549999,647000
2011-01-06,1471,1471.TW,上市,19.549999,19.75,19.5,19.65,418000
2011-01-07,1471,1471.TW,上市,19.700001,19.950001,19.299999,19.4,478000
2011-01-10,1471,1471.TW,上市,19.4,19.75,19.35,19.4,506000
2011-01-11,1471,1471.TW,上市,19.700001,20.200001,19.5,19.950001,1607000
2011-01-12,1471,1471.TW,上市,19.950001,20.15,19.65,19.700001,447000
2011-01-13,1471,1471.TW,上市,19.700001,20.35,19.700001,19.799999,977000
2011-01-14,1471,1471.TW,上市,19.85,20.0,19.65,19.75,344000
2011-01-17,1471,1471.TW,上市,19.799999,20.0,19.5,19.549999,281000
2011-01-18,1471,1471.TW,上市,19.35,19.6,19.35,19.4,470000
2011-01-19,1471,1471.TW,上市,19.6,19.950001,19.450001,19.549999,919000
2011-01-20,1471,1471.TW,上市,19.6,19.799999,19.35,19.450001,446000
2011-01-21,1471,1471.TW,上市,19.5,19.6,19.35,19.4,418000
2011-01-24,1471,1471.TW,上市,19.549999,19.549999,19.299999,19.299999,401000
2011-01-25,1471,1471.TW,上市,19.450001,19.6,19.299999,19.299999,267000
2011-01-26,1471,1471.TW,上市,19.299999,19.9,19.299999,19.85,921000
2011-01-27,1471,1471.TW,上市,20.0,20.35,19.9,20.049999,1658000
2011-01-28,1471,1471.TW,上市,20.049999,20.049999,19.65,19.65,572000
2011-02-08,1471,1471.TW,上市,20.0,20.15,19.6,19.65,604000
2011-02-09,1471,1471.TW,上市,19.799999,19.799999,19.1,19.299999,813000
2011-02-10,1471,1471.TW,上市,19.299999,19.4,19.1,19.35,386000
2011-02-11,1471,1471.TW,上市,19.4,19.4,18.65,18.700001,730000
2011-02-14,1471,1471.TW,上市,18.799999,19.0,18.75,18.85,373000
2011-02-15,1471,1471.TW,上市,18.85,19.200001,18.700001,18.85,364000
2011-02-16,1471,1471.TW,上市,19.0,19.200001,18.9,18.9,350000
2011-02-17,1471,1471.TW,上市,18.9,19.200001,18.9,19.0,584000
2011-02-18,1471,1471.TW,上市,19.1,19.25,18.9,18.950001,423000
2011-02-21,1471,1471.TW,上市,19.049999,19.1,18.9,18.9,405000
2011-02-22,1471,1471.TW,上市,18.9,18.950001,18.35,18.4,656000
2011-02-23,1471,1471.TW,上市,18.4,18.549999,18.0,18.049999,592000
2011-02-24,1471,1471.TW,上市,18.0,18.299999,18.0,18.1,549000
2011-02-25,1471,1471.TW,上市,18.15,19.35,17.799999,19.35,486000
2011-03-01,1471,1471.TW,上市,20.299999,20.299999,19.799999,20.15,1950000
2011-03-02,1471,1471.TW,上市,19.799999,20.9,19.75,20.35,2538000
2011-03-03,1471,1471.TW,上市,20.6,20.700001,20.1,20.35,900000
2011-03-04,1471,1471.TW,上市,20.5,21.049999,20.4,20.85,1969000
2011-03-07,1471,1471.TW,上市,20.950001,20.950001,20.5,20.549999,852000
2011-03-08,1471,1471.TW,上市,20.549999,20.700001,20.299999,20.299999,547000
2011-03-09,1471,1471.TW,上市,20.299999,20.450001,20.0,20.1,555000
2011-03-10,1471,1471.TW,上市,20.1,20.200001,19.6,19.9,465000
2011-03-11,1471,1471.TW,上市,19.5,19.700001,19.4,19.450001,506000
2011-03-14,1471,1471.TW,上市,19.299999,19.299999,18.1,18.1,1389000
2011-03-15,1471,1471.TW,上市,18.0,18.1,16.85,16.85,2045000
2011-03-16,1471,1471.TW,上市,16.0,16.85,15.7,16.1,2199000
2011-03-17,1471,1471.TW,上市,15.8,15.95,15.2,15.55,1172000
2011-03-18,1471,1471.TW,上市,15.6,16.6,15.6,16.6,1336000
2011-03-21,1471,1471.TW,上市,16.85,17.5,16.799999,17.200001,1008000
2011-03-22,1471,1471.TW,上市,17.5,17.75,17.049999,17.299999,1311000
2011-03-23,1471,1471.TW,上市,17.5,17.5,17.299999,17.299999,924000
2011-03-24,1471,1471.TW,上市,17.5,17.75,17.299999,17.4,470000
2011-03-25,1471,1471.TW,上市,17.700001,17.700001,17.25,17.299999,345000
2011-03-28,1471,1471.TW,上市,17.5,17.5,17.1,17.1,315000
2011-03-29,1471,1471.TW,上市,17.0,17.299999,17.0,17.0,339000
2011-03-30,1471,1471.TW,上市,17.1,17.25,17.0,17.0,256000
2011-03-31,1471,1471.TW,上市,17.049999,17.200001,17.0,17.15,200000
2011-04-01,1471,1471.TW,上市,17.15,17.299999,17.0,17.25,244000
2011-04-06,1471,1471.TW,上市,17.299999,17.450001,17.049999,17.25,700000
2011-04-07,1471,1471.TW,上市,17.25,18.450001,17.15,18.450001,3509000
2011-04-08,1471,1471.TW,上市,18.299999,18.6,18.049999,18.1,1383000
2011-04-11,1471,1471.TW,上市,18.0,18.200001,17.75,17.799999,567000
2011-04-12,1471,1471.TW,上市,17.6,17.700001,17.25,17.35,515000
2011-04-13,1471,1471.TW,上市,17.25,17.799999,17.25,17.549999,484000
2011-04-14,1471,1471.TW,上市,17.700001,17.950001,17.6,17.75,394000
2011-04-15,1471,1471.TW,上市,17.75,17.9,17.5,17.700001,266000
2011-04-18,1471,1471.TW,上市,17.5,18.200001,17.450001,17.5,422000
2011-04-19,1471,1471.TW,上市,17.5,17.549999,17.25,17.4,317000
2011-04-20,1471,1471.TW,上市,18.0,18.0,17.65,17.700001,410000
2011-04-21,1471,1471.TW,上市,17.9,18.200001,17.799999,17.85,817000
2011-04-22,1471,1471.TW,上市,18.0,18.200001,17.799999,17.799999,770000
2011-04-25,1471,1471.TW,上市,17.85,18.0,17.5,17.5,442000
2011-04-26,1471,1471.TW,上市,17.6,17.799999,17.5,17.549999,279000
2011-04-27,1471,1471.TW,上市,17.75,17.85,17.5,17.5,335000
2011-04-28,1471,1471.TW,上市,17.549999,17.700001,17.299999,17.299999,355000
2011-04-29,1471,1471.TW,上市,17.450001,17.450001,16.950001,17.1,371000
2011-05-03,1471,1471.TW,上市,17.35,17.35,16.65,16.65,366000
2011-05-04,1471,1471.TW,上市,16.6,17.0,16.6,17.0,296000
2011-05-05,1471,1471.TW,上市,17.0,17.25,16.799999,16.950001,355000
2011-05-06,1471,1471.TW,上市,16.9,17.049999,16.75,16.9,221000
2011-05-09,1471,1471.TW,上市,17.1,17.450001,17.0,17.049999,329000
2011-05-10,1471,1471.TW,上市,17.1,17.35,17.1,17.200001,290000
2011-05-11,1471,1471.TW,上市,17.200001,17.299999,16.799999,16.950001,215000
2011-05-12,1471,1471.TW,上市,16.950001,17.0,16.6,16.9,427000
2011-05-13,1471,1471.TW,上市,17.15,17.700001,16.950001,17.450001,1207000
2011-05-16,1471,1471.TW,上市,17.450001,17.450001,17.0,17.0,270000
2011-05-17,1471,1471.TW,上市,17.1,17.15,16.75,16.75,244000
2011-05-18,1471,1471.TW,上市,16.950001,17.1,16.799999,16.9,290000
2011-05-19,1471,1471.TW,上市,16.950001,17.1,16.9,16.9,387000
2011-05-20,1471,1471.TW,上市,16.85,16.950001,16.65,16.65,268000
2011-05-23,1471,1471.TW,上市,16.5,16.5,15.85,15.9,503000
2011-05-24,1471,1471.TW,上市,15.8,16.1,15.6,15.95,405000
2011-05-25,1471,1471.TW,上市,15.95,16.15,15.65,15.9,544000
2011-05-26,1471,1471.TW,上市,16.1,16.200001,15.9,16.0,324000
2011-05-27,1471,1471.TW,上市,16.200001,16.200001,15.95,15.95,360000
2011-05-30,1471,1471.TW,上市,16.0,16.200001,15.6,15.9,528000
2011-05-31,1471,1471.TW,上市,16.0,16.35,16.0,16.35,438000
2011-06-01,1471,1471.TW,上市,16.299999,16.4,16.200001,16.299999,238000
2011-06-02,1471,1471.TW,上市,16.200001,16.25,16.0,16.049999,199000
2011-06-03,1471,1471.TW,上市,16.1,16.200001,16.049999,16.1,264000
2011-06-07,1471,1471.TW,上市,16.0,16.5,16.0,16.4,490000
2011-06-08,1471,1471.TW,上市,16.75,16.75,16.299999,16.35,295000
2011-06-09,1471,1471.TW,上市,16.4,16.799999,16.4,16.549999,447000
2011-06-10,1471,1471.TW,上市,16.65,16.85,16.25,16.25,254000
2011-06-13,1471,1471.TW,上市,15.7,16.0,15.7,15.9,280000
2011-06-14,1471,1471.TW,上市,16.0,16.1,15.4,15.85,276000
2011-06-15,1471,1471.TW,上市,15.8,15.95,15.55,15.6,294000
2011-06-16,1471,1471.TW,上市,15.4,15.5,15.0,15.05,527000
2011-06-17,1471,1471.TW,上市,15.05,15.2,14.65,14.7,434000
2011-06-20,1471,1471.TW,上市,14.75,15.0,13.7,13.7,731000
2011-06-21,1471,1471.TW,上市,14.0,14.0,12.75,13.05,1585000
2011-06-22,1471,1471.TW,上市,13.35,13.45,13.1,13.35,477000
2011-06-23,1471,1471.TW,上市,13.1,13.45,13.0,13.1,428000
2011-06-24,1471,1471.TW,上市,13.2,13.75,13.2,13.6,819000
2011-06-27,1471,1471.TW,上市,13.5,13.5,13.05,13.25,225000
2011-06-28,1471,1471.TW,上市,13.25,14.15,13.25,14.15,1932000
2011-06-29,1471,1471.TW,上市,14.3,14.35,13.85,14.0,828000
2011-06-30,1471,1471.TW,上市,14.0,14.15,13.85,13.9,297000
2011-07-01,1471,1471.TW,上市,13.9,14.7,13.9,14.35,1070000
2011-07-04,1471,1471.TW,上市,14.5,14.5,14.0,14.0,440000
2011-07-05,1471,1471.TW,上市,14.05,14.2,13.8,13.9,332000
2011-07-06,1471,1471.TW,上市,13.9,14.3,13.9,13.9,745000
2011-07-07,1471,1471.TW,上市,14.0,14.25,13.9,13.9,310000
2011-07-08,1471,1471.TW,上市,14.0,14.1,13.45,13.45,556000
2011-07-11,1471,1471.TW,上市,13.25,13.5,12.9,13.0,572000
2011-07-12,1471,1471.TW,上市,12.7,13.0,12.5,12.75,796000
2011-07-13,1471,1471.TW,上市,12.75,12.9,12.0,12.0,693000
2011-07-14,1471,1471.TW,上市,12.2,12.8,12.1,12.7,1149000
2011-07-15,1471,1471.TW,上市,12.8,13.1,12.5,12.9,438000
2011-07-18,1471,1471.TW,上市,12.9,13.0,12.3,12.4,494000
2011-07-19,1471,1471.TW,上市,12.4,12.9,12.3,12.7,784000
2011-07-20,1471,1471.TW,上市,13.0,13.15,12.85,13.0,896000
2011-07-21,1471,1471.TW,上市,13.0,13.0,12.85,12.9,323000
2011-07-22,1471,1471.TW,上市,13.1,13.8,13.0,13.8,963000
2011-07-25,1471,1471.TW,上市,13.9,14.15,13.6,13.6,1529000
2011-07-26,1471,1471.TW,上市,13.6,14.4,13.6,13.95,1681000
2011-07-27,1471,1471.TW,上市,13.95,14.25,13.9,13.9,755000
2011-07-28,1471,1471.TW,上市,13.6,13.85,13.55,13.65,519000
2011-07-29,1471,1471.TW,上市,13.6,13.9,13.5,13.5,340000
2011-08-01,1471,1471.TW,上市,13.5,14.05,13.5,13.95,805000
2011-08-02,1471,1471.TW,上市,13.9,13.9,13.6,13.6,233000
2011-08-03,1471,1471.TW,上市,13.3,13.4,12.8,13.15,408000
2011-08-04,1471,1471.TW,上市,13.25,13.5,12.85,13.0,361000
2011-08-05,1471,1471.TW,上市,12.1,12.4,12.1,12.1,825000
2011-08-08,1471,1471.TW,上市,11.3,11.6,11.3,11.3,727000
2011-08-09,1471,1471.TW,上市,10.55,11.2,10.55,10.7,1357000
2011-08-10,1471,1471.TW,上市,11.15,11.4,11.05,11.3,996000
2011-08-11,1471,1471.TW,上市,11.0,11.3,10.55,10.9,685000
2011-08-12,1471,1471.TW,上市,11.0,11.45,11.0,11.1,891000
2011-08-15,1471,1471.TW,上市,11.3,11.85,11.3,11.8,1410000
2011-08-16,1471,1471.TW,上市,11.85,12.0,11.65,11.8,783000
2011-08-17,1471,1471.TW,上市,11.85,12.1,11.65,11.8,751000
2011-08-18,1471,1471.TW,上市,11.8,11.8,11.2,11.35,441000
2011-08-19,1471,1471.TW,上市,10.6,10.8,10.6,10.6,930000
2011-08-22,1471,1471.TW,上市,10.6,10.95,9.94,9.94,751000
2011-08-23,1471,1471.TW,上市,10.0,10.6,9.95,10.55,969000
2011-08-24,1471,1471.TW,上市,10.55,10.8,10.45,10.5,461000
2011-08-25,1471,1471.TW,上市,10.6,10.7,10.05,10.15,276000
2011-08-26,1471,1471.TW,上市,10.3,10.5,10.05,10.2,532000
2011-08-29,1471,1471.TW,上市,10.3,10.55,10.2,10.4,771000
2011-08-30,1471,1471.TW,上市,10.4,10.95,10.4,10.75,1076000
2011-08-31,1471,1471.TW,上市,10.75,11.15,10.6,11.1,1108000
2011-09-01,1471,1471.TW,上市,11.4,11.4,10.95,11.0,788000
2011-09-02,1471,1471.TW,上市,10.95,10.95,10.7,10.8,370000
2011-09-05,1471,1471.TW,上市,10.6,10.65,10.35,10.45,231000
2011-09-06,1471,1471.TW,上市,10.3,10.6,10.2,10.2,578000
2011-09-07,1471,1471.TW,上市,10.5,10.5,10.25,10.4,211000
2011-09-08,1471,1471.TW,上市,10.5,10.8,10.4,10.6,1074000
2011-09-09,1471,1471.TW,上市,10.6,10.75,10.45,10.6,241000
2011-09-13,1471,1471.TW,上市,10.8,10.8,10.25,10.3,332000
2011-09-14,1471,1471.TW,上市,10.5,10.5,9.91,9.91,704000
2011-09-15,1471,1471.TW,上市,10.1,10.6,10.1,10.6,1451000
2011-09-16,1471,1471.TW,上市,10.8,11.05,10.7,10.85,2081000
2011-09-19,1471,1471.TW,上市,10.9,10.9,10.5,10.6,448000
2011-09-20,1471,1471.TW,上市,10.65,10.8,10.5,10.8,317000
2011-09-21,1471,1471.TW,上市,10.8,11.05,10.6,10.9,528000
2011-09-22,1471,1471.TW,上市,10.75,10.75,10.45,10.45,377000
2011-09-23,1471,1471.TW,上市,10.0,10.2,9.84,10.1,1051000
2011-09-26,1471,1471.TW,上市,9.51,9.56,9.51,9.56,772000
2011-09-27,1471,1471.TW,上市,9.8,10.15,9.8,10.0,414000
2011-09-28,1471,1471.TW,上市,10.1,10.15,9.87,10.05,345000
2011-09-29,1471,1471.TW,上市,10.0,10.1,9.91,10.0,326000
2011-09-30,1471,1471.TW,上市,10.15,10.15,9.96,10.0,409000
2011-10-03,1471,1471.TW,上市,9.61,10.4,9.61,10.05,1410000
2011-10-04,1471,1471.TW,上市,10.05,10.05,9.7,9.82,318000
2011-10-05,1471,1471.TW,上市,9.88,9.99,9.85,9.88,255000
2011-10-06,1471,1471.TW,上市,10.15,10.2,9.95,9.96,342000
2011-10-07,1471,1471.TW,上市,9.94,10.0,9.94,10.0,1169000
2011-10-11,1471,1471.TW,上市,10.2,10.45,10.15,10.2,655000
2011-10-12,1471,1471.TW,上市,10.3,10.35,10.05,10.1,485000
2011-10-13,1471,1471.TW,上市,10.3,10.3,10.15,10.2,390000
2011-10-14,1471,1471.TW,上市,10.2,10.35,10.15,10.25,265000
2011-10-17,1471,1471.TW,上市,10.35,10.65,10.3,10.4,493000
2011-10-18,1471,1471.TW,上市,10.3,10.3,10.15,10.25,213000
2011-10-19,1471,1471.TW,上市,10.2,10.3,10.1,10.25,410000
2011-10-20,1471,1471.TW,上市,10.35,10.35,10.05,10.05,423000
2011-10-21,1471,1471.TW,上市,10.0,10.2,10.0,10.15,204000
2011-10-24,1471,1471.TW,上市,10.25,10.45,10.15,10.4,695000
2011-10-25,1471,1471.TW,上市,10.4,10.6,10.35,10.4,978000
2011-10-26,1471,1471.TW,上市,10.45,10.55,10.2,10.35,642000
2011-10-27,1471,1471.TW,上市,10.35,10.9,10.35,10.4,1937000
2011-10-28,1471,1471.TW,上市,10.6,10.7,10.35,10.4,785000
2011-10-31,1471,1471.TW,上市,10.45,10.55,10.1,10.1,475000
2011-11-01,1471,1471.TW,上市,10.1,10.45,10.0,10.3,483000
2011-11-02,1471,1471.TW,上市,10.1,10.35,10.05,10.25,329000
2011-11-03,1471,1471.TW,上市,10.5,10.5,10.15,10.15,273000
2011-11-04,1471,1471.TW,上市,10.2,10.55,10.2,10.55,879000
2011-11-07,1471,1471.TW,上市,10.8,11.25,10.65,11.25,1842000
2011-11-08,1471,1471.TW,上市,11.5,11.95,11.5,11.5,3459000
2011-11-09,1471,1471.TW,上市,11.6,11.8,11.1,11.1,1276000
2011-11-10,1471,1471.TW,上市,10.8,11.25,10.55,10.65,1363000
2011-11-11,1471,1471.TW,上市,11.1,11.3,10.75,11.3,1607000
2011-11-14,1471,1471.TW,上市,11.9,12.05,11.9,12.05,1656000
2011-11-15,1471,1471.TW,上市,11.95,12.55,11.65,12.2,4959000
2011-11-16,1471,1471.TW,上市,12.2,12.95,12.1,12.7,4027000
2011-11-17,1471,1471.TW,上市,12.65,13.1,12.5,13.1,4247000
2011-11-18,1471,1471.TW,上市,13.05,13.3,12.65,12.65,3215000
2011-11-21,1471,1471.TW,上市,12.6,12.8,11.8,11.8,2609000
2011-11-22,1471,1471.TW,上市,11.8,12.0,11.1,11.25,1792000
2011-11-23,1471,1471.TW,上市,11.4,11.75,11.1,11.25,1648000
2011-11-24,1471,1471.TW,上市,11.2,11.4,10.7,11.05,1642000
2011-11-25,1471,1471.TW,上市,11.05,11.35,10.8,10.9,949000
2011-11-28,1471,1471.TW,上市,11.0,11.3,10.9,10.9,1029000
2011-11-29,1471,1471.TW,上市,11.2,11.65,11.0,11.65,1646000
2011-11-30,1471,1471.TW,上市,11.65,12.25,11.05,11.05,4323000
2011-12-01,1471,1471.TW,上市,11.7,11.75,11.4,11.65,2081000
2011-12-02,1471,1471.TW,上市,11.5,11.95,11.5,11.65,1284000
2011-12-05,1471,1471.TW,上市,11.65,11.85,11.6,11.7,771000
2011-12-06,1471,1471.TW,上市,11.75,11.8,11.25,11.25,1344000
2011-12-07,1471,1471.TW,上市,11.5,11.6,11.3,11.3,807000
2011-12-08,1471,1471.TW,上市,11.3,11.3,10.6,10.75,1165000
2011-12-09,1471,1471.TW,上市,10.25,10.5,10.2,10.25,880000
2011-12-12,1471,1471.TW,上市,10.35,10.65,10.35,10.4,790000
2011-12-13,1471,1471.TW,上市,10.0,10.3,10.0,10.2,450000
2011-12-14,1471,1471.TW,上市,10.2,10.55,10.2,10.4,611000
2011-12-15,1471,1471.TW,上市,10.15,10.35,10.0,10.1,621000
2011-12-16,1471,1471.TW,上市,10.3,10.3,10.1,10.1,348000
2011-12-19,1471,1471.TW,上市,10.1,10.3,9.4,9.8,719000
2011-12-20,1471,1471.TW,上市,9.46,9.93,9.46,9.67,545000
2011-12-21,1471,1471.TW,上市,10.1,10.3,10.0,10.3,785000
2011-12-22,1471,1471.TW,上市,10.4,10.4,9.9,9.94,574000
2011-12-23,1471,1471.TW,上市,10.2,10.4,10.1,10.35,757000
2011-12-26,1471,1471.TW,上市,10.45,10.45,10.15,10.2,513000
2011-12-27,1471,1471.TW,上市,10.2,10.35,10.15,10.15,527000
2011-12-28,1471,1471.TW,上市,10.2,10.65,10.2,10.3,1094000
2011-12-29,1471,1471.TW,上市,10.3,10.35,10.1,10.15,648000
2011-12-30,1471,1471.TW,上市,10.2,10.35,10.1,10.1,661000
2012-01-02,1471,1471.TW,上市,10.1,10.1,10.1,10.1,0
2012-01-03,1471,1471.TW,上市,10.1,10.1,10.1,10.1,0
2012-01-04,1471,1471.TW,上市,10.1,10.1,10.1,10.1,0
2012-01-05,1471,1471.TW,上市,10.1,10.1,10.1,10.1,0
2012-01-06,1471,1471.TW,上市,10.0,10.3,10.0,10.2,678000
2012-01-09,1471,1471.TW,上市,10.9,10.9,10.65,10.9,1719000
2012-01-10,1471,1471.TW,上市,11.6,11.6,10.95,11.1,3360000
2012-01-11,1471,1471.TW,上市,11.1,11.4,10.7,10.75,1507000
2012-01-12,1471,1471.TW,上市,10.8,11.1,10.7,10.75,1129000
2012-01-13,1471,1471.TW,上市,10.75,10.9,10.35,10.55,1053000
2012-01-16,1471,1471.TW,上市,10.7,10.8,10.2,10.3,921000
2012-01-17,1471,1471.TW,上市,10.3,10.65,10.3,10.45,912000
2012-01-18,1471,1471.TW,上市,10.5,10.75,10.4,10.45,2072000
2012-01-30,1471,1471.TW,上市,10.8,10.9,10.6,10.85,1160000
2012-01-31,1471,1471.TW,上市,11.0,11.6,10.85,11.4,3426000
2012-02-01,1471,1471.TW,上市,11.4,12.15,11.3,12.1,3704000
2012-02-02,1471,1471.TW,上市,12.45,12.6,11.7,12.3,3654000
2012-02-03,1471,1471.TW,上市,12.3,12.95,11.8,12.55,4572000
2012-02-06,1471,1471.TW,上市,12.85,12.85,12.15,12.2,2058000
2012-02-07,1471,1471.TW,上市,12.2,12.6,12.2,12.25,1605000
2012-02-08,1471,1471.TW,上市,12.4,13.1,12.4,13.1,3669000
2012-02-09,1471,1471.TW,上市,13.4,14.0,13.3,14.0,4865000
2012-02-10,1471,1471.TW,上市,14.9,14.95,14.75,14.95,3598000
2012-02-13,1471,1471.TW,上市,15.1,15.1,14.4,14.7,10589000
2012-02-14,1471,1471.TW,上市,14.7,14.8,14.1,14.45,3731000
2012-02-15,1471,1471.TW,上市,14.5,15.45,14.35,15.45,6761000
2012-02-16,1471,1471.TW,上市,15.45,15.8,14.4,14.5,5301000
2012-02-17,1471,1471.TW,上市,14.85,15.15,14.2,14.25,3281000
2012-02-20,1471,1471.TW,上市,14.9,14.9,14.3,14.5,1634000
2012-02-21,1471,1471.TW,上市,14.7,14.75,14.2,14.2,1676000
2012-02-22,1471,1471.TW,上市,14.4,14.8,14.2,14.5,2584000
2012-02-23,1471,1471.TW,上市,14.2,14.6,14.2,14.2,1395000
2012-02-24,1471,1471.TW,上市,14.3,14.45,14.1,14.2,1199000
2012-02-29,1471,1471.TW,上市,14.5,14.6,14.15,14.3,1673000
2012-03-01,1471,1471.TW,上市,14.3,15.3,14.2,15.3,4143000
2012-03-02,1471,1471.TW,上市,15.5,15.9,15.05,15.05,7820000
2012-03-05,1471,1471.TW,上市,14.9,14.95,14.35,14.35,1563000
2012-03-06,1471,1471.TW,上市,14.35,14.55,13.35,13.6,1974000
2012-03-07,1471,1471.TW,上市,13.1,14.2,13.1,13.7,2158000
2012-03-08,1471,1471.TW,上市,13.95,14.45,13.8,14.1,2164000
2012-03-09,1471,1471.TW,上市,14.25,14.45,14.1,14.15,1040000
2012-03-12,1471,1471.TW,上市,14.35,14.35,13.7,13.8,993000
2012-03-13,1471,1471.TW,上市,13.95,14.2,13.8,13.9,1106000
2012-03-14,1471,1471.TW,上市,14.15,14.25,13.9,14.05,839000
2012-03-15,1471,1471.TW,上市,14.15,14.25,13.95,14.05,906000
2012-03-16,1471,1471.TW,上市,14.05,14.35,13.95,14.15,1213000
2012-03-19,1471,1471.TW,上市,14.15,14.25,13.8,13.85,565000
2012-03-20,1471,1471.TW,上市,14.0,14.0,13.6,13.6,664000
2012-03-21,1471,1471.TW,上市,13.5,13.85,13.5,13.55,612000
2012-03-22,1471,1471.TW,上市,13.7,13.8,13.5,13.6,703000
2012-03-23,1471,1471.TW,上市,13.65,13.9,13.55,13.6,1219000
2012-03-26,1471,1471.TW,上市,13.6,13.8,13.45,13.45,485000
2012-03-27,1471,1471.TW,上市,13.6,13.7,13.35,13.35,421000
2012-03-28,1471,1471.TW,上市,13.7,13.95,13.5,13.6,1313000
2012-03-29,1471,1471.TW,上市,13.8,13.8,12.65,12.7,1663000
2012-03-30,1471,1471.TW,上市,12.7,13.0,12.35,12.85,786000
2012-04-02,1471,1471.TW,上市,12.85,12.9,12.5,12.5,556000
2012-04-03,1471,1471.TW,上市,12.5,12.7,11.65,11.75,1149000
2012-04-05,1471,1471.TW,上市,11.5,11.6,11.05,11.3,988000
2012-04-06,1471,1471.TW,上市,11.55,11.8,11.45,11.8,677000
2012-04-09,1471,1471.TW,上市,11.6,11.85,11.3,11.55,454000
2012-04-10,1471,1471.TW,上市,11.8,12.35,11.75,12.35,1143000
2012-04-11,1471,1471.TW,上市,12.3,12.6,12.2,12.45,4943000
2012-04-12,1471,1471.TW,上市,12.4,12.6,12.2,12.35,863000
2012-04-13,1471,1471.TW,上市,12.45,12.8,12.45,12.6,789000
2012-04-16,1471,1471.TW,上市,12.5,12.5,12.3,12.35,324000
2012-04-17,1471,1471.TW,上市,12.35,12.5,11.9,11.9,599000
2012-04-18,1471,1471.TW,上市,12.0,12.2,11.8,11.8,305000
2012-04-19,1471,1471.TW,上市,12.0,12.1,11.6,11.85,432000
2012-04-20,1471,1471.TW,上市,11.85,12.1,11.7,11.7,328000
2012-04-23,1471,1471.TW,上市,11.7,11.7,11.25,11.35,567000
2012-04-24,1471,1471.TW,上市,11.35,11.7,11.35,11.5,598000
2012-04-25,1471,1471.TW,上市,11.55,12.3,11.55,12.05,1900000
2012-04-26,1471,1471.TW,上市,12.2,12.2,11.7,11.7,387000
2012-04-27,1471,1471.TW,上市,11.95,11.95,11.5,11.6,377000
2012-04-30,1471,1471.TW,上市,11.75,11.75,11.4,11.6,210000
2012-05-02,1471,1471.TW,上市,11.65,12.4,11.6,12.4,808000
2012-05-03,1471,1471.TW,上市,12.1,12.35,12.0,12.1,543000
2012-05-04,1471,1471.TW,上市,12.0,12.4,11.9,12.05,417000
2012-05-07,1471,1471.TW,上市,11.9,12.05,11.85,12.05,291000
2012-05-08,1471,1471.TW,上市,12.05,12.1,11.9,11.9,325000
2012-05-09,1471,1471.TW,上市,11.8,12.3,11.7,11.95,589000
2012-05-10,1471,1471.TW,上市,11.95,12.1,11.8,11.8,240000
2012-05-11,1471,1471.TW,上市,11.8,12.3,11.7,11.75,356000
2012-05-14,1471,1471.TW,上市,11.7,11.95,11.65,11.65,328000
2012-05-15,1471,1471.TW,上市,11.3,11.6,11.2,11.6,277000
2012-05-16,1471,1471.TW,上市,11.55,11.85,11.45,11.5,307000
2012-05-17,1471,1471.TW,上市,11.8,11.8,11.5,11.6,474000
2012-05-18,1471,1471.TW,上市,11.45,11.5,10.8,10.9,605000
2012-05-21,1471,1471.TW,上市,11.0,11.15,10.9,10.95,474000
2012-05-22,1471,1471.TW,上市,11.1,11.7,11.1,11.4,942000
2012-05-23,1471,1471.TW,上市,11.3,11.3,11.1,11.1,274000
2012-05-24,1471,1471.TW,上市,11.3,11.4,10.8,11.0,392000
2012-05-25,1471,1471.TW,上市,11.0,11.15,10.6,10.65,415000
2012-05-28,1471,1471.TW,上市,10.7,10.85,10.6,10.7,251000
2012-05-29,1471,1471.TW,上市,10.75,11.35,10.75,11.2,556000
2012-05-30,1471,1471.TW,上市,11.3,11.3,10.9,11.0,0
2012-05-31,1471,1471.TW,上市,10.85,11.2,10.8,11.2,323000
2012-06-01,1471,1471.TW,上市,11.0,11.15,10.85,10.85,270000
2012-06-04,1471,1471.TW,上市,10.5,10.5,10.1,10.15,801000
2012-06-05,1471,1471.TW,上市,10.4,10.5,10.15,10.2,549000
2012-06-06,1471,1471.TW,上市,10.35,10.5,10.2,10.25,319000
2012-06-07,1471,1471.TW,上市,10.6,10.65,10.25,10.25,1095000
2012-06-08,1471,1471.TW,上市,10.25,10.4,10.15,10.2,238000
2012-06-11,1471,1471.TW,上市,10.4,10.55,10.35,10.4,183000
2012-06-12,1471,1471.TW,上市,10.25,10.45,10.25,10.3,98000
2012-06-13,1471,1471.TW,上市,10.55,10.55,10.3,10.3,198000
2012-06-14,1471,1471.TW,上市,10.3,10.4,10.3,10.3,122000
2012-06-15,1471,1471.TW,上市,10.4,10.65,10.4,10.45,465000
2012-06-18,1471,1471.TW,上市,10.8,11.1,10.7,10.85,572000
2012-06-19,1471,1471.TW,上市,10.9,11.3,10.7,11.05,1025000
2012-06-20,1471,1471.TW,上市,11.05,11.2,10.9,10.9,407000
2012-06-21,1471,1471.TW,上市,10.85,11.0,10.75,10.8,310000
2012-06-22,1471,1471.TW,上市,10.5,10.8,10.5,10.55,422000
2012-06-25,1471,1471.TW,上市,10.55,10.85,10.5,10.7,406000
2012-06-26,1471,1471.TW,上市,10.7,10.7,10.5,10.55,211000
2012-06-27,1471,1471.TW,上市,10.5,10.65,10.5,10.6,159000
2012-06-28,1471,1471.TW,上市,10.65,10.85,10.65,10.65,342000
2012-06-29,1471,1471.TW,上市,10.65,10.8,10.6,10.75,361000
2012-07-02,1471,1471.TW,上市,10.9,10.95,10.75,10.9,306000
2012-07-03,1471,1471.TW,上市,10.9,11.1,10.9,11.0,486000
2012-07-04,1471,1471.TW,上市,11.15,11.15,10.9,11.05,471000
2012-07-05,1471,1471.TW,上市,11.3,11.3,11.0,11.0,349000
2012-07-06,1471,1471.TW,上市,11.0,11.05,10.8,10.8,229000
2012-07-09,1471,1471.TW,上市,10.8,10.85,10.75,10.75,94000
2012-07-10,1471,1471.TW,上市,10.85,10.95,10.65,10.75,157000
2012-07-11,1471,1471.TW,上市,10.65,10.75,10.6,10.65,140000
2012-07-12,1471,1471.TW,上市,10.7,10.7,10.4,10.4,290000
2012-07-13,1471,1471.TW,上市,10.4,10.55,10.3,10.3,213000
2012-07-16,1471,1471.TW,上市,10.4,10.45,10.2,10.25,303000
2012-07-17,1471,1471.TW,上市,10.35,10.4,10.25,10.3,252000
2012-07-18,1471,1471.TW,上市,10.35,10.4,10.3,10.3,189000
2012-07-19,1471,1471.TW,上市,10.4,10.45,10.3,10.4,254000
2012-07-20,1471,1471.TW,上市,10.5,10.55,10.35,10.35,159000
2012-07-23,1471,1471.TW,上市,10.25,10.25,9.91,10.0,346000
2012-07-24,1471,1471.TW,上市,9.9,10.0,9.41,9.69,609000
2012-07-25,1471,1471.TW,上市,9.61,9.79,9.3,9.3,487000
2012-07-26,1471,1471.TW,上市,9.5,9.55,9.38,9.43,263000
2012-07-27,1471,1471.TW,上市,9.52,9.78,9.52,9.7,310000
2012-07-30,1471,1471.TW,上市,9.9,9.9,9.65,9.75,197000
2012-07-31,1471,1471.TW,上市,9.75,9.83,9.75,9.77,166000
2012-08-01,1471,1471.TW,上市,9.71,10.05,9.7,9.9,212000
2012-08-02,1471,1471.TW,上市,9.9,9.9,9.9,9.9,0
2012-08-03,1471,1471.TW,上市,9.85,9.85,9.61,9.66,177000
2012-08-06,1471,1471.TW,上市,9.96,10.1,9.8,10.0,904000
2012-08-07,1471,1471.TW,上市,10.1,10.1,9.81,9.88,205000
2012-08-08,1471,1471.TW,上市,9.8,10.05,9.8,9.82,203000
2012-08-09,1471,1471.TW,上市,9.99,10.5,9.99,10.5,1338000
2012-08-10,1471,1471.TW,上市,10.7,10.75,10.3,10.4,724000
2012-08-13,1471,1471.TW,上市,10.3,10.45,10.2,10.3,310000
2012-08-14,1471,1471.TW,上市,10.4,10.9,10.35,10.9,804000
2012-08-15,1471,1471.TW,上市,11.0,11.05,10.75,10.85,777000
2012-08-16,1471,1471.TW,上市,10.95,10.95,10.6,10.85,336000
2012-08-17,1471,1471.TW,上市,10.85,11.2,10.75,11.2,717000
2012-08-20,1471,1471.TW,上市,11.15,11.2,10.95,10.95,336000
2012-08-21,1471,1471.TW,上市,11.0,11.1,10.85,10.9,259000
2012-08-22,1471,1471.TW,上市,10.85,10.85,10.5,10.65,423000
2012-08-23,1471,1471.TW,上市,10.65,11.0,10.65,10.75,555000
2012-08-24,1471,1471.TW,上市,10.75,10.85,10.7,10.8,295000
2012-08-27,1471,1471.TW,上市,10.95,11.0,10.75,11.0,317000
2012-08-28,1471,1471.TW,上市,11.7,11.7,10.95,11.3,1507000
2012-08-29,1471,1471.TW,上市,11.2,11.3,11.05,11.15,239000
2012-08-30,1471,1471.TW,上市,11.1,11.2,10.9,11.05,440000
2012-08-31,1471,1471.TW,上市,10.9,10.95,10.7,10.8,389000
2012-09-03,1471,1471.TW,上市,10.5,11.4,10.45,11.2,1327000
2012-09-04,1471,1471.TW,上市,11.3,11.4,11.1,11.15,349000
2012-09-05,1471,1471.TW,上市,11.0,11.2,11.0,11.0,413000
2012-09-06,1471,1471.TW,上市,11.0,11.1,10.3,10.6,1170000
2012-09-07,1471,1471.TW,上市,10.7,10.9,10.6,10.7,548000
2012-09-10,1471,1471.TW,上市,10.75,10.85,10.6,10.7,343000
2012-09-11,1471,1471.TW,上市,10.6,10.7,10.5,10.65,478000
2012-09-12,1471,1471.TW,上市,10.65,11.2,10.65,11.0,2111000
2012-09-13,1471,1471.TW,上市,11.1,11.2,10.8,10.8,666000
2012-09-14,1471,1471.TW,上市,11.0,11.2,10.85,10.85,929000
2012-09-17,1471,1471.TW,上市,11.0,11.0,10.8,10.85,385000
2012-09-18,1471,1471.TW,上市,10.75,10.95,10.75,10.8,530000
2012-09-19,1471,1471.TW,上市,10.8,11.1,10.8,10.95,705000
2012-09-20,1471,1471.TW,上市,11.1,11.1,10.8,10.9,309000
2012-09-21,1471,1471.TW,上市,10.9,11.3,10.9,11.2,1966000
2012-09-24,1471,1471.TW,上市,11.25,11.3,11.1,11.1,510000
2012-09-25,1471,1471.TW,上市,11.1,11.2,10.9,10.95,441000
2012-09-26,1471,1471.TW,上市,10.8,10.85,10.7,10.7,463000
2012-09-27,1471,1471.TW,上市,10.65,10.85,10.65,10.75,402000
2012-09-28,1471,1471.TW,上市,10.75,10.85,10.65,10.8,257000
2012-10-01,1471,1471.TW,上市,10.9,10.9,10.7,10.85,156000
2012-10-02,1471,1471.TW,上市,10.9,10.9,10.7,10.75,360000
2012-10-03,1471,1471.TW,上市,10.75,10.95,10.75,10.75,614000
2012-10-04,1471,1471.TW,上市,10.7,10.8,10.65,10.7,251000
2012-10-05,1471,1471.TW,上市,10.7,10.8,10.65,10.65,233000
2012-10-08,1471,1471.TW,上市,10.65,10.65,10.2,10.2,801000
2012-10-09,1471,1471.TW,上市,10.2,10.3,10.0,10.2,513000
2012-10-11,1471,1471.TW,上市,10.2,10.3,9.9,9.9,504000
2012-10-12,1471,1471.TW,上市,10.0,10.1,9.93,10.0,403000
2012-10-15,1471,1471.TW,上市,9.99,10.05,9.93,9.95,124000
2012-10-16,1471,1471.TW,上市,9.96,10.1,9.93,10.0,226000
2012-10-17,1471,1471.TW,上市,10.05,10.2,10.05,10.1,172000
2012-10-18,1471,1471.TW,上市,10.1,10.25,10.05,10.15,111000
2012-10-19,1471,1471.TW,上市,10.15,10.15,9.86,9.9,340000
2012-10-22,1471,1471.TW,上市,9.7,9.85,9.58,9.81,185000
2012-10-23,1471,1471.TW,上市,9.8,9.82,9.65,9.75,462000
2012-10-24,1471,1471.TW,上市,9.69,9.79,9.6,9.69,232000
2012-10-25,1471,1471.TW,上市,9.69,9.77,9.45,9.54,262000
2012-10-26,1471,1471.TW,上市,9.58,9.61,8.88,9.1,1043000
2012-10-29,1471,1471.TW,上市,8.9,9.05,8.47,8.47,563000
2012-10-30,1471,1471.TW,上市,8.25,8.7,8.25,8.65,327000
2012-10-31,1471,1471.TW,上市,8.7,8.77,8.3,8.5,322000
2012-11-01,1471,1471.TW,上市,8.5,8.68,8.3,8.58,326000
2012-11-02,1471,1471.TW,上市,8.65,8.85,8.59,8.59,254000
2012-11-05,1471,1471.TW,上市,8.61,8.61,8.53,8.6,126000
2012-11-06,1471,1471.TW,上市,8.54,8.7,8.4,8.66,205000
2012-11-07,1471,1471.TW,上市,8.66,8.76,8.57,8.65,179000
2012-11-08,1471,1471.TW,上市,8.41,8.62,8.4,8.62,108000
2012-11-09,1471,1471.TW,上市,8.5,9.13,8.5,9.12,344000
2012-11-12,1471,1471.TW,上市,9.06,9.06,8.93,8.95,128000
2012-11-13,1471,1471.TW,上市,8.85,8.86,8.6,8.62,188000
2012-11-14,1471,1471.TW,上市,8.66,8.8,8.64,8.74,145000
2012-11-15,1471,1471.TW,上市,8.74,8.75,8.64,8.68,111000
2012-11-16,1471,1471.TW,上市,8.69,8.8,8.68,8.69,191000
2012-11-19,1471,1471.TW,上市,8.8,8.8,8.6,8.62,91000
2012-11-20,1471,1471.TW,上市,8.79,8.79,8.51,8.52,110000
2012-11-21,1471,1471.TW,上市,8.55,8.57,8.27,8.27,183000
2012-11-22,1471,1471.TW,上市,8.3,8.45,8.3,8.45,203000
2012-11-23,1471,1471.TW,上市,8.5,8.72,8.46,8.71,260000
2012-11-26,1471,1471.TW,上市,9.14,9.25,8.88,9.15,885000
2012-11-27,1471,1471.TW,上市,9.02,9.1,8.95,9.04,233000
2012-11-28,1471,1471.TW,上市,8.88,9.07,8.88,9.01,164000
2012-11-29,1471,1471.TW,上市,9.1,9.19,9.05,9.1,274000
2012-11-30,1471,1471.TW,上市,9.15,9.17,9.06,9.06,597000
2012-12-03,1471,1471.TW,上市,9.1,9.28,9.1,9.11,202000
2012-12-04,1471,1471.TW,上市,9.12,9.42,9.1,9.42,502000
2012-12-05,1471,1471.TW,上市,9.42,10.05,9.28,9.92,1072000
2012-12-06,1471,1471.TW,上市,9.91,10.0,9.75,9.79,427000
2012-12-07,1471,1471.TW,上市,9.9,9.99,9.64,9.64,355000
2012-12-10,1471,1471.TW,上市,9.71,9.79,9.57,9.62,390000
2012-12-11,1471,1471.TW,上市,9.62,9.62,9.25,9.29,295000
2012-12-12,1471,1471.TW,上市,9.29,9.48,9.29,9.43,213000
2012-12-13,1471,1471.TW,上市,9.43,9.88,9.26,9.88,584000
2012-12-14,1471,1471.TW,上市,9.82,10.3,9.73,9.81,1589000
2012-12-17,1471,1471.TW,上市,9.7,9.88,9.6,9.64,333000
2012-12-18,1471,1471.TW,上市,9.79,9.79,9.5,9.58,253000
2012-12-19,1471,1471.TW,上市,9.6,9.7,9.58,9.61,186000
2012-12-20,1471,1471.TW,上市,9.53,9.65,9.51,9.51,284000
2012-12-21,1471,1471.TW,上市,9.52,9.53,9.39,9.39,212000
2012-12-24,1471,1471.TW,上市,9.4,9.55,9.39,9.47,251000
2012-12-25,1471,1471.TW,上市,9.46,9.78,9.46,9.78,721000
2012-12-26,1471,1471.TW,上市,10.45,10.45,10.45,10.45,3051000
2012-12-27,1471,1471.TW,上市,10.65,10.95,10.4,10.45,3678000
2012-12-28,1471,1471.TW,上市,10.55,10.75,10.45,10.45,1575000
2013-01-02,1471,1471.TW,上市,10.65,10.75,10.45,10.55,919000
2013-01-03,1471,1471.TW,上市,10.6,10.75,10.55,10.55,863000
2013-01-04,1471,1471.TW,上市,10.4,10.6,10.4,10.5,546000
2013-01-07,1471,1471.TW,上市,10.4,10.5,9.97,10.0,753000
2013-01-08,1471,1471.TW,上市,10.0,10.25,10.0,10.1,980000
2013-01-09,1471,1471.TW,上市,10.1,10.15,10.0,10.05,542000
2013-01-10,1471,1471.TW,上市,10.05,10.15,9.98,10.0,614000
2013-01-11,1471,1471.TW,上市,10.0,10.15,10.0,10.0,550000
2013-01-14,1471,1471.TW,上市,10.0,10.1,9.95,10.05,331000
2013-01-15,1471,1471.TW,上市,10.05,10.1,9.8,9.91,577000
2013-01-16,1471,1471.TW,上市,9.95,9.95,9.71,9.8,761000
2013-01-17,1471,1471.TW,上市,9.82,9.93,9.3,9.3,609000
2013-01-18,1471,1471.TW,上市,9.36,9.55,9.36,9.46,273000
2013-01-21,1471,1471.TW,上市,9.46,9.48,9.4,9.47,234000
2013-01-22,1471,1471.TW,上市,9.59,9.65,9.47,9.55,289000
2013-01-23,1471,1471.TW,上市,9.7,9.7,9.5,9.51,242000
2013-01-24,1471,1471.TW,上市,9.42,9.57,9.11,9.2,731000
2013-01-25,1471,1471.TW,上市,9.21,9.29,9.06,9.1,423000
2013-01-28,1471,1471.TW,上市,9.11,9.2,9.07,9.1,260000
2013-01-29,1471,1471.TW,上市,9.12,9.34,9.12,9.34,460000
2013-01-30,1471,1471.TW,上市,9.34,9.34,9.22,9.22,230000
2013-01-31,1471,1471.TW,上市,9.23,9.33,9.18,9.25,380000
2013-02-01,1471,1471.TW,上市,9.26,9.3,9.16,9.2,225000
2013-02-04,1471,1471.TW,上市,9.2,9.3,9.17,9.22,297000
2013-02-05,1471,1471.TW,上市,9.12,9.24,9.02,9.03,298000
2013-02-06,1471,1471.TW,上市,9.05,9.13,8.86,8.86,565000
2013-02-18,1471,1471.TW,上市,8.93,9.06,8.93,9.01,382000
2013-02-19,1471,1471.TW,上市,9.08,9.45,9.02,9.4,593000
2013-02-20,1471,1471.TW,上市,9.58,9.58,9.31,9.33,312000
2013-02-21,1471,1471.TW,上市,9.11,9.27,9.11,9.17,230000
2013-02-22,1471,1471.TW,上市,9.16,9.2,9.12,9.2,232000
2013-02-25,1471,1471.TW,上市,9.39,9.39,9.26,9.26,204000
2013-02-26,1471,1471.TW,上市,9.26,9.26,9.15,9.17,173000
2013-02-27,1471,1471.TW,上市,9.11,9.25,9.11,9.18,197000
2013-03-01,1471,1471.TW,上市,9.17,9.22,9.13,9.14,160000
2013-03-04,1471,1471.TW,上市,9.14,9.23,9.1,9.1,273000
2013-03-05,1471,1471.TW,上市,9.18,9.22,9.1,9.12,248000
2013-03-06,1471,1471.TW,上市,9.23,9.39,9.22,9.32,416000
2013-03-07,1471,1471.TW,上市,9.42,9.45,9.25,9.33,956000
2013-03-08,1471,1471.TW,上市,9.46,9.46,9.25,9.25,283000
2013-03-11,1471,1471.TW,上市,9.21,9.39,9.21,9.3,300000
2013-03-12,1471,1471.TW,上市,9.3,9.9,9.24,9.53,1280000
2013-03-13,1471,1471.TW,上市,9.55,9.69,9.38,9.41,390000
2013-03-14,1471,1471.TW,上市,9.42,9.49,9.25,9.3,295000
2013-03-15,1471,1471.TW,上市,9.31,9.37,9.22,9.23,193000
2013-03-18,1471,1471.TW,上市,9.18,9.23,9.1,9.11,298000
2013-03-19,1471,1471.TW,上市,9.13,9.2,9.12,9.13,169000
2013-03-20,1471,1471.TW,上市,9.13,9.15,9.03,9.03,265000
2013-03-21,1471,1471.TW,上市,9.15,9.17,9.05,9.12,206000
2013-03-22,1471,1471.TW,上市,9.12,9.46,9.05,9.46,1077000
2013-03-25,1471,1471.TW,上市,9.6,10.1,9.6,9.71,6084000
2013-03-26,1471,1471.TW,上市,9.68,9.89,9.6,9.89,945000
2013-03-27,1471,1471.TW,上市,9.84,9.84,9.66,9.67,432000
2013-03-28,1471,1471.TW,上市,9.67,9.77,9.64,9.73,354000
2013-03-29,1471,1471.TW,上市,9.79,9.85,9.74,9.84,456000
2013-04-01,1471,1471.TW,上市,9.81,10.05,9.81,9.98,704000
2013-04-02,1471,1471.TW,上市,9.98,9.98,9.65,9.67,687000
2013-04-03,1471,1471.TW,上市,9.65,9.8,9.5,9.58,499000
2013-04-08,1471,1471.TW,上市,9.46,9.49,9.01,9.08,704000
2013-04-09,1471,1471.TW,上市,9.05,9.24,9.05,9.07,399000
2013-04-10,1471,1471.TW,上市,9.07,9.24,9.07,9.1,171000
2013-04-11,1471,1471.TW,上市,9.2,9.23,9.15,9.23,164000
2013-04-12,1471,1471.TW,上市,9.23,9.23,9.1,9.1,148000
2013-04-15,1471,1471.TW,上市,9.05,9.1,9.0,9.0,199000
2013-04-16,1471,1471.TW,上市,8.95,9.05,8.9,9.0,264000
2013-04-17,1471,1471.TW,上市,9.0,9.15,9.0,9.01,181000
2013-04-18,1471,1471.TW,上市,9.01,9.15,9.0,9.01,228000
2013-04-19,1471,1471.TW,上市,9.02,9.14,9.01,9.1,443000
2013-04-22,1471,1471.TW,上市,9.14,9.27,9.07,9.11,668000
2013-04-23,1471,1471.TW,上市,9.12,9.53,9.12,9.28,1731000
2013-04-24,1471,1471.TW,上市,9.3,9.65,9.28,9.4,1166000
2013-04-25,1471,1471.TW,上市,9.4,9.5,9.31,9.31,419000
2013-04-26,1471,1471.TW,上市,9.36,9.45,9.11,9.17,427000
2013-04-29,1471,1471.TW,上市,9.18,9.29,9.13,9.21,268000
2013-04-30,1471,1471.TW,上市,9.25,9.85,9.22,9.64,13373000
2013-05-02,1471,1471.TW,上市,9.7,9.7,9.38,9.39,2032000
2013-05-03,1471,1471.TW,上市,9.45,9.52,9.2,9.41,1747000
2013-05-06,1471,1471.TW,上市,9.45,9.47,9.33,9.34,550000
2013-05-07,1471,1471.TW,上市,9.35,9.49,9.31,9.33,678000
2013-05-08,1471,1471.TW,上市,9.35,9.88,9.33,9.71,2080000
2013-05-09,1471,1471.TW,上市,9.8,9.9,9.7,9.7,1159000
2013-05-10,1471,1471.TW,上市,9.6,9.68,9.45,9.5,615000
2013-05-13,1471,1471.TW,上市,9.7,9.7,9.5,9.5,492000
2013-05-14,1471,1471.TW,上市,9.36,9.5,9.36,9.42,499000
2013-05-15,1471,1471.TW,上市,9.6,9.6,9.32,9.42,756000
2013-05-16,1471,1471.TW,上市,9.51,9.53,9.42,9.42,614000
2013-05-17,1471,1471.TW,上市,9.55,9.55,9.48,9.48,724000
2013-05-20,1471,1471.TW,上市,9.5,9.68,9.5,9.5,910000
2013-05-21,1471,1471.TW,上市,9.53,10.15,9.53,10.15,4504000
2013-05-22,1471,1471.TW,上市,10.45,10.85,10.35,10.85,4633000
2013-05-23,1471,1471.TW,上市,10.95,10.95,10.25,10.35,4974000
2013-05-24,1471,1471.TW,上市,10.5,10.8,10.25,10.35,2655000
2013-05-27,1471,1471.TW,上市,10.35,10.8,10.35,10.7,1496000
2013-05-28,1471,1471.TW,上市,10.7,10.75,10.5,10.6,1095000
2013-05-29,1471,1471.TW,上市,10.7,10.75,10.4,10.55,1584000
2013-05-30,1471,1471.TW,上市,10.45,10.95,10.4,10.55,1537000
2013-05-31,1471,1471.TW,上市,10.8,11.25,10.55,11.25,5452000
2013-06-03,1471,1471.TW,上市,11.15,11.4,11.0,11.25,3399000
2013-06-04,1471,1471.TW,上市,11.35,11.35,10.9,10.95,1568000
2013-06-05,1471,1471.TW,上市,10.7,10.9,10.55,10.6,1524000
2013-06-06,1471,1471.TW,上市,10.5,10.75,10.5,10.65,831000
2013-06-07,1471,1471.TW,上市,10.55,10.75,10.0,10.1,1959000
2013-06-10,1471,1471.TW,上市,10.2,10.4,10.15,10.25,601000
2013-06-11,1471,1471.TW,上市,10.25,10.4,10.05,10.15,756000
2013-06-13,1471,1471.TW,上市,9.75,10.0,9.75,9.89,664000
2013-06-14,1471,1471.TW,上市,9.9,9.98,9.55,9.7,762000
2013-06-17,1471,1471.TW,上市,9.7,9.9,9.69,9.82,439000
2013-06-18,1471,1471.TW,上市,9.85,10.15,9.85,9.91,520000
2013-06-19,1471,1471.TW,上市,10.05,10.15,9.83,9.85,726000
2013-06-20,1471,1471.TW,上市,9.68,9.89,9.55,9.89,929000
2013-06-21,1471,1471.TW,上市,9.75,10.05,9.57,9.84,2640000
2013-06-24,1471,1471.TW,上市,9.9,9.95,9.83,9.85,416000
2013-06-25,1471,1471.TW,上市,9.8,9.8,9.37,9.4,904000
2013-06-26,1471,1471.TW,上市,9.65,9.75,9.53,9.58,467000
2013-06-27,1471,1471.TW,上市,9.66,10.0,9.66,9.74,612000
2013-06-28,1471,1471.TW,上市,9.85,9.85,9.75,9.75,335000
2013-07-01,1471,1471.TW,上市,9.7,9.84,9.61,9.81,343000
2013-07-02,1471,1471.TW,上市,9.9,10.05,9.82,9.82,529000
2013-07-03,1471,1471.TW,上市,9.82,9.92,9.68,9.7,338000
2013-07-04,1471,1471.TW,上市,9.72,9.82,9.58,9.58,222000
2013-07-05,1471,1471.TW,上市,9.7,9.78,9.66,9.7,200000
2013-07-08,1471,1471.TW,上市,9.72,9.75,9.4,9.41,359000
2013-07-09,1471,1471.TW,上市,9.45,9.6,9.41,9.43,440000
2013-07-10,1471,1471.TW,上市,9.5,9.64,9.43,9.45,420000
2013-07-11,1471,1471.TW,上市,9.49,9.64,9.49,9.5,470000
2013-07-12,1471,1471.TW,上市,9.55,9.77,9.55,9.62,554000
2013-07-15,1471,1471.TW,上市,9.63,9.89,9.63,9.73,486000
2013-07-16,1471,1471.TW,上市,9.85,10.1,9.74,9.9,1011000
2013-07-17,1471,1471.TW,上市,9.9,9.95,9.77,9.9,631000
2013-07-18,1471,1471.TW,上市,9.91,9.91,9.82,9.9,529000
2013-07-19,1471,1471.TW,上市,9.9,9.9,9.73,9.85,705000
2013-07-22,1471,1471.TW,上市,9.85,10.5,9.82,10.5,2319000
2013-07-23,1471,1471.TW,上市,10.8,11.15,10.7,11.0,4527000
2013-07-24,1471,1471.TW,上市,11.1,11.1,10.8,10.95,1735000
2013-07-25,1471,1471.TW,上市,10.8,11.35,10.8,10.95,2043000
2013-07-26,1471,1471.TW,上市,11.0,11.2,10.8,10.95,1648000
2013-07-29,1471,1471.TW,上市,11.0,11.2,10.6,10.6,1222000
2013-07-30,1471,1471.TW,上市,10.65,11.0,10.65,10.95,1151000
2013-07-31,1471,1471.TW,上市,11.0,11.0,10.55,10.6,1130000
2013-08-01,1471,1471.TW,上市,10.6,10.75,10.45,10.6,631000
2013-08-02,1471,1471.TW,上市,10.75,10.75,10.45,10.45,506000
2013-08-05,1471,1471.TW,上市,10.45,10.65,10.4,10.5,464000
2013-08-06,1471,1471.TW,上市,10.5,10.55,10.4,10.4,503000
2013-08-07,1471,1471.TW,上市,10.4,10.5,10.1,10.4,666000
2013-08-08,1471,1471.TW,上市,10.4,10.6,10.35,10.5,296000
2013-08-09,1471,1471.TW,上市,10.5,10.55,10.3,10.3,361000
2013-08-12,1471,1471.TW,上市,10.2,10.35,10.15,10.15,382000
2013-08-13,1471,1471.TW,上市,10.2,10.55,10.2,10.55,410000
2013-08-14,1471,1471.TW,上市,10.85,10.85,10.4,10.4,440000
2013-08-15,1471,1471.TW,上市,10.4,10.65,10.3,10.35,407000
2013-08-16,1471,1471.TW,上市,10.2,10.45,10.2,10.4,460000
2013-08-19,1471,1471.TW,上市,10.45,10.5,10.2,10.2,604000
2013-08-20,1471,1471.TW,上市,10.2,10.9,10.2,10.75,4590000
2013-08-22,1471,1471.TW,上市,10.5,11.2,10.4,11.1,2951000
2013-08-23,1471,1471.TW,上市,11.5,11.85,11.4,11.85,3089000
2013-08-26,1471,1471.TW,上市,12.3,12.55,11.95,12.2,8817000
2013-08-27,1471,1471.TW,上市,12.1,12.2,11.7,11.8,3411000
2013-08-28,1471,1471.TW,上市,11.7,12.35,11.7,12.0,5211000
2013-08-29,1471,1471.TW,上市,12.0,12.3,11.8,12.0,3081000
2013-08-30,1471,1471.TW,上市,12.0,12.7,11.95,12.3,5206000
2013-09-02,1471,1471.TW,上市,12.3,12.6,12.15,12.4,3436000
2013-09-03,1471,1471.TW,上市,12.6,12.8,12.3,12.5,3612000
2013-09-04,1471,1471.TW,上市,12.5,12.55,12.25,12.3,2030000
2013-09-05,1471,1471.TW,上市,12.3,12.45,12.25,12.3,1960000
2013-09-06,1471,1471.TW,上市,12.3,12.7,12.2,12.2,2364000
2013-09-09,1471,1471.TW,上市,12.25,12.35,11.7,11.7,2215000
2013-09-10,1471,1471.TW,上市,11.9,12.0,11.65,11.7,1398000
2013-09-11,1471,1471.TW,上市,11.7,11.85,11.55,11.65,1093000
2013-09-12,1471,1471.TW,上市,11.65,11.9,11.65,11.65,899000
2013-09-13,1471,1471.TW,上市,11.7,11.85,11.6,11.8,783000
2013-09-16,1471,1471.TW,上市,11.8,11.95,11.75,11.8,1012000
2013-09-17,1471,1471.TW,上市,11.9,11.9,11.6,11.6,654000
2013-09-18,1471,1471.TW,上市,11.6,11.8,11.4,11.4,734000
2013-09-23,1471,1471.TW,上市,11.7,11.7,11.25,11.35,1328000
2013-09-24,1471,1471.TW,上市,11.35,11.7,11.35,11.5,1655000
2013-09-25,1471,1471.TW,上市,11.45,12.0,11.35,11.9,2623000
2013-09-26,1471,1471.TW,上市,11.9,11.95,11.55,11.55,975000
2013-09-27,1471,1471.TW,上市,11.7,11.8,11.45,11.55,1206000
2013-09-30,1471,1471.TW,上市,11.45,11.65,11.35,11.35,999000
2013-10-01,1471,1471.TW,上市,11.4,11.5,11.35,11.35,662000
2013-10-02,1471,1471.TW,上市,11.4,11.45,11.15,11.2,819000
2013-10-03,1471,1471.TW,上市,11.2,11.6,11.2,11.45,2064000
2013-10-04,1471,1471.TW,上市,11.5,11.55,11.3,11.3,532000
2013-10-07,1471,1471.TW,上市,11.3,11.45,11.2,11.2,740000
2013-10-08,1471,1471.TW,上市,11.2,11.35,11.05,11.05,768000
2013-10-09,1471,1471.TW,上市,11.05,11.15,10.9,10.9,874000
2013-10-11,1471,1471.TW,上市,11.0,11.1,10.5,10.85,1296000
2013-10-14,1471,1471.TW,上市,10.85,10.85,10.3,10.3,786000
2013-10-15,1471,1471.TW,上市,10.3,10.55,10.3,10.45,474000
2013-10-16,1471,1471.TW,上市,10.45,10.6,10.25,10.25,527000
2013-10-17,1471,1471.TW,上市,10.3,10.95,10.3,10.95,2079000
2013-10-18,1471,1471.TW,上市,10.95,11.0,10.8,10.9,1123000
2013-10-21,1471,1471.TW,上市,10.95,11.0,10.7,10.75,408000
2013-10-22,1471,1471.TW,上市,10.65,10.85,10.65,10.85,318000
2013-10-23,1471,1471.TW,上市,10.9,11.2,10.8,10.95,1259000
2013-10-24,1471,1471.TW,上市,10.9,11.0,10.85,10.9,333000
2013-10-25,1471,1471.TW,上市,10.9,10.95,10.7,10.9,401000
2013-10-28,1471,1471.TW,上市,10.8,11.1,10.75,10.75,928000
2013-10-29,1471,1471.TW,上市,10.75,10.9,10.7,10.7,358000
2013-10-30,1471,1471.TW,上市,10.75,11.05,10.7,10.8,860000
2013-10-31,1471,1471.TW,上市,10.85,10.9,10.8,10.9,359000
2013-11-01,1471,1471.TW,上市,10.95,11.4,10.85,11.1,1475000
2013-11-04,1471,1471.TW,上市,11.3,11.3,10.9,10.9,584000
2013-11-05,1471,1471.TW,上市,10.7,11.1,10.7,10.75,539000
2013-11-06,1471,1471.TW,上市,10.75,10.8,10.55,10.65,390000
2013-11-07,1471,1471.TW,上市,10.7,10.75,10.5,10.55,306000
2013-11-08,1471,1471.TW,上市,10.6,10.65,10.2,10.2,452000
2013-11-11,1471,1471.TW,上市,10.3,10.35,10.2,10.2,550000
2013-11-12,1471,1471.TW,上市,10.25,10.35,9.65,10.1,947000
2013-11-13,1471,1471.TW,上市,9.9,10.0,9.78,9.8,339000
2013-11-14,1471,1471.TW,上市,9.9,10.35,9.9,10.25,1038000
2013-11-15,1471,1471.TW,上市,10.25,10.4,9.92,9.95,558000
2013-11-18,1471,1471.TW,上市,9.98,10.1,9.92,9.93,275000
2013-11-19,1471,1471.TW,上市,9.95,10.1,9.95,9.96,227000
2013-11-20,1471,1471.TW,上市,9.99,10.05,9.96,9.97,245000
2013-11-21,1471,1471.TW,上市,9.94,9.98,9.81,9.97,300000
2013-11-22,1471,1471.TW,上市,9.98,10.25,9.87,10.2,646000
2013-11-25,1471,1471.TW,上市,10.3,10.3,10.0,10.1,381000
2013-11-26,1471,1471.TW,上市,10.1,10.35,10.05,10.05,989000
2013-11-27,1471,1471.TW,上市,10.1,10.2,10.1,10.1,328000
2013-11-28,1471,1471.TW,上市,10.1,10.45,10.1,10.35,1628000
2013-11-29,1471,1471.TW,上市,10.4,10.65,10.3,10.5,1046000
2013-12-02,1471,1471.TW,上市,10.5,10.5,10.3,10.3,478000
2013-12-03,1471,1471.TW,上市,10.3,10.35,10.15,10.15,451000
2013-12-04,1471,1471.TW,上市,10.2,10.3,10.15,10.2,412000
2013-12-05,1471,1471.TW,上市,10.2,10.35,10.2,10.2,476000
2013-12-06,1471,1471.TW,上市,10.25,10.75,10.15,10.5,2081000
2013-12-09,1471,1471.TW,上市,10.6,10.7,10.3,10.3,1546000
2013-12-10,1471,1471.TW,上市,10.0,10.3,10.0,10.15,548000
2013-12-11,1471,1471.TW,上市,10.1,10.25,10.0,10.0,688000
2013-12-12,1471,1471.TW,上市,10.05,10.15,10.05,10.1,208000
2013-12-13,1471,1471.TW,上市,10.05,10.25,10.05,10.25,353000
2013-12-16,1471,1471.TW,上市,10.15,10.4,10.0,10.2,2706000
2013-12-17,1471,1471.TW,上市,10.3,10.35,10.2,10.2,386000
2013-12-18,1471,1471.TW,上市,10.2,10.45,10.2,10.2,505000
2013-12-19,1471,1471.TW,上市,10.35,10.4,10.15,10.15,369000
2013-12-20,1471,1471.TW,上市,10.25,10.55,10.1,10.5,1406000
2013-12-23,1471,1471.TW,上市,10.55,11.15,10.3,10.75,2528000
2013-12-24,1471,1471.TW,上市,10.7,10.85,10.55,10.6,749000
2013-12-25,1471,1471.TW,上市,10.6,10.65,10.55,10.55,485000
2013-12-26,1471,1471.TW,上市,10.55,10.9,10.5,10.7,1518000
2013-12-27,1471,1471.TW,上市,10.7,10.8,10.55,10.6,519000
2013-12-30,1471,1471.TW,上市,10.6,10.7,10.55,10.55,656000
2013-12-31,1471,1471.TW,上市,10.65,11.1,10.65,10.75,2188000
2014-01-02,1471,1471.TW,上市,10.8,10.9,10.7,10.75,944000
2014-01-03,1471,1471.TW,上市,10.75,11.45,10.75,11.45,4254000
2014-01-06,1471,1471.TW,上市,11.85,12.25,11.7,12.25,12490000
2014-01-07,1471,1471.TW,上市,12.4,12.4,11.8,11.85,7418000
2014-01-08,1471,1471.TW,上市,11.9,12.2,11.85,11.9,4006000
2014-01-09,1471,1471.TW,上市,11.95,12.3,11.8,11.8,3308000
2014-01-10,1471,1471.TW,上市,11.95,12.3,11.9,12.0,4347000
2014-01-13,1471,1471.TW,上市,11.65,12.1,11.55,11.9,2960000
2014-01-14,1471,1471.TW,上市,11.8,12.0,11.6,11.6,1244000
2014-01-15,1471,1471.TW,上市,11.75,11.95,11.7,11.7,1032000
2014-01-16,1471,1471.TW,上市,12.0,12.0,11.6,11.6,1589000
2014-01-17,1471,1471.TW,上市,11.6,11.7,11.5,11.5,877000
2014-01-20,1471,1471.TW,上市,11.55,11.85,11.5,11.8,1443000
2014-01-21,1471,1471.TW,上市,11.95,12.25,11.7,11.7,3231000
2014-01-22,1471,1471.TW,上市,11.75,11.85,11.65,11.7,879000
2014-01-23,1471,1471.TW,上市,11.9,11.9,11.65,11.7,803000
2014-01-24,1471,1471.TW,上市,11.8,12.4,11.8,12.15,5178000
2014-01-27,1471,1471.TW,上市,12.45,12.5,11.85,11.85,7883000
2014-02-05,1471,1471.TW,上市,11.65,12.2,11.65,12.1,2417000
2014-02-06,1471,1471.TW,上市,12.25,12.35,12.0,12.0,3028000
2014-02-07,1471,1471.TW,上市,12.25,12.8,12.05,12.8,6577000
2014-02-10,1471,1471.TW,上市,13.4,13.6,13.0,13.0,11592000
2014-02-11,1471,1471.TW,上市,12.6,12.8,12.45,12.6,5971000
2014-02-12,1471,1471.TW,上市,12.6,12.7,12.3,12.6,3684000
2014-02-13,1471,1471.TW,上市,12.6,12.9,12.45,12.45,2529000
2014-02-14,1471,1471.TW,上市,12.6,12.6,12.35,12.35,1672000
2014-02-17,1471,1471.TW,上市,12.45,12.55,12.15,12.2,2117000
2014-02-18,1471,1471.TW,上市,12.3,12.65,12.2,12.55,3045000
2014-02-19,1471,1471.TW,上市,12.45,12.6,12.3,12.55,1431000
2014-02-20,1471,1471.TW,上市,12.4,12.8,12.35,12.4,2305000
2014-02-21,1471,1471.TW,上市,12.6,12.6,12.35,12.35,1144000
2014-02-24,1471,1471.TW,上市,12.4,12.6,12.35,12.35,888000
2014-02-25,1471,1471.TW,上市,12.5,12.75,12.4,12.4,1343000
2014-02-26,1471,1471.TW,上市,12.6,12.6,12.4,12.45,1028000
2014-02-27,1471,1471.TW,上市,12.55,12.55,12.35,12.35,1197000
2014-03-03,1471,1471.TW,上市,12.35,12.35,12.1,12.1,1423000
2014-03-04,1471,1471.TW,上市,12.0,12.25,11.7,11.7,3166000
2014-03-05,1471,1471.TW,上市,11.95,12.0,11.85,11.85,1221000
2014-03-06,1471,1471.TW,上市,11.9,12.3,11.9,12.05,3271000
2014-03-07,1471,1471.TW,上市,12.1,12.2,11.7,11.75,1550000
2014-03-10,1471,1471.TW,上市,11.65,11.75,11.5,11.55,974000
2014-03-11,1471,1471.TW,上市,11.65,11.75,11.55,11.65,870000
2014-03-12,1471,1471.TW,上市,11.65,12.05,11.65,12.0,1276000
2014-03-13,1471,1471.TW,上市,12.1,12.2,11.8,11.8,2487000
2014-03-14,1471,1471.TW,上市,11.8,12.0,11.75,11.8,675000
2014-03-17,1471,1471.TW,上市,11.8,11.95,11.75,11.9,555000
2014-03-18,1471,1471.TW,上市,12.0,12.05,11.75,11.75,632000
2014-03-19,1471,1471.TW,上市,11.85,11.9,11.75,11.75,555000
2014-03-20,1471,1471.TW,上市,11.7,11.75,11.5,11.55,492000
2014-03-21,1471,1471.TW,上市,11.6,11.7,11.5,11.55,442000
2014-03-24,1471,1471.TW,上市,11.3,11.4,11.0,11.35,856000
2014-03-25,1471,1471.TW,上市,11.4,11.5,11.35,11.45,448000
2014-03-26,1471,1471.TW,上市,11.55,11.85,11.45,11.6,1273000
2014-03-27,1471,1471.TW,上市,11.6,11.7,11.4,11.6,388000
2014-03-28,1471,1471.TW,上市,11.6,11.8,11.45,11.7,1010000
2014-03-31,1471,1471.TW,上市,11.8,11.9,11.75,11.75,2567000
2014-04-01,1471,1471.TW,上市,11.85,11.85,11.65,11.7,549000
2014-04-02,1471,1471.TW,上市,11.8,11.95,11.7,11.7,488000
2014-04-03,1471,1471.TW,上市,11.75,11.85,11.65,11.7,531000
2014-04-07,1471,1471.TW,上市,11.7,11.75,11.6,11.65,320000
2014-04-08,1471,1471.TW,上市,11.65,12.0,11.6,11.75,2028000
2014-04-09,1471,1471.TW,上市,11.75,11.85,11.65,11.7,766000
2014-04-10,1471,1471.TW,上市,11.7,11.95,11.5,11.8,2760000
2014-04-11,1471,1471.TW,上市,11.7,11.8,11.6,11.65,1055000
2014-04-14,1471,1471.TW,上市,11.65,11.65,11.4,11.45,691000
2014-04-15,1471,1471.TW,上市,11.45,11.65,11.45,11.55,595000
2014-04-16,1471,1471.TW,上市,11.5,11.65,11.5,11.5,455000
2014-04-17,1471,1471.TW,上市,11.6,11.6,11.45,11.5,505000
2014-04-18,1471,1471.TW,上市,11.5,11.55,11.4,11.4,543000
2014-04-21,1471,1471.TW,上市,11.45,11.45,11.25,11.25,734000
2014-04-22,1471,1471.TW,上市,11.25,11.4,11.25,11.3,376000
2014-04-23,1471,1471.TW,上市,11.35,11.45,11.25,11.25,585000
2014-04-24,1471,1471.TW,上市,11.25,11.35,10.95,10.95,842000
2014-04-25,1471,1471.TW,上市,11.0,11.05,10.2,10.3,1623000
2014-04-28,1471,1471.TW,上市,10.3,10.35,10.0,10.3,712000
2014-04-29,1471,1471.TW,上市,10.3,10.5,10.3,10.4,359000
2014-04-30,1471,1471.TW,上市,10.35,10.5,10.2,10.2,412000
2014-05-02,1471,1471.TW,上市,10.25,10.35,10.1,10.2,864000
2014-05-05,1471,1471.TW,上市,10.2,10.5,10.05,10.45,854000
2014-05-06,1471,1471.TW,上市,10.35,10.45,10.35,10.35,308000
2014-05-07,1471,1471.TW,上市,10.3,10.7,10.3,10.6,925000
2014-05-08,1471,1471.TW,上市,10.65,10.85,10.55,10.55,511000
2014-05-09,1471,1471.TW,上市,10.5,10.6,10.35,10.35,369000
2014-05-12,1471,1471.TW,上市,10.4,10.4,10.2,10.2,413000
2014-05-13,1471,1471.TW,上市,10.25,10.35,10.15,10.15,270000
2014-05-14,1471,1471.TW,上市,10.2,10.3,10.1,10.2,287000
2014-05-15,1471,1471.TW,上市,10.2,10.4,10.2,10.2,741000
2014-05-16,1471,1471.TW,上市,10.25,10.25,10.05,10.1,343000
2014-05-19,1471,1471.TW,上市,10.1,10.25,10.1,10.15,190000
2014-05-20,1471,1471.TW,上市,10.2,10.3,10.1,10.1,625000
2014-05-21,1471,1471.TW,上市,10.1,10.2,10.0,10.0,378000
2014-05-22,1471,1471.TW,上市,10.15,10.4,10.1,10.25,1217000
2014-05-23,1471,1471.TW,上市,10.25,10.6,10.2,10.5,2063000
2014-05-26,1471,1471.TW,上市,10.7,10.7,10.4,10.5,607000
2014-05-27,1471,1471.TW,上市,10.55,10.7,10.45,10.65,1080000
2014-05-28,1471,1471.TW,上市,10.75,10.75,10.5,10.6,571000
2014-05-29,1471,1471.TW,上市,10.5,10.6,10.45,10.5,358000
2014-05-30,1471,1471.TW,上市,10.5,10.85,10.45,10.75,3956000
2014-06-03,1471,1471.TW,上市,10.8,10.9,10.65,10.65,624000
2014-06-04,1471,1471.TW,上市,10.65,10.7,10.5,10.5,333000
2014-06-05,1471,1471.TW,上市,10.5,10.65,10.5,10.5,331000
2014-06-06,1471,1471.TW,上市,10.5,10.75,10.5,10.5,583000
2014-06-09,1471,1471.TW,上市,10.4,10.65,10.4,10.55,482000
2014-06-10,1471,1471.TW,上市,10.75,11.1,10.7,10.85,5118000
2014-06-11,1471,1471.TW,上市,10.7,10.8,10.55,10.55,984000
2014-06-12,1471,1471.TW,上市,10.55,10.6,10.5,10.55,475000
2014-06-13,1471,1471.TW,上市,10.6,10.6,10.5,10.5,295000
2014-06-16,1471,1471.TW,上市,10.5,10.6,10.35,10.35,915000
2014-06-17,1471,1471.TW,上市,10.4,10.5,10.4,10.45,421000
2014-06-18,1471,1471.TW,上市,10.4,10.6,10.2,10.25,1297000
2014-06-19,1471,1471.TW,上市,10.3,10.45,10.25,10.3,649000
2014-06-20,1471,1471.TW,上市,10.3,10.35,10.25,10.3,428000
2014-06-23,1471,1471.TW,上市,10.35,10.5,10.15,10.15,591000
2014-06-24,1471,1471.TW,上市,10.25,10.4,10.15,10.3,531000
2014-06-25,1471,1471.TW,上市,10.2,10.45,10.15,10.3,1394000
2014-06-26,1471,1471.TW,上市,10.3,10.45,10.25,10.3,643000
2014-06-27,1471,1471.TW,上市,10.3,10.5,10.3,10.3,624000
2014-06-30,1471,1471.TW,上市,10.3,10.45,10.3,10.35,567000
2014-07-01,1471,1471.TW,上市,10.35,10.7,10.35,10.5,2340000
2014-07-02,1471,1471.TW,上市,10.5,10.55,10.15,10.25,1671000
2014-07-03,1471,1471.TW,上市,10.3,10.45,10.25,10.35,1257000
2014-07-04,1471,1471.TW,上市,10.35,10.4,10.2,10.2,1112000
2014-07-07,1471,1471.TW,上市,10.25,10.4,10.2,10.35,991000
2014-07-08,1471,1471.TW,上市,10.35,10.45,10.35,10.4,715000
2014-07-09,1471,1471.TW,上市,10.45,10.45,10.2,10.25,803000
2014-07-10,1471,1471.TW,上市,10.3,10.4,10.3,10.3,569000
2014-07-11,1471,1471.TW,上市,10.25,10.65,10.25,10.3,3648000
2014-07-14,1471,1471.TW,上市,10.3,10.35,10.25,10.25,658000
2014-07-15,1471,1471.TW,上市,10.3,10.4,10.25,10.3,794000
2014-07-16,1471,1471.TW,上市,10.3,10.45,10.3,10.3,805000
2014-07-17,1471,1471.TW,上市,10.45,11.0,10.4,11.0,6701000
2014-07-18,1471,1471.TW,上市,11.2,11.3,10.85,10.85,5635000
2014-07-21,1471,1471.TW,上市,11.05,11.15,10.85,10.85,1529000
2014-07-22,1471,1471.TW,上市,10.9,11.25,10.9,11.15,2254000
2014-07-23,1471,1471.TW,上市,11.15,11.15,11.15,11.15,0
2014-07-24,1471,1471.TW,上市,11.1,11.15,10.9,11.0,1141000
2014-07-25,1471,1471.TW,上市,11.0,11.1,10.6,10.7,1074000
2014-07-28,1471,1471.TW,上市,10.75,10.9,10.6,10.7,549000
2014-07-29,1471,1471.TW,上市,10.7,10.8,10.4,10.45,890000
2014-07-30,1471,1471.TW,上市,10.5,10.7,10.45,10.55,514000
2014-07-31,1471,1471.TW,上市,10.6,10.6,10.45,10.5,347000
2014-08-01,1471,1471.TW,上市,10.4,10.45,10.3,10.4,429000
2014-08-04,1471,1471.TW,上市,10.4,10.55,10.4,10.45,298000
2014-08-05,1471,1471.TW,上市,10.5,10.7,10.45,10.6,439000
2014-08-06,1471,1471.TW,上市,10.55,10.6,10.2,10.3,736000
2014-08-07,1471,1471.TW,上市,10.3,10.4,10.25,10.25,360000
2014-08-08,1471,1471.TW,上市,10.25,10.3,10.0,10.1,1181000
2014-08-11,1471,1471.TW,上市,10.2,10.3,10.1,10.2,438000
2014-08-12,1471,1471.TW,上市,10.2,10.4,10.2,10.4,278000
2014-08-13,1471,1471.TW,上市,10.4,10.4,10.3,10.35,274000
2014-08-14,1471,1471.TW,上市,10.35,10.45,10.2,10.2,447000
2014-08-15,1471,1471.TW,上市,10.2,10.3,10.1,10.2,239000
2014-08-18,1471,1471.TW,上市,10.2,10.2,10.0,10.0,723000
2014-08-19,1471,1471.TW,上市,10.05,10.15,10.05,10.1,401000
2014-08-20,1471,1471.TW,上市,10.2,10.25,10.05,10.1,302000
2014-08-21,1471,1471.TW,上市,10.1,10.1,9.61,9.75,1229000
2014-08-22,1471,1471.TW,上市,9.8,9.97,9.8,9.88,413000
2014-08-25,1471,1471.TW,上市,9.93,10.1,9.8,10.0,551000
2014-08-26,1471,1471.TW,上市,10.1,10.15,9.97,10.0,354000
2014-08-27,1471,1471.TW,上市,10.05,10.4,10.05,10.3,1918000
2014-08-28,1471,1471.TW,上市,10.25,10.3,10.2,10.3,313000
2014-08-29,1471,1471.TW,上市,10.25,10.25,10.15,10.2,330000
2014-09-01,1471,1471.TW,上市,10.25,10.35,10.15,10.2,489000
2014-09-02,1471,1471.TW,上市,10.25,10.25,10.05,10.2,211000
2014-09-03,1471,1471.TW,上市,10.2,10.25,10.2,10.2,403000
2014-09-04,1471,1471.TW,上市,10.25,10.25,10.1,10.1,211000
2014-09-05,1471,1471.TW,上市,10.15,10.25,10.05,10.1,275000
2014-09-09,1471,1471.TW,上市,10.15,10.2,10.1,10.1,222000
2014-09-10,1471,1471.TW,上市,10.2,10.2,10.0,10.05,206000
2014-09-11,1471,1471.TW,上市,10.1,10.1,10.0,10.0,375000
2014-09-12,1471,1471.TW,上市,10.05,10.1,9.95,9.95,266000
2014-09-15,1471,1471.TW,上市,9.95,10.05,9.9,9.96,312000
2014-09-16,1471,1471.TW,上市,9.96,9.96,9.81,9.88,277000
2014-09-17,1471,1471.TW,上市,9.9,10.1,9.9,9.91,238000
2014-09-18,1471,1471.TW,上市,9.92,9.99,9.9,9.93,212000
2014-09-19,1471,1471.TW,上市,10.0,10.2,10.0,10.0,289000
2014-09-22,1471,1471.TW,上市,9.95,10.05,9.95,9.95,114000
2014-09-23,1471,1471.TW,上市,9.95,10.05,9.93,9.96,134000
2014-09-24,1471,1471.TW,上市,9.97,10.05,9.95,9.97,185000
2014-09-25,1471,1471.TW,上市,9.98,10.05,9.74,9.8,274000
2014-09-26,1471,1471.TW,上市,9.8,9.87,9.7,9.85,157000
2014-09-29,1471,1471.TW,上市,9.85,9.89,9.67,9.7,413000
2014-09-30,1471,1471.TW,上市,9.71,9.77,9.35,9.53,436000
2014-10-01,1471,1471.TW,上市,9.53,9.6,9.36,9.48,354000
2014-10-02,1471,1471.TW,上市,9.38,9.48,9.37,9.4,386000
2014-10-03,1471,1471.TW,上市,9.41,9.64,9.41,9.58,231000
2014-10-06,1471,1471.TW,上市,9.52,9.61,9.52,9.59,130000
2014-10-07,1471,1471.TW,上市,9.59,9.63,9.51,9.51,234000
2014-10-08,1471,1471.TW,上市,9.48,9.57,9.45,9.45,108000
2014-10-09,1471,1471.TW,上市,9.48,9.57,9.25,9.28,407000
2014-10-13,1471,1471.TW,上市,9.11,9.25,8.64,8.65,1126000
2014-10-14,1471,1471.TW,上市,8.64,8.7,8.59,8.65,481000
2014-10-15,1471,1471.TW,上市,8.65,8.65,8.11,8.11,973000
2014-10-16,1471,1471.TW,上市,8.02,8.08,7.55,8.0,790000
2014-10-17,1471,1471.TW,上市,8.01,8.01,7.63,7.65,466000
2014-10-20,1471,1471.TW,上市,7.7,7.86,7.68,7.86,451000
2014-10-21,1471,1471.TW,上市,7.81,7.98,7.74,7.9,224000
2014-10-22,1471,1471.TW,上市,8.11,8.11,8.0,8.05,359000
2014-10-23,1471,1471.TW,上市,8.01,8.08,7.96,7.99,308000
2014-10-24,1471,1471.TW,上市,8.02,8.03,7.83,7.83,229000
2014-10-27,1471,1471.TW,上市,7.85,8.04,7.75,7.78,558000
2014-10-28,1471,1471.TW,上市,7.82,7.98,7.81,7.98,313000
2014-10-29,1471,1471.TW,上市,8.06,8.15,7.96,8.08,389000
2014-10-30,1471,1471.TW,上市,8.13,8.14,8.01,8.11,147000
2014-10-31,1471,1471.TW,上市,8.11,8.25,8.11,8.25,309000
2014-11-03,1471,1471.TW,上市,8.25,8.48,8.17,8.33,431000
2014-11-04,1471,1471.TW,上市,8.3,8.38,8.23,8.29,197000
2014-11-05,1471,1471.TW,上市,8.29,8.29,8.2,8.22,108000
2014-11-06,1471,1471.TW,上市,8.25,8.3,8.1,8.16,175000
2014-11-07,1471,1471.TW,上市,8.1,8.23,8.06,8.16,212000
2014-11-10,1471,1471.TW,上市,8.2,8.36,8.2,8.23,231000
2014-11-11,1471,1471.TW,上市,8.25,8.26,8.17,8.18,138000
2014-11-12,1471,1471.TW,上市,8.24,8.24,8.1,8.1,93000
2014-11-13,1471,1471.TW,上市,8.11,8.18,8.0,8.15,242000
2014-11-14,1471,1471.TW,上市,8.15,8.2,8.07,8.07,139000
2014-11-17,1471,1471.TW,上市,8.07,8.15,7.91,7.91,201000
2014-11-18,1471,1471.TW,上市,7.98,7.98,7.52,7.56,777000
2014-11-19,1471,1471.TW,上市,7.57,7.79,7.57,7.76,288000
2014-11-20,1471,1471.TW,上市,7.77,7.88,7.77,7.79,171000
2014-11-21,1471,1471.TW,上市,7.87,8.03,7.87,7.92,309000
2014-11-24,1471,1471.TW,上市,7.92,8.05,7.92,7.97,184000
2014-11-25,1471,1471.TW,上市,7.91,8.0,7.9,8.0,77000
2014-11-26,1471,1471.TW,上市,7.92,8.02,7.92,7.92,211000
2014-11-27,1471,1471.TW,上市,8.02,8.02,7.91,7.91,191000
2014-11-28,1471,1471.TW,上市,7.92,7.92,7.8,7.82,299000
2014-12-01,1471,1471.TW,上市,7.74,7.74,7.53,7.72,393000
2014-12-02,1471,1471.TW,上市,7.72,7.82,7.69,7.82,155000
2014-12-03,1471,1471.TW,上市,7.83,8.08,7.83,8.02,493000
2014-12-04,1471,1471.TW,上市,8.02,8.19,8.02,8.11,291000
2014-12-05,1471,1471.TW,上市,8.2,8.33,8.12,8.25,260000
2014-12-08,1471,1471.TW,上市,8.3,8.47,8.26,8.34,536000
2014-12-09,1471,1471.TW,上市,8.34,8.34,8.17,8.18,260000
2014-12-10,1471,1471.TW,上市,8.15,8.31,8.05,8.1,365000
2014-12-11,1471,1471.TW,上市,8.05,8.13,8.01,8.08,145000
2014-12-12,1471,1471.TW,上市,8.1,8.27,8.1,8.15,359000
2014-12-15,1471,1471.TW,上市,8.14,8.25,8.08,8.2,165000
2014-12-16,1471,1471.TW,上市,8.2,8.46,8.2,8.35,802000
2014-12-17,1471,1471.TW,上市,8.45,8.45,8.32,8.35,202000
2014-12-18,1471,1471.TW,上市,8.4,8.45,8.4,8.45,595000
2014-12-19,1471,1471.TW,上市,8.59,8.59,8.4,8.43,408000
2014-12-22,1471,1471.TW,上市,8.5,8.57,8.43,8.49,457000
2014-12-23,1471,1471.TW,上市,8.49,8.55,8.45,8.5,275000
2014-12-24,1471,1471.TW,上市,8.52,9.09,8.52,9.09,707000
2014-12-25,1471,1471.TW,上市,9.2,9.34,9.12,9.17,2485000
2014-12-26,1471,1471.TW,上市,9.22,9.3,9.12,9.12,390000
2014-12-29,1471,1471.TW,上市,9.03,9.19,9.03,9.07,321000
2014-12-30,1471,1471.TW,上市,9.03,9.12,9.0,9.03,224000
2014-12-31,1471,1471.TW,上市,9.03,9.21,9.03,9.1,181000
2015-01-05,1471,1471.TW,上市,9.2,9.2,9.05,9.15,122000
2015-01-06,1471,1471.TW,上市,9.0,9.05,8.89,8.96,384000
2015-01-07,1471,1471.TW,上市,8.9,9.04,8.9,9.0,256000
2015-01-08,1471,1471.TW,上市,9.0,9.21,9.0,9.12,614000
2015-01-09,1471,1471.TW,上市,9.14,9.2,9.09,9.09,290000
2015-01-12,1471,1471.TW,上市,9.05,9.2,8.95,9.2,693000
2015-01-13,1471,1471.TW,上市,9.2,9.25,9.1,9.1,370000
2015-01-14,1471,1471.TW,上市,9.05,9.38,9.05,9.36,949000
2015-01-15,1471,1471.TW,上市,9.4,9.47,9.22,9.22,1137000
2015-01-16,1471,1471.TW,上市,9.22,9.36,9.11,9.11,888000
2015-01-19,1471,1471.TW,上市,9.11,9.27,8.81,8.81,402000
2015-01-20,1471,1471.TW,上市,8.81,8.9,8.62,8.87,465000
2015-01-21,1471,1471.TW,上市,8.9,8.98,8.75,8.78,250000
2015-01-22,1471,1471.TW,上市,8.86,8.86,8.79,8.85,225000
2015-01-23,1471,1471.TW,上市,8.95,8.98,8.86,8.91,161000
2015-01-26,1471,1471.TW,上市,8.91,9.08,8.91,8.96,355000
2015-01-27,1471,1471.TW,上市,9.04,9.05,8.91,8.96,166000
2015-01-28,1471,1471.TW,上市,8.96,8.99,8.87,8.97,236000
2015-01-29,1471,1471.TW,上市,8.91,9.15,8.83,9.14,455000
2015-01-30,1471,1471.TW,上市,9.16,9.18,8.96,8.96,919000
2015-02-02,1471,1471.TW,上市,9.05,9.05,8.81,8.87,179000
2015-02-03,1471,1471.TW,上市,8.83,8.87,8.8,8.85,127000
2015-02-04,1471,1471.TW,上市,8.9,8.9,8.82,8.84,130000
2015-02-05,1471,1471.TW,上市,8.86,8.89,8.8,8.81,169000
2015-02-06,1471,1471.TW,上市,8.61,8.8,8.61,8.78,152000
2015-02-09,1471,1471.TW,上市,8.77,8.79,8.7,8.7,109000
2015-02-10,1471,1471.TW,上市,8.7,8.8,8.6,8.64,345000
2015-02-11,1471,1471.TW,上市,8.71,8.71,8.53,8.55,160000
2015-02-12,1471,1471.TW,上市,8.54,8.55,8.45,8.45,320000
2015-02-13,1471,1471.TW,上市,8.45,8.6,8.45,8.48,131000
2015-02-24,1471,1471.TW,上市,8.7,8.7,8.47,8.53,368000
2015-02-25,1471,1471.TW,上市,8.63,8.63,8.54,8.56,104000
2015-02-26,1471,1471.TW,上市,8.57,8.72,8.57,8.65,349000
2015-03-02,1471,1471.TW,上市,8.66,8.71,8.6,8.6,234000
2015-03-03,1471,1471.TW,上市,8.62,8.66,8.62,8.65,182000
2015-03-04,1471,1471.TW,上市,8.65,8.75,8.63,8.65,270000
2015-03-05,1471,1471.TW,上市,8.7,8.7,8.64,8.65,209000
2015-03-06,1471,1471.TW,上市,8.75,8.91,8.72,8.79,376000
2015-03-09,1471,1471.TW,上市,8.75,9.06,8.72,9.0,609000
2015-03-10,1471,1471.TW,上市,9.02,9.08,8.85,8.85,381000
2015-03-11,1471,1471.TW,上市,8.8,8.8,8.68,8.73,315000
2015-03-12,1471,1471.TW,上市,8.75,8.82,8.7,8.76,133000
2015-03-13,1471,1471.TW,上市,8.77,8.89,8.71,8.73,182000
2015-03-16,1471,1471.TW,上市,8.89,8.89,8.65,8.65,165000
2015-03-17,1471,1471.TW,上市,8.67,8.73,8.61,8.61,232000
2015-03-18,1471,1471.TW,上市,8.63,8.66,8.61,8.61,392000
2015-03-19,1471,1471.TW,上市,8.66,8.66,8.59,8.6,421000
2015-03-20,1471,1471.TW,上市,8.61,8.7,8.61,8.62,567000
2015-03-23,1471,1471.TW,上市,8.74,9.2,8.68,8.98,2427000
2015-03-24,1471,1471.TW,上市,8.97,9.01,8.83,8.83,713000
2015-03-25,1471,1471.TW,上市,8.83,8.92,8.72,8.75,393000
2015-03-26,1471,1471.TW,上市,8.7,8.8,8.67,8.76,385000
2015-03-27,1471,1471.TW,上市,8.78,8.78,8.66,8.66,263000
2015-03-30,1471,1471.TW,上市,8.66,8.72,8.55,8.55,445000
2015-03-31,1471,1471.TW,上市,8.56,8.6,8.43,8.54,283000
2015-04-01,1471,1471.TW,上市,8.5,8.58,8.35,8.35,345000
2015-04-02,1471,1471.TW,上市,8.44,8.49,8.37,8.4,229000
2015-04-07,1471,1471.TW,上市,8.45,8.5,8.41,8.46,248000
2015-04-08,1471,1471.TW,上市,8.46,8.65,8.42,8.5,252000
2015-04-09,1471,1471.TW,上市,8.5,8.68,8.42,8.55,383000
2015-04-10,1471,1471.TW,上市,8.61,8.62,8.44,8.49,188000
2015-04-13,1471,1471.TW,上市,8.5,8.53,8.45,8.48,119000
2015-04-14,1471,1471.TW,上市,8.48,8.67,8.45,8.65,315000
2015-04-15,1471,1471.TW,上市,8.7,8.7,8.53,8.68,373000
2015-04-16,1471,1471.TW,上市,8.7,8.75,8.62,8.62,338000
2015-04-17,1471,1471.TW,上市,8.83,8.84,8.63,8.72,330000
2015-04-20,1471,1471.TW,上市,8.7,8.74,8.51,8.58,223000
2015-04-21,1471,1471.TW,上市,8.75,8.75,8.52,8.67,347000
2015-04-22,1471,1471.TW,上市,8.66,8.66,8.47,8.54,270000
2015-04-23,1471,1471.TW,上市,8.56,8.63,8.45,8.45,398000
2015-04-24,1471,1471.TW,上市,8.53,8.58,8.45,8.46,204000
2015-04-27,1471,1471.TW,上市,8.46,8.5,8.41,8.43,263000
2015-04-28,1471,1471.TW,上市,8.45,8.5,8.38,8.41,338000
2015-04-29,1471,1471.TW,上市,8.4,8.47,8.37,8.37,266000
2015-04-30,1471,1471.TW,上市,8.4,8.42,8.26,8.42,592000
2015-05-04,1471,1471.TW,上市,8.47,8.5,8.27,8.32,265000
2015-05-05,1471,1471.TW,上市,8.28,8.32,8.14,8.28,270000
2015-05-06,1471,1471.TW,上市,8.26,8.28,8.12,8.22,388000
2015-05-07,1471,1471.TW,上市,8.2,8.22,8.03,8.03,480000
2015-05-08,1471,1471.TW,上市,8.06,8.11,8.0,8.07,324000
2015-05-11,1471,1471.TW,上市,8.1,8.16,7.61,7.88,765000
2015-05-12,1471,1471.TW,上市,7.85,8.2,7.84,7.87,219000
2015-05-13,1471,1471.TW,上市,7.89,8.0,7.86,7.98,158000
2015-05-14,1471,1471.TW,上市,7.98,8.05,7.87,7.88,146000
2015-05-15,1471,1471.TW,上市,7.98,8.15,7.81,7.82,201000
2015-05-18,1471,1471.TW,上市,7.82,8.1,7.8,7.92,413000
2015-05-19,1471,1471.TW,上市,7.93,7.93,7.81,7.85,161000
2015-05-20,1471,1471.TW,上市,7.85,7.94,7.8,7.8,178000
2015-05-21,1471,1471.TW,上市,7.81,8.05,7.7,7.87,373000
2015-05-22,1471,1471.TW,上市,7.87,7.99,7.79,7.95,293000
2015-05-25,1471,1471.TW,上市,7.87,8.38,7.87,8.1,859000
2015-05-26,1471,1471.TW,上市,8.23,8.23,8.0,8.02,450000
2015-05-27,1471,1471.TW,上市,8.0,8.11,7.94,8.11,681000
2015-05-28,1471,1471.TW,上市,8.11,8.3,8.11,8.28,483000
2015-05-29,1471,1471.TW,上市,8.28,8.34,8.2,8.25,736000
2015-06-01,1471,1471.TW,上市,8.27,8.29,8.13,8.14,93000
2015-06-02,1471,1471.TW,上市,8.2,8.67,8.11,8.44,2768000
2015-06-03,1471,1471.TW,上市,8.32,8.42,8.06,8.06,638000
2015-06-04,1471,1471.TW,上市,8.07,8.1,7.6,7.72,969000
2015-06-05,1471,1471.TW,上市,7.52,7.66,7.2,7.21,1964000
2015-06-08,1471,1471.TW,上市,7.21,7.21,6.65,6.7,1984000
2015-06-09,1471,1471.TW,上市,6.69,6.69,6.03,6.03,3037000
2015-06-10,1471,1471.TW,上市,5.8,6.3,5.8,6.08,1177000
2015-06-11,1471,1471.TW,上市,6.03,6.03,5.48,5.48,3696000
2015-06-12,1471,1471.TW,上市,5.51,5.7,5.51,5.62,3145000
2015-06-15,1471,1471.TW,上市,5.62,5.62,5.49,5.56,1684000
2015-06-16,1471,1471.TW,上市,5.6,5.6,5.48,5.48,1393000
2015-06-17,1471,1471.TW,上市,5.48,5.75,5.48,5.56,3035000
2015-06-18,1471,1471.TW,上市,5.63,5.83,5.6,5.78,1529000
2015-06-22,1471,1471.TW,上市,5.83,5.88,5.73,5.78,1598000
2015-06-23,1471,1471.TW,上市,5.84,5.9,5.78,5.78,434000
2015-06-24,1471,1471.TW,上市,5.79,5.82,5.58,5.63,636000
2015-06-25,1471,1471.TW,上市,5.64,5.76,5.59,5.69,683000
2015-06-26,1471,1471.TW,上市,5.69,5.75,5.66,5.67,287000
2015-06-29,1471,1471.TW,上市,5.65,5.65,5.49,5.49,515000
2015-06-30,1471,1471.TW,上市,5.52,5.63,5.5,5.57,275000
2015-07-01,1471,1471.TW,上市,5.59,5.77,5.58,5.69,379000
2015-07-02,1471,1471.TW,上市,5.74,5.81,5.7,5.72,508000
2015-07-03,1471,1471.TW,上市,5.79,5.8,5.64,5.72,466000
2015-07-06,1471,1471.TW,上市,5.73,5.77,5.51,5.52,528000
2015-07-07,1471,1471.TW,上市,5.66,5.66,5.42,5.5,331000
2015-07-08,1471,1471.TW,上市,5.55,5.55,5.0,5.07,1166000
2015-07-09,1471,1471.TW,上市,5.0,5.04,4.76,4.95,591000
2015-07-10,1471,1471.TW,上市,4.95,4.95,4.95,4.95,0
2015-07-13,1471,1471.TW,上市,5.01,5.12,5.0,5.06,343000
2015-07-14,1471,1471.TW,上市,5.24,5.25,5.06,5.12,371000
2015-07-15,1471,1471.TW,上市,5.12,5.18,5.08,5.13,180000
2015-07-16,1471,1471.TW,上市,5.1,5.14,4.93,5.01,459000
2015-07-17,1471,1471.TW,上市,5.02,5.1,4.96,4.96,124000
2015-07-20,1471,1471.TW,上市,5.07,5.07,4.89,4.89,293000
2015-07-21,1471,1471.TW,上市,4.89,4.92,4.8,4.86,264000
2015-07-22,1471,1471.TW,上市,4.83,4.95,4.83,4.84,190000
2015-07-23,1471,1471.TW,上市,4.85,4.85,4.62,4.69,435000
2015-07-24,1471,1471.TW,上市,4.71,4.71,4.57,4.57,546000
2015-07-27,1471,1471.TW,上市,4.57,4.57,4.12,4.12,1272000
2015-07-28,1471,1471.TW,上市,4.06,4.11,3.9,4.07,1441000
2015-07-29,1471,1471.TW,上市,4.07,4.22,4.07,4.12,428000
2015-07-30,1471,1471.TW,上市,4.15,4.24,4.14,4.14,474000
2015-07-31,1471,1471.TW,上市,4.2,4.22,4.15,4.15,285000
2015-08-03,1471,1471.TW,上市,4.15,4.18,4.1,4.11,236000
2015-08-04,1471,1471.TW,上市,4.12,4.15,3.94,3.98,558000
2015-08-05,1471,1471.TW,上市,4.0,4.11,3.99,4.09,436000
2015-08-06,1471,1471.TW,上市,4.13,4.18,4.04,4.04,319000
2015-08-07,1471,1471.TW,上市,4.02,4.07,4.01,4.05,237000
2015-08-10,1471,1471.TW,上市,4.06,4.12,4.05,4.08,294000
2015-08-11,1471,1471.TW,上市,4.1,4.17,4.06,4.11,359000
2015-08-12,1471,1471.TW,上市,4.14,4.15,4.07,4.07,216000
2015-08-13,1471,1471.TW,上市,4.01,4.13,3.94,4.05,208000
2015-08-14,1471,1471.TW,上市,4.05,4.16,4.03,4.15,298000
2015-08-17,1471,1471.TW,上市,4.29,4.39,4.14,4.29,658000
2015-08-18,1471,1471.TW,上市,4.36,4.36,4.17,4.2,272000
2015-08-19,1471,1471.TW,上市,4.21,4.26,4.02,4.03,668000
2015-08-20,1471,1471.TW,上市,4.04,4.07,3.92,4.0,417000
2015-08-21,1471,1471.TW,上市,3.99,3.99,3.7,3.8,783000
2015-08-24,1471,1471.TW,上市,3.7,3.7,3.42,3.42,1865000
2015-08-25,1471,1471.TW,上市,3.15,3.66,3.15,3.6,509000
2015-08-26,1471,1471.TW,上市,3.64,3.69,3.5,3.69,240000
2015-08-27,1471,1471.TW,上市,3.84,3.97,3.78,3.83,594000
2015-08-28,1471,1471.TW,上市,3.95,4.06,3.94,4.02,432000
2015-08-31,1471,1471.TW,上市,4.01,4.18,3.97,4.05,529000
2015-09-01,1471,1471.TW,上市,4.09,4.09,3.97,4.07,255000
2015-09-02,1471,1471.TW,上市,4.09,4.09,3.98,4.07,772000
2015-09-03,1471,1471.TW,上市,4.19,4.28,4.15,4.24,836000
2015-09-04,1471,1471.TW,上市,4.31,4.46,4.25,4.33,1169000
2015-09-07,1471,1471.TW,上市,4.41,4.5,4.3,4.44,750000
2015-09-08,1471,1471.TW,上市,4.44,4.47,4.22,4.31,626000
2015-09-09,1471,1471.TW,上市,4.37,4.6,4.33,4.51,2248000
2015-09-10,1471,1471.TW,上市,4.45,4.5,4.39,4.41,501000
2015-09-11,1471,1471.TW,上市,4.38,4.45,4.36,4.43,324000
2015-09-14,1471,1471.TW,上市,4.43,4.45,4.28,4.28,397000
2015-09-15,1471,1471.TW,上市,4.29,4.3,4.21,4.25,243000
2015-09-16,1471,1471.TW,上市,4.27,4.33,4.26,4.26,280000
2015-09-17,1471,1471.TW,上市,4.32,4.53,4.31,4.53,764000
2015-09-18,1471,1471.TW,上市,4.51,4.98,4.51,4.98,5056000
2015-09-21,1471,1471.TW,上市,5.06,5.12,4.68,4.68,4813000
2015-09-22,1471,1471.TW,上市,4.73,4.85,4.73,4.79,857000
2015-09-23,1471,1471.TW,上市,4.72,4.78,4.52,4.53,745000
2015-09-24,1471,1471.TW,上市,4.6,4.69,4.39,4.39,918000
2015-09-25,1471,1471.TW,上市,4.53,4.53,4.29,4.36,906000
2015-09-29,1471,1471.TW,上市,4.36,4.36,4.36,4.36,0
2015-09-30,1471,1471.TW,上市,4.33,4.41,4.28,4.34,686000
2015-10-01,1471,1471.TW,上市,4.37,4.42,4.35,4.36,398000
2015-10-02,1471,1471.TW,上市,4.4,4.5,4.4,4.42,422000
2015-10-05,1471,1471.TW,上市,4.5,4.67,4.47,4.61,704000
2015-10-06,1471,1471.TW,上市,4.67,4.74,4.5,4.6,1801000
2015-10-07,1471,1471.TW,上市,4.61,4.72,4.58,4.67,459000
2015-10-08,1471,1471.TW,上市,4.7,4.7,4.5,4.5,562000
2015-10-12,1471,1471.TW,上市,4.4,4.75,4.4,4.57,1942000
2015-10-13,1471,1471.TW,上市,4.55,4.64,4.5,4.57,384000
2015-10-14,1471,1471.TW,上市,4.53,4.6,4.53,4.53,378000
2015-10-15,1471,1471.TW,上市,4.63,4.74,4.59,4.59,664000
2015-10-16,1471,1471.TW,上市,4.74,4.74,4.6,4.6,407000
2015-10-19,1471,1471.TW,上市,4.6,4.9,4.6,4.75,1614000
2015-10-20,1471,1471.TW,上市,4.77,4.8,4.65,4.75,772000
2015-10-21,1471,1471.TW,上市,4.79,4.84,4.6,4.7,1674000
2015-10-22,1471,1471.TW,上市,4.7,4.88,4.66,4.86,1097000
2015-10-23,1471,1471.TW,上市,4.93,5.05,4.79,4.79,2209000
2015-10-26,1471,1471.TW,上市,4.88,4.9,4.77,4.87,528000
2015-10-27,1471,1471.TW,上市,4.9,5.05,4.82,4.89,1706000
2015-10-28,1471,1471.TW,上市,4.98,4.98,4.77,4.77,753000
2015-10-29,1471,1471.TW,上市,4.83,4.84,4.71,4.71,389000
2015-10-30,1471,1471.TW,上市,4.71,4.74,4.62,4.62,309000
2015-11-02,1471,1471.TW,上市,4.57,4.69,4.57,4.61,262000
2015-11-03,1471,1471.TW,上市,4.68,4.8,4.62,4.8,1144000
2015-11-04,1471,1471.TW,上市,4.86,4.96,4.81,4.81,3090000
2015-11-05,1471,1471.TW,上市,4.84,4.9,4.8,4.8,536000
2015-11-06,1471,1471.TW,上市,4.82,4.84,4.7,4.73,707000
2015-11-09,1471,1471.TW,上市,4.7,4.77,4.63,4.63,418000
2015-11-10,1471,1471.TW,上市,4.63,4.67,4.59,4.62,371000
2015-11-11,1471,1471.TW,上市,4.65,4.65,4.43,4.43,384000
2015-11-12,1471,1471.TW,上市,4.44,4.48,4.37,4.4,233000
2015-11-13,1471,1471.TW,上市,4.4,4.46,4.32,4.32,383000
2015-11-16,1471,1471.TW,上市,4.1,4.5,4.1,4.5,747000
2015-11-17,1471,1471.TW,上市,4.45,4.53,4.42,4.42,321000
2015-11-18,1471,1471.TW,上市,4.56,4.56,4.35,4.35,342000
2015-11-19,1471,1471.TW,上市,4.42,4.44,4.29,4.38,197000
2015-11-20,1471,1471.TW,上市,4.4,4.47,4.32,4.32,271000
2015-11-23,1471,1471.TW,上市,4.44,4.54,4.32,4.49,527000
2015-11-24,1471,1471.TW,上市,4.5,4.77,4.42,4.64,2862000
2015-11-25,1471,1471.TW,上市,4.63,4.63,4.38,4.38,474000
2015-11-26,1471,1471.TW,上市,4.4,4.53,4.4,4.52,328000
2015-11-27,1471,1471.TW,上市,4.53,4.6,4.38,4.38,304000
2015-11-30,1471,1471.TW,上市,4.39,4.47,4.37,4.39,156000
2015-12-01,1471,1471.TW,上市,4.54,4.54,4.4,4.4,155000
2015-12-02,1471,1471.TW,上市,4.43,4.45,4.3,4.32,217000
2015-12-03,1471,1471.TW,上市,4.3,4.58,4.3,4.34,354000
2015-12-04,1471,1471.TW,上市,4.35,4.43,4.32,4.37,158000
2015-12-07,1471,1471.TW,上市,4.37,4.42,4.33,4.33,330000
2015-12-08,1471,1471.TW,上市,4.35,4.42,4.35,4.36,435000
2015-12-09,1471,1471.TW,上市,4.36,4.37,4.23,4.26,403000
2015-12-10,1471,1471.TW,上市,4.26,4.34,4.18,4.2,319000
2015-12-11,1471,1471.TW,上市,4.25,4.33,4.18,4.18,309000
2015-12-14,1471,1471.TW,上市,4.15,4.28,4.13,4.14,469000
2015-12-15,1471,1471.TW,上市,4.16,4.22,4.14,4.2,276000
2015-12-16,1471,1471.TW,上市,4.22,4.27,4.2,4.26,192000
2015-12-17,1471,1471.TW,上市,4.26,4.29,4.19,4.25,432000
2015-12-18,1471,1471.TW,上市,4.21,4.27,4.2,4.27,343000
2015-12-21,1471,1471.TW,上市,4.21,4.69,4.2,4.69,2747000
2015-12-22,1471,1471.TW,上市,4.69,5.07,4.56,4.88,3147000
2015-12-23,1471,1471.TW,上市,4.91,4.94,4.78,4.78,587000
2015-12-24,1471,1471.TW,上市,4.8,4.9,4.66,4.8,618000
2015-12-25,1471,1471.TW,上市,4.91,4.91,4.73,4.89,445000
2015-12-28,1471,1471.TW,上市,4.95,4.95,4.8,4.86,244000
2015-12-29,1471,1471.TW,上市,4.73,4.84,4.68,4.74,371000
2015-12-30,1471,1471.TW,上市,4.78,4.85,4.71,4.74,208000
2015-12-31,1471,1471.TW,上市,4.79,4.88,4.75,4.87,755000
2016-01-04,1471,1471.TW,上市,4.9,4.97,4.73,4.85,638000
2016-01-05,1471,1471.TW,上市,4.74,5.0,4.74,4.98,996000
2016-01-06,1471,1471.TW,上市,4.96,4.97,4.8,4.89,1295000
2016-01-07,1471,1471.TW,上市,4.88,4.89,4.68,4.71,504000
2016-01-08,1471,1471.TW,上市,4.71,4.78,4.7,4.71,182000
2016-01-11,1471,1471.TW,上市,4.69,4.73,4.6,4.71,234000
2016-01-12,1471,1471.TW,上市,4.72,4.8,4.63,4.65,257000
2016-01-13,1471,1471.TW,上市,4.7,4.73,4.63,4.63,155000
2016-01-14,1471,1471.TW,上市,4.63,4.63,4.4,4.42,296000
2016-01-15,1471,1471.TW,上市,4.47,4.47,4.3,4.39,228000
2016-01-18,1471,1471.TW,上市,4.23,4.48,4.23,4.45,195000
2016-01-19,1471,1471.TW,上市,4.35,4.55,4.35,4.53,225000
2016-01-20,1471,1471.TW,上市,4.53,4.54,4.41,4.46,147000
2016-01-21,1471,1471.TW,上市,4.39,4.64,4.39,4.47,281000
2016-01-22,1471,1471.TW,上市,4.56,4.56,4.44,4.44,109000
2016-01-25,1471,1471.TW,上市,4.42,4.58,4.42,4.45,253000
2016-01-26,1471,1471.TW,上市,4.45,4.45,4.37,4.39,123000
2016-01-27,1471,1471.TW,上市,4.41,4.48,4.36,4.36,162000
2016-01-28,1471,1471.TW,上市,4.37,4.47,4.37,4.39,221000
2016-01-29,1471,1471.TW,上市,4.42,4.48,4.4,4.42,63000
2016-02-01,1471,1471.TW,上市,4.5,4.56,4.45,4.51,266000
2016-02-02,1471,1471.TW,上市,4.5,4.52,4.42,4.47,174000
2016-02-03,1471,1471.TW,上市,4.47,4.57,4.47,4.5,244000
2016-02-15,1471,1471.TW,上市,4.51,4.95,4.51,4.95,1598000
2016-02-16,1471,1471.TW,上市,5.0,5.44,5.0,5.44,2716000
2016-02-17,1471,1471.TW,上市,5.65,5.75,5.3,5.36,3396000
2016-02-18,1471,1471.TW,上市,5.36,5.51,5.3,5.36,669000
2016-02-19,1471,1471.TW,上市,5.42,5.42,5.32,5.35,411000
2016-02-22,1471,1471.TW,上市,5.35,5.7,5.32,5.56,903000
2016-02-23,1471,1471.TW,上市,5.69,5.7,5.52,5.6,563000
2016-02-24,1471,1471.TW,上市,5.7,5.7,5.35,5.41,1072000
2016-02-25,1471,1471.TW,上市,5.47,5.48,5.38,5.4,183000
2016-02-26,1471,1471.TW,上市,5.36,5.58,5.35,5.4,389000
2016-03-01,1471,1471.TW,上市,5.45,5.67,5.4,5.67,364000
2016-03-02,1471,1471.TW,上市,5.72,6.23,5.6,6.23,2902000
2016-03-03,1471,1471.TW,上市,6.28,6.29,6.0,6.24,2204000
2016-03-04,1471,1471.TW,上市,6.1,6.2,5.98,6.13,782000
2016-03-07,1471,1471.TW,上市,6.14,6.24,6.01,6.06,640000
2016-03-08,1471,1471.TW,上市,6.06,6.52,6.0,6.31,1258000
2016-03-09,1471,1471.TW,上市,6.4,6.44,6.14,6.14,779000
2016-03-10,1471,1471.TW,上市,6.17,6.24,6.01,6.14,557000
2016-03-11,1471,1471.TW,上市,6.29,6.29,6.05,6.05,520000
2016-03-14,1471,1471.TW,上市,6.06,6.15,6.02,6.02,515000
2016-03-15,1471,1471.TW,上市,6.01,6.03,5.7,5.74,1002000
2016-03-16,1471,1471.TW,上市,5.74,5.9,5.72,5.82,573000
2016-03-17,1471,1471.TW,上市,5.85,5.96,5.61,5.61,420000
2016-03-18,1471,1471.TW,上市,5.52,5.88,5.52,5.73,336000
2016-03-21,1471,1471.TW,上市,5.82,5.82,5.7,5.7,238000
2016-03-22,1471,1471.TW,上市,5.75,6.1,5.75,5.89,920000
2016-03-23,1471,1471.TW,上市,5.98,6.02,5.83,5.88,269000
2016-03-24,1471,1471.TW,上市,5.88,6.0,5.82,5.93,660000
2016-03-25,1471,1471.TW,上市,5.82,5.97,5.82,5.86,202000
2016-03-28,1471,1471.TW,上市,5.8,5.97,5.8,5.91,395000
2016-03-29,1471,1471.TW,上市,5.91,6.0,5.76,5.77,532000
2016-03-30,1471,1471.TW,上市,5.82,5.88,5.65,5.65,395000
2016-03-31,1471,1471.TW,上市,5.7,5.7,5.62,5.69,204000
2016-04-01,1471,1471.TW,上市,5.69,5.8,5.65,5.66,276000
2016-04-06,1471,1471.TW,上市,5.62,5.7,5.52,5.57,165000
2016-04-07,1471,1471.TW,上市,5.51,5.6,5.4,5.4,484000
2016-04-08,1471,1471.TW,上市,5.38,5.46,5.34,5.46,294000
2016-04-11,1471,1471.TW,上市,5.38,5.59,5.38,5.51,206000
2016-04-12,1471,1471.TW,上市,5.45,5.65,5.45,5.48,239000
2016-04-13,1471,1471.TW,上市,5.58,5.74,5.5,5.72,846000
2016-04-14,1471,1471.TW,上市,5.8,5.88,5.64,5.74,468000
2016-04-15,1471,1471.TW,上市,5.74,5.8,5.63,5.78,241000
2016-04-18,1471,1471.TW,上市,5.87,5.87,5.71,5.8,59000
2016-04-19,1471,1471.TW,上市,5.83,5.96,5.68,5.89,2278000
2016-04-20,1471,1471.TW,上市,5.9,5.98,5.7,5.7,376000
2016-04-21,1471,1471.TW,上市,5.7,5.8,5.69,5.69,150000
2016-04-22,1471,1471.TW,上市,5.6,5.76,5.41,5.7,343000
2016-04-25,1471,1471.TW,上市,5.67,5.75,5.6,5.75,254000
2016-04-26,1471,1471.TW,上市,5.63,5.75,5.6,5.72,144000
2016-04-27,1471,1471.TW,上市,5.72,5.72,5.6,5.69,116000
2016-04-28,1471,1471.TW,上市,5.6,5.7,5.54,5.55,171000
2016-04-29,1471,1471.TW,上市,5.48,5.64,5.4,5.56,228000
2016-05-03,1471,1471.TW,上市,5.42,5.53,5.31,5.45,171000
2016-05-04,1471,1471.TW,上市,5.47,5.47,5.0,5.0,514000
2016-05-05,1471,1471.TW,上市,5.1,5.15,4.97,5.03,320000
2016-05-06,1471,1471.TW,上市,5.12,5.12,4.85,5.08,441000
2016-05-09,1471,1471.TW,上市,5.08,5.08,4.9,5.05,255000
2016-05-10,1471,1471.TW,上市,4.93,5.05,4.93,5.0,112000
2016-05-11,1471,1471.TW,上市,5.0,5.07,4.96,5.05,126000
2016-05-12,1471,1471.TW,上市,4.96,5.03,4.81,5.01,72000
2016-05-13,1471,1471.TW,上市,5.0,5.0,4.83,5.0,328000
2016-05-16,1471,1471.TW,上市,5.0,5.19,4.87,5.0,189000
2016-05-17,1471,1471.TW,上市,4.94,5.1,4.94,5.1,177000
2016-05-18,1471,1471.TW,上市,5.0,5.19,4.96,5.19,282000
2016-05-19,1471,1471.TW,上市,5.1,5.18,5.0,5.13,186000
2016-05-20,1471,1471.TW,上市,5.17,5.63,5.09,5.22,7208000
2016-05-23,1471,1471.TW,上市,5.23,5.27,5.12,5.24,463000
2016-05-24,1471,1471.TW,上市,5.27,5.27,5.15,5.22,207000
2016-05-25,1471,1471.TW,上市,5.2,5.6,5.2,5.5,1171000
2016-05-26,1471,1471.TW,上市,5.5,5.75,5.5,5.67,709000
2016-05-27,1471,1471.TW,上市,5.68,5.86,5.68,5.86,596000
2016-05-30,1471,1471.TW,上市,5.86,5.98,5.8,5.96,963000
2016-05-31,1471,1471.TW,上市,5.96,6.08,5.76,5.79,1037000
2016-06-01,1471,1471.TW,上市,5.79,5.98,5.76,5.91,512000
2016-06-02,1471,1471.TW,上市,5.9,5.97,5.76,5.96,654000
2016-06-03,1471,1471.TW,上市,5.92,5.99,5.86,5.94,492000
2016-06-06,1471,1471.TW,上市,5.92,6.05,5.9,6.05,622000
2016-06-07,1471,1471.TW,上市,5.98,6.06,5.95,6.01,806000
2016-06-08,1471,1471.TW,上市,6.04,6.08,5.95,6.06,693000
2016-06-13,1471,1471.TW,上市,6.18,6.18,5.99,6.18,813000
2016-06-14,1471,1471.TW,上市,5.97,6.18,5.95,6.18,1012000
2016-06-15,1471,1471.TW,上市,6.24,6.24,6.06,6.18,664000
2016-06-16,1471,1471.TW,上市,6.18,6.18,6.0,6.03,1691000
2016-06-17,1471,1471.TW,上市,6.08,6.15,5.94,6.15,1636000
2016-06-20,1471,1471.TW,上市,6.12,6.19,6.0,6.06,2528000
2016-06-21,1471,1471.TW,上市,6.13,6.13,6.0,6.1,1939000
2016-06-22,1471,1471.TW,上市,6.01,6.07,5.98,5.98,288000
2016-06-23,1471,1471.TW,上市,5.98,6.0,5.83,5.85,401000
2016-06-24,1471,1471.TW,上市,5.85,5.9,5.64,5.81,965000
2016-06-27,1471,1471.TW,上市,5.7,5.98,5.7,5.89,231000
2016-06-28,1471,1471.TW,上市,6.06,6.06,5.8,5.92,75000
2016-06-29,1471,1471.TW,上市,6.02,6.02,5.86,5.9,1118000
2016-06-30,1471,1471.TW,上市,5.91,6.0,5.8,5.81,696000
2016-07-01,1471,1471.TW,上市,5.83,5.86,5.78,5.85,233000
2016-07-04,1471,1471.TW,上市,5.76,5.87,5.75,5.83,186000
2016-07-05,1471,1471.TW,上市,5.83,5.92,5.78,5.78,371000
2016-07-06,1471,1471.TW,上市,5.76,5.83,5.61,5.62,485000
2016-07-07,1471,1471.TW,上市,5.65,5.67,5.57,5.62,277000
2016-07-08,1471,1471.TW,上市,5.62,5.62,5.62,5.62,0
2016-07-11,1471,1471.TW,上市,5.63,5.67,5.51,5.51,234000
2016-07-12,1471,1471.TW,上市,5.45,5.55,5.45,5.5,244000
2016-07-13,1471,1471.TW,上市,5.52,5.68,5.42,5.6,658000
2016-07-14,1471,1471.TW,上市,5.6,5.64,5.5,5.5,333000
2016-07-15,1471,1471.TW,上市,5.55,5.8,5.55,5.55,305000
2016-07-18,1471,1471.TW,上市,5.63,5.83,5.63,5.77,390000
2016-07-19,1471,1471.TW,上市,5.76,5.8,5.69,5.77,255000
2016-07-20,1471,1471.TW,上市,5.78,5.88,5.77,5.81,263000
2016-07-21,1471,1471.TW,上市,5.84,5.88,5.82,5.86,288000
2016-07-22,1471,1471.TW,上市,5.86,5.88,5.81,5.87,150000
2016-07-25,1471,1471.TW,上市,5.72,5.9,5.72,5.87,297000
2016-07-26,1471,1471.TW,上市,5.83,5.9,5.72,5.75,229000
2016-07-27,1471,1471.TW,上市,5.79,5.79,5.69,5.74,149000
2016-07-28,1471,1471.TW,上市,5.71,5.83,5.7,5.7,144000
2016-07-29,1471,1471.TW,上市,5.71,5.71,5.58,5.65,216000
2016-08-01,1471,1471.TW,上市,5.68,5.73,5.5,5.58,349000
2016-08-02,1471,1471.TW,上市,5.58,5.68,5.54,5.68,316000
2016-08-03,1471,1471.TW,上市,5.62,5.78,5.62,5.71,310000
2016-08-04,1471,1471.TW,上市,5.76,5.85,5.71,5.78,450000
2016-08-05,1471,1471.TW,上市,5.75,5.78,5.72,5.72,128000
2016-08-08,1471,1471.TW,上市,5.82,5.82,5.72,5.78,563000
2016-08-09,1471,1471.TW,上市,5.78,5.84,5.69,5.8,442000
2016-08-10,1471,1471.TW,上市,5.85,5.85,5.61,5.74,455000
2016-08-11,1471,1471.TW,上市,5.56,5.74,5.56,5.65,226000
2016-08-12,1471,1471.TW,上市,5.69,5.78,5.51,5.6,321000
2016-08-15,1471,1471.TW,上市,5.53,5.62,5.51,5.59,163000
2016-08-16,1471,1471.TW,上市,5.59,5.59,5.49,5.49,212000
2016-08-17,1471,1471.TW,上市,5.47,5.54,5.42,5.54,225000
2016-08-18,1471,1471.TW,上市,5.49,5.56,5.45,5.54,91000
2016-08-19,1471,1471.TW,上市,5.54,5.55,5.3,5.43,638000
2016-08-22,1471,1471.TW,上市,5.43,5.43,5.33,5.37,140000
2016-08-23,1471,1471.TW,上市,5.37,5.39,5.33,5.38,112000
2016-08-24,1471,1471.TW,上市,5.35,5.45,5.33,5.44,233000
2016-08-25,1471,1471.TW,上市,5.37,5.79,5.37,5.76,1619000
2016-08-26,1471,1471.TW,上市,5.83,5.83,5.6,5.61,684000
2016-08-29,1471,1471.TW,上市,5.6,5.67,5.46,5.48,893000
2016-08-30,1471,1471.TW,上市,5.5,5.57,5.42,5.48,453000
2016-08-31,1471,1471.TW,上市,5.52,5.52,5.33,5.33,374000
2016-09-01,1471,1471.TW,上市,5.25,5.4,5.25,5.33,770000
2016-09-02,1471,1471.TW,上市,5.28,5.33,5.15,5.15,454000
2016-09-05,1471,1471.TW,上市,5.2,5.35,5.16,5.27,411000
2016-09-06,1471,1471.TW,上市,5.29,5.32,5.23,5.28,340000
2016-09-07,1471,1471.TW,上市,5.3,5.34,5.27,5.27,124000
2016-09-08,1471,1471.TW,上市,5.29,5.34,5.26,5.3,132000
2016-09-09,1471,1471.TW,上市,5.3,5.33,5.15,5.3,465000
2016-09-12,1471,1471.TW,上市,5.3,5.32,5.22,5.25,88000
2016-09-13,1471,1471.TW,上市,5.29,5.32,5.19,5.22,112000
2016-09-14,1471,1471.TW,上市,5.27,5.28,5.15,5.21,85000
2016-09-19,1471,1471.TW,上市,5.3,5.35,5.15,5.19,353000
2016-09-20,1471,1471.TW,上市,5.2,5.24,5.1,5.12,367000
2016-09-21,1471,1471.TW,上市,5.16,5.26,5.16,5.24,266000
2016-09-22,1471,1471.TW,上市,5.31,5.33,5.24,5.24,208000
2016-09-23,1471,1471.TW,上市,5.25,5.29,5.18,5.21,201000
2016-09-26,1471,1471.TW,上市,5.2,5.25,5.15,5.19,181000
2016-09-27,1471,1471.TW,上市,5.19,5.19,5.19,5.19,0
2016-09-28,1471,1471.TW,上市,5.19,5.19,5.19,5.19,0
2016-09-29,1471,1471.TW,上市,5.28,5.32,5.26,5.26,260000
2016-09-30,1471,1471.TW,上市,5.38,5.38,5.25,5.3,446000
2016-10-03,1471,1471.TW,上市,5.3,5.35,5.28,5.3,249000
2016-10-04,1471,1471.TW,上市,5.34,5.36,5.3,5.35,318000
2016-10-05,1471,1471.TW,上市,5.36,5.43,5.35,5.38,458000
2016-10-06,1471,1471.TW,上市,5.43,5.55,5.4,5.54,864000
2016-10-07,1471,1471.TW,上市,5.56,5.58,5.42,5.42,399000
2016-10-11,1471,1471.TW,上市,5.45,5.53,5.4,5.42,636000
2016-10-12,1471,1471.TW,上市,5.33,5.45,5.33,5.44,193000
2016-10-13,1471,1471.TW,上市,5.38,5.38,5.26,5.26,370000
2016-10-14,1471,1471.TW,上市,5.29,5.31,5.17,5.17,86000
2016-10-17,1471,1471.TW,上市,5.24,5.32,5.17,5.27,180000
2016-10-18,1471,1471.TW,上市,5.18,5.3,5.18,5.27,85000
2016-10-19,1471,1471.TW,上市,5.27,5.36,5.2,5.24,314000
2016-10-20,1471,1471.TW,上市,5.29,5.29,5.17,5.23,292000
2016-10-21,1471,1471.TW,上市,5.18,5.28,5.18,5.24,433000
2016-10-24,1471,1471.TW,上市,5.29,5.34,5.25,5.26,83000
2016-10-25,1471,1471.TW,上市,5.27,5.31,5.24,5.27,162000
2016-10-26,1471,1471.TW,上市,5.3,5.3,5.04,5.04,329000
2016-10-27,1471,1471.TW,上市,5.13,5.28,5.11,5.2,498000
2016-10-28,1471,1471.TW,上市,5.26,5.3,5.18,5.19,217000
2016-10-31,1471,1471.TW,上市,5.19,5.19,5.06,5.18,351000
2016-11-01,1471,1471.TW,上市,5.11,5.18,5.04,5.13,384000
2016-11-02,1471,1471.TW,上市,5.07,5.12,4.9,4.99,461000
2016-11-03,1471,1471.TW,上市,4.97,4.97,4.8,4.89,476000
2016-11-04,1471,1471.TW,上市,4.85,4.85,4.75,4.82,207000
2016-11-07,1471,1471.TW,上市,4.71,4.97,4.71,4.97,451000
2016-11-08,1471,1471.TW,上市,4.91,4.92,4.79,4.88,329000
2016-11-09,1471,1471.TW,上市,4.84,4.9,4.56,4.74,927000
2016-11-10,1471,1471.TW,上市,4.87,4.87,4.72,4.79,331000
2016-11-11,1471,1471.TW,上市,4.71,4.71,4.36,4.52,1445000
2016-11-14,1471,1471.TW,上市,4.5,4.6,4.36,4.54,458000
2016-11-15,1471,1471.TW,上市,4.54,4.57,4.48,4.55,218000
2016-11-16,1471,1471.TW,上市,4.6,4.66,4.5,4.51,284000
2016-11-17,1471,1471.TW,上市,4.51,4.56,4.46,4.51,225000
2016-11-18,1471,1471.TW,上市,4.52,4.52,4.45,4.51,290000
2016-11-21,1471,1471.TW,上市,4.49,4.54,4.49,4.54,96000
2016-11-22,1471,1471.TW,上市,4.51,4.51,4.25,4.34,503000
2016-11-23,1471,1471.TW,上市,4.17,4.33,4.17,4.2,471000
2016-11-24,1471,1471.TW,上市,4.22,4.34,4.2,4.29,283000
2016-11-25,1471,1471.TW,上市,4.23,4.25,4.19,4.19,180000
2016-11-28,1471,1471.TW,上市,4.29,4.29,4.08,4.09,279000
2016-11-29,1471,1471.TW,上市,4.09,4.16,4.06,4.06,491000
2016-11-30,1471,1471.TW,上市,4.1,4.15,4.06,4.14,338000
2016-12-01,1471,1471.TW,上市,4.13,4.29,4.1,4.25,375000
2016-12-02,1471,1471.TW,上市,4.2,4.34,4.2,4.29,364000
2016-12-05,1471,1471.TW,上市,4.34,4.39,4.28,4.32,361000
2016-12-06,1471,1471.TW,上市,4.32,4.38,4.26,4.33,309000
2016-12-07,1471,1471.TW,上市,4.34,4.34,4.24,4.28,182000
2016-12-08,1471,1471.TW,上市,4.35,4.35,4.14,4.29,681000
2016-12-09,1471,1471.TW,上市,4.2,4.28,4.2,4.25,276000
2016-12-12,1471,1471.TW,上市,4.18,4.23,4.16,4.22,69000
2016-12-13,1471,1471.TW,上市,4.2,4.47,4.2,4.43,1022000
2016-12-14,1471,1471.TW,上市,4.45,4.72,4.45,4.64,1004000
2016-12-15,1471,1471.TW,上市,4.63,4.75,4.52,4.63,297000
2016-12-16,1471,1471.TW,上市,4.74,4.74,4.6,4.65,344000
2016-12-19,1471,1471.TW,上市,4.69,4.7,4.45,4.65,423000
2016-12-20,1471,1471.TW,上市,4.75,4.78,4.55,4.56,419000
2016-12-21,1471,1471.TW,上市,4.52,4.67,4.52,4.6,153000
2016-12-22,1471,1471.TW,上市,4.64,4.65,4.54,4.54,114000
2016-12-23,1471,1471.TW,上市,4.54,4.58,4.48,4.48,84000
2016-12-26,1471,1471.TW,上市,4.58,4.58,4.32,4.48,128000
2016-12-27,1471,1471.TW,上市,4.47,4.47,4.35,4.46,120000
2016-12-28,1471,1471.TW,上市,4.46,4.52,4.4,4.45,141000
2016-12-29,1471,1471.TW,上市,4.45,4.49,4.39,4.39,338000
2016-12-30,1471,1471.TW,上市,4.4,4.58,4.4,4.46,403000
2017-01-03,1471,1471.TW,上市,4.53,4.57,4.41,4.48,312000
2017-01-04,1471,1471.TW,上市,4.46,4.63,4.41,4.5,291000
2017-01-05,1471,1471.TW,上市,4.5,4.58,4.44,4.58,483000
2017-01-06,1471,1471.TW,上市,4.58,4.7,4.58,4.62,636000
2017-01-09,1471,1471.TW,上市,4.65,4.78,4.57,4.72,330000
2017-01-10,1471,1471.TW,上市,4.85,4.85,4.65,4.75,288000
2017-01-11,1471,1471.TW,上市,4.7,4.75,4.62,4.67,180000
2017-01-12,1471,1471.TW,上市,4.62,4.71,4.61,4.66,150000
2017-01-13,1471,1471.TW,上市,4.7,4.7,4.59,4.65,140000
2017-01-16,1471,1471.TW,上市,4.67,4.69,4.6,4.64,212000
2017-01-17,1471,1471.TW,上市,4.83,4.84,4.65,4.71,1581000
2017-01-18,1471,1471.TW,上市,4.65,4.83,4.65,4.76,1556000
2017-01-19,1471,1471.TW,上市,4.75,4.84,4.68,4.71,512000
2017-01-20,1471,1471.TW,上市,4.71,4.78,4.64,4.71,397000
2017-01-23,1471,1471.TW,上市,4.66,4.75,4.66,4.7,394000
2017-01-24,1471,1471.TW,上市,4.65,4.74,4.64,4.72,215000
2017-02-02,1471,1471.TW,上市,4.69,4.8,4.68,4.7,333000
2017-02-03,1471,1471.TW,上市,4.78,4.8,4.71,4.79,467000
2017-02-06,1471,1471.TW,上市,4.85,5.19,4.85,5.14,1441000
2017-02-07,1471,1471.TW,上市,5.37,5.37,5.16,5.23,927000
2017-02-08,1471,1471.TW,上市,5.3,5.32,5.08,5.16,646000
2017-02-09,1471,1471.TW,上市,5.18,5.2,5.05,5.05,519000
2017-02-10,1471,1471.TW,上市,5.1,5.22,5.05,5.16,906000
2017-02-13,1471,1471.TW,上市,5.18,5.18,5.05,5.16,447000
2017-02-14,1471,1471.TW,上市,5.16,5.28,5.01,5.16,659000
2017-02-15,1471,1471.TW,上市,5.15,5.27,5.09,5.1,347000
2017-02-16,1471,1471.TW,上市,5.03,5.15,4.97,4.98,396000
2017-02-17,1471,1471.TW,上市,4.92,5.05,4.92,4.93,363000
2017-02-20,1471,1471.TW,上市,5.0,5.09,4.93,5.0,301000
2017-02-21,1471,1471.TW,上市,4.95,5.07,4.92,5.01,334000
2017-02-22,1471,1471.TW,上市,5.0,5.05,4.95,5.0,274000
2017-02-23,1471,1471.TW,上市,5.0,5.05,4.9,4.98,472000
2017-02-24,1471,1471.TW,上市,4.92,4.99,4.92,4.98,277000
2017-03-01,1471,1471.TW,上市,4.95,5.0,4.92,4.94,190000
2017-03-02,1471,1471.TW,上市,4.94,5.0,4.94,4.95,362000
2017-03-03,1471,1471.TW,上市,4.97,4.99,4.92,4.95,253000
2017-03-06,1471,1471.TW,上市,4.95,5.01,4.94,5.0,253000
2017-03-07,1471,1471.TW,上市,5.0,5.07,4.97,5.04,510000
2017-03-08,1471,1471.TW,上市,5.01,5.05,4.94,4.99,187000
2017-03-09,1471,1471.TW,上市,4.92,4.99,4.89,4.89,221000
2017-03-10,1471,1471.TW,上市,4.89,4.92,4.7,4.79,448000
2017-03-13,1471,1471.TW,上市,4.87,4.95,4.76,4.85,264000
2017-03-14,1471,1471.TW,上市,4.85,4.86,4.77,4.85,286000
2017-03-15,1471,1471.TW,上市,4.77,4.82,4.7,4.75,555000
2017-03-16,1471,1471.TW,上市,4.75,4.84,4.7,4.8,331000
2017-03-17,1471,1471.TW,上市,4.76,4.82,4.76,4.82,208000
2017-03-20,1471,1471.TW,上市,4.89,5.3,4.83,5.3,2253000
2017-03-21,1471,1471.TW,上市,5.6,5.81,5.4,5.81,5168000
2017-03-22,1471,1471.TW,上市,5.85,6.25,5.65,6.2,4575000
2017-03-23,1471,1471.TW,上市,6.29,6.43,6.01,6.08,3895000
2017-03-24,1471,1471.TW,上市,6.1,6.1,5.85,5.86,1867000
2017-03-27,1471,1471.TW,上市,6.0,6.0,5.85,5.85,1499000
2017-03-28,1471,1471.TW,上市,5.86,5.93,5.45,5.57,1349000
2017-03-29,1471,1471.TW,上市,5.6,5.8,5.55,5.67,449000
2017-03-30,1471,1471.TW,上市,5.8,5.8,5.63,5.67,453000
2017-03-31,1471,1471.TW,上市,5.68,5.78,5.66,5.66,517000
2017-04-05,1471,1471.TW,上市,5.66,5.78,5.43,5.54,676000
2017-04-06,1471,1471.TW,上市,5.55,5.55,5.38,5.38,519000
2017-04-07,1471,1471.TW,上市,5.47,5.47,5.27,5.33,472000
2017-04-10,1471,1471.TW,上市,5.3,5.45,5.3,5.36,427000
2017-04-11,1471,1471.TW,上市,5.12,5.3,5.11,5.14,485000
2017-04-12,1471,1471.TW,上市,4.85,5.36,4.85,5.32,923000
2017-04-13,1471,1471.TW,上市,5.29,5.35,5.23,5.24,251000
2017-04-14,1471,1471.TW,上市,5.26,5.26,5.1,5.21,406000
2017-04-17,1471,1471.TW,上市,5.13,5.34,5.04,5.1,187000
2017-04-18,1471,1471.TW,上市,5.09,5.24,5.08,5.13,178000
2017-04-19,1471,1471.TW,上市,5.11,5.11,4.98,5.04,449000
2017-04-20,1471,1471.TW,上市,4.99,5.0,4.93,4.99,233000
2017-04-21,1471,1471.TW,上市,4.94,5.07,4.91,5.01,572000
2017-04-24,1471,1471.TW,上市,5.01,5.07,4.92,5.01,231000
2017-04-25,1471,1471.TW,上市,5.01,5.08,4.94,5.02,290000
2017-04-26,1471,1471.TW,上市,5.06,5.09,5.0,5.07,275000
2017-04-27,1471,1471.TW,上市,5.01,5.11,5.0,5.03,269000
2017-04-28,1471,1471.TW,上市,4.99,5.09,4.97,4.97,252000
2017-05-02,1471,1471.TW,上市,4.99,5.1,4.97,5.04,317000
2017-05-03,1471,1471.TW,上市,5.04,5.14,5.04,5.08,301000
2017-05-04,1471,1471.TW,上市,5.05,5.09,5.0,5.08,179000
2017-05-05,1471,1471.TW,上市,5.07,5.1,4.96,4.96,304000
2017-05-08,1471,1471.TW,上市,5.0,5.12,4.94,5.08,386000
2017-05-09,1471,1471.TW,上市,5.08,5.16,4.73,4.87,499000
2017-05-10,1471,1471.TW,上市,4.88,5.09,4.88,5.03,189000
2017-05-11,1471,1471.TW,上市,4.94,5.1,4.94,5.03,146000
2017-05-12,1471,1471.TW,上市,5.03,5.09,4.98,5.03,136000
2017-05-15,1471,1471.TW,上市,5.05,5.14,4.96,4.96,340000
2017-05-16,1471,1471.TW,上市,4.99,5.09,4.95,5.03,219000
2017-05-17,1471,1471.TW,上市,5.05,5.07,4.91,4.94,102000
2017-05-18,1471,1471.TW,上市,4.87,5.03,4.87,4.98,106000
2017-05-19,1471,1471.TW,上市,4.98,5.13,4.93,5.06,313000
2017-05-22,1471,1471.TW,上市,5.04,5.06,4.96,5.01,181000
2017-05-23,1471,1471.TW,上市,5.0,5.05,4.91,5.04,353000
2017-05-24,1471,1471.TW,上市,5.05,5.54,4.95,5.54,1583000
2017-05-25,1471,1471.TW,上市,6.09,6.09,5.89,6.09,2830000
2017-05-26,1471,1471.TW,上市,6.2,6.42,5.75,5.88,4089000
2017-05-31,1471,1471.TW,上市,5.65,5.9,5.43,5.5,1372000
2017-06-01,1471,1471.TW,上市,5.62,5.62,5.4,5.52,774000
2017-06-02,1471,1471.TW,上市,5.46,5.55,5.32,5.47,461000
2017-06-05,1471,1471.TW,上市,5.35,5.5,5.35,5.43,569000
2017-06-06,1471,1471.TW,上市,5.46,5.47,5.33,5.33,586000
2017-06-07,1471,1471.TW,上市,5.33,5.42,5.3,5.41,538000
2017-06-08,1471,1471.TW,上市,5.41,5.43,5.34,5.39,192000
2017-06-09,1471,1471.TW,上市,5.38,5.44,5.26,5.3,581000
2017-06-12,1471,1471.TW,上市,5.21,5.28,5.05,5.16,779000
2017-06-13,1471,1471.TW,上市,5.08,5.16,5.08,5.14,192000
2017-06-14,1471,1471.TW,上市,5.16,5.16,5.07,5.15,456000
2017-06-15,1471,1471.TW,上市,5.2,5.28,5.16,5.22,247000
2017-06-16,1471,1471.TW,上市,5.06,5.28,5.06,5.22,319000
2017-06-19,1471,1471.TW,上市,5.16,5.24,5.13,5.17,327000
2017-06-20,1471,1471.TW,上市,5.17,5.18,5.05,5.06,687000
2017-06-21,1471,1471.TW,上市,5.06,5.19,5.02,5.04,564000
2017-06-22,1471,1471.TW,上市,5.04,5.13,5.02,5.02,514000
2017-06-23,1471,1471.TW,上市,5.07,5.08,4.99,5.07,322000
2017-06-26,1471,1471.TW,上市,5.07,5.17,5.07,5.14,351000
2017-06-27,1471,1471.TW,上市,5.14,5.27,5.09,5.2,813000
2017-06-28,1471,1471.TW,上市,5.18,5.23,5.0,5.13,389000
2017-06-29,1471,1471.TW,上市,5.06,5.14,5.05,5.13,278000
2017-06-30,1471,1471.TW,上市,5.09,5.15,5.07,5.13,101000
2017-07-03,1471,1471.TW,上市,5.14,5.2,5.05,5.14,405000
2017-07-04,1471,1471.TW,上市,5.12,5.18,5.06,5.15,406000
2017-07-05,1471,1471.TW,上市,5.15,5.35,5.07,5.32,1300000
2017-07-06,1471,1471.TW,上市,5.28,5.28,5.13,5.2,463000
2017-07-07,1471,1471.TW,上市,5.19,5.31,5.13,5.28,923000
2017-07-10,1471,1471.TW,上市,5.31,5.8,5.25,5.8,5281000
2017-07-11,1471,1471.TW,上市,5.52,5.8,5.43,5.8,3716000
2017-07-12,1471,1471.TW,上市,5.72,5.83,5.58,5.78,2515000
2017-07-13,1471,1471.TW,上市,5.77,5.97,5.62,5.63,2901000
2017-07-14,1471,1471.TW,上市,5.63,5.69,5.4,5.49,1398000
2017-07-17,1471,1471.TW,上市,5.55,5.55,5.18,5.18,1316000
2017-07-18,1471,1471.TW,上市,5.18,5.33,5.18,5.3,1006000
2017-07-19,1471,1471.TW,上市,5.3,5.38,5.23,5.23,882000
2017-07-20,1471,1471.TW,上市,5.25,5.32,5.22,5.25,393000
2017-07-21,1471,1471.TW,上市,5.21,5.4,5.2,5.38,907000
2017-07-24,1471,1471.TW,上市,5.27,5.45,5.26,5.36,675000
2017-07-25,1471,1471.TW,上市,5.29,5.42,5.28,5.39,1186000
2017-07-26,1471,1471.TW,上市,5.39,5.45,5.27,5.31,1115000
2017-07-27,1471,1471.TW,上市,5.31,5.44,5.31,5.38,1178000
2017-07-28,1471,1471.TW,上市,5.42,5.44,5.3,5.42,1311000
2017-07-31,1471,1471.TW,上市,5.4,5.41,5.3,5.3,608000
2017-08-01,1471,1471.TW,上市,5.3,5.32,5.2,5.2,556000
2017-08-02,1471,1471.TW,上市,5.2,5.34,5.2,5.22,682000
2017-08-03,1471,1471.TW,上市,5.24,5.29,5.19,5.26,436000
2017-08-04,1471,1471.TW,上市,5.22,5.28,5.22,5.23,222000
2017-08-07,1471,1471.TW,上市,5.23,5.33,5.23,5.28,365000
2017-08-08,1471,1471.TW,上市,5.3,5.36,5.24,5.29,268000
2017-08-09,1471,1471.TW,上市,5.25,5.34,5.22,5.34,367000
2017-08-10,1471,1471.TW,上市,5.33,5.34,5.16,5.32,628000
2017-08-11,1471,1471.TW,上市,5.22,5.38,5.19,5.31,856000
2017-08-14,1471,1471.TW,上市,5.25,5.25,4.85,4.85,1377000
2017-08-15,1471,1471.TW,上市,4.83,4.97,4.83,4.92,594000
2017-08-16,1471,1471.TW,上市,4.9,5.0,4.9,4.9,446000
2017-08-17,1471,1471.TW,上市,4.91,4.97,4.9,4.95,433000
2017-08-18,1471,1471.TW,上市,4.9,4.96,4.88,4.9,337000
2017-08-21,1471,1471.TW,上市,4.81,5.01,4.81,5.0,475028
2017-08-22,1471,1471.TW,上市,4.99,5.26,4.89,5.26,1653243
2017-08-23,1471,1471.TW,上市,5.23,5.36,5.09,5.17,607338
2017-08-24,1471,1471.TW,上市,5.26,5.26,5.12,5.15,496362
2017-08-25,1471,1471.TW,上市,5.05,5.2,5.05,5.18,758309
2017-08-28,1471,1471.TW,上市,5.22,5.24,5.12,5.21,502136
2017-08-29,1471,1471.TW,上市,5.14,5.32,5.1,5.24,357634
2017-08-30,1471,1471.TW,上市,5.24,5.34,5.2,5.32,1682004
2017-08-31,1471,1471.TW,上市,5.32,5.41,5.25,5.33,656498
2017-09-01,1471,1471.TW,上市,5.33,5.33,5.2,5.23,310499
2017-09-04,1471,1471.TW,上市,5.21,5.21,5.09,5.09,440338
2017-09-05,1471,1471.TW,上市,5.1,5.24,5.1,5.14,969860
2017-09-06,1471,1471.TW,上市,5.14,5.23,5.0,5.12,841859
2017-09-07,1471,1471.TW,上市,5.11,5.14,5.1,5.12,223796
2017-09-08,1471,1471.TW,上市,5.12,5.18,5.07,5.13,563950
2017-09-11,1471,1471.TW,上市,5.18,5.28,5.13,5.18,542824
2017-09-12,1471,1471.TW,上市,5.17,5.21,5.16,5.2,191063
2017-09-13,1471,1471.TW,上市,5.2,5.24,5.14,5.2,344537
2017-09-14,1471,1471.TW,上市,5.2,5.23,5.13,5.15,777860
2017-09-15,1471,1471.TW,上市,5.17,5.55,5.14,5.48,3385836
2017-09-18,1471,1471.TW,上市,5.48,5.67,5.43,5.5,1816852
2017-09-19,1471,1471.TW,上市,5.54,5.63,5.39,5.4,1479698
2017-09-20,1471,1471.TW,上市,5.4,5.58,5.38,5.47,472005
2017-09-21,1471,1471.TW,上市,5.47,5.57,5.45,5.53,649558
2017-09-22,1471,1471.TW,上市,5.53,5.55,5.35,5.35,917967
2017-09-25,1471,1471.TW,上市,5.35,5.52,5.33,5.41,655865
2017-09-26,1471,1471.TW,上市,5.48,5.5,5.23,5.25,1015574
2017-09-27,1471,1471.TW,上市,5.21,5.38,5.19,5.19,503567
2017-09-28,1471,1471.TW,上市,5.19,5.19,5.06,5.07,959044
2017-09-29,1471,1471.TW,上市,5.08,5.08,4.99,5.04,1346766
2017-10-02,1471,1471.TW,上市,5.01,5.12,5.0,5.08,696654
2017-10-03,1471,1471.TW,上市,5.06,5.07,5.02,5.06,229307
2017-10-05,1471,1471.TW,上市,5.05,5.06,4.99,5.03,411282
2017-10-06,1471,1471.TW,上市,5.02,5.14,5.0,5.06,1184749
2017-10-11,1471,1471.TW,上市,5.07,5.16,5.0,5.0,1164473
2017-10-12,1471,1471.TW,上市,5.01,5.14,5.0,5.09,1861221
2017-10-13,1471,1471.TW,上市,5.08,5.08,5.01,5.04,507999
2017-10-16,1471,1471.TW,上市,5.01,5.11,5.0,5.07,849485
2017-10-17,1471,1471.TW,上市,5.07,5.08,5.02,5.07,506400
2017-10-18,1471,1471.TW,上市,5.08,5.1,5.02,5.06,292610
2017-10-19,1471,1471.TW,上市,5.05,5.07,5.01,5.06,325000
2017-10-20,1471,1471.TW,上市,5.06,5.06,5.02,5.02,268845
2017-10-23,1471,1471.TW,上市,5.0,5.07,5.0,5.01,388501
2017-10-24,1471,1471.TW,上市,5.0,5.04,5.0,5.03,355930
2017-10-25,1471,1471.TW,上市,5.05,5.05,4.99,5.03,448522
2017-10-26,1471,1471.TW,上市,5.0,5.07,5.0,5.01,411714
2017-10-27,1471,1471.TW,上市,5.06,5.06,4.97,4.98,527322
2017-10-30,1471,1471.TW,上市,5.0,5.01,4.85,4.86,977892
2017-10-31,1471,1471.TW,上市,4.83,4.94,4.83,4.91,417939
2017-11-01,1471,1471.TW,上市,4.95,5.0,4.85,4.86,368081
2017-11-02,1471,1471.TW,上市,4.9,4.92,4.85,4.85,377399
2017-11-03,1471,1471.TW,上市,4.95,4.95,4.84,4.87,272683
2017-11-06,1471,1471.TW,上市,4.94,4.94,4.83,4.86,166675
2017-11-07,1471,1471.TW,上市,4.9,4.93,4.84,4.88,206787
2017-11-08,1471,1471.TW,上市,4.88,4.93,4.86,4.89,352543
2017-11-09,1471,1471.TW,上市,4.93,4.96,4.87,4.9,589896
2017-11-10,1471,1471.TW,上市,4.92,4.99,4.85,4.92,513500
2017-11-13,1471,1471.TW,上市,4.96,4.96,4.88,4.88,268621
2017-11-14,1471,1471.TW,上市,4.94,4.96,4.9,4.9,431273
2017-11-15,1471,1471.TW,上市,4.97,4.97,4.88,4.88,414003
2017-11-16,1471,1471.TW,上市,4.87,4.88,4.8,4.81,484770
2017-11-17,1471,1471.TW,上市,4.89,5.06,4.81,5.05,1421514
2017-11-20,1471,1471.TW,上市,5.05,5.32,5.02,5.21,1297130
2017-11-21,1471,1471.TW,上市,5.21,5.25,5.09,5.09,619555
2017-11-22,1471,1471.TW,上市,5.15,5.18,5.1,5.15,380948
2017-11-23,1471,1471.TW,上市,5.15,5.32,5.15,5.23,1446815
2017-11-24,1471,1471.TW,上市,5.26,5.29,5.19,5.25,1014828
2017-11-27,1471,1471.TW,上市,5.25,5.38,5.16,5.38,1376391
2017-11-28,1471,1471.TW,上市,5.45,5.45,5.28,5.35,958533
2017-11-29,1471,1471.TW,上市,5.25,5.35,5.21,5.27,848182
2017-11-30,1471,1471.TW,上市,5.3,5.33,5.1,5.24,604507
2017-12-01,1471,1471.TW,上市,5.22,5.29,5.13,5.25,1413800
2017-12-04,1471,1471.TW,上市,5.4,5.4,5.19,5.26,526134
2017-12-05,1471,1471.TW,上市,5.17,5.3,5.17,5.24,175005
2017-12-06,1471,1471.TW,上市,5.21,5.29,5.1,5.29,698838
2017-12-07,1471,1471.TW,上市,5.29,5.36,5.19,5.28,399952
2017-12-08,1471,1471.TW,上市,5.3,5.31,5.11,5.25,865607
2017-12-11,1471,1471.TW,上市,5.19,5.26,5.11,5.19,403982
2017-12-12,1471,1471.TW,上市,5.15,5.15,5.07,5.15,747197
2017-12-13,1471,1471.TW,上市,5.19,5.19,5.04,5.1,386871
2017-12-14,1471,1471.TW,上市,5.1,5.14,5.07,5.11,54459
2017-12-15,1471,1471.TW,上市,5.12,5.16,5.1,5.12,87117
2017-12-18,1471,1471.TW,上市,5.06,5.11,4.98,5.03,437004
2017-12-19,1471,1471.TW,上市,5.05,5.05,4.9,4.97,632120
2017-12-20,1471,1471.TW,上市,4.97,5.13,4.93,5.08,295000
2017-12-21,1471,1471.TW,上市,5.08,5.14,4.99,5.09,463277
2017-12-22,1471,1471.TW,上市,5.09,5.09,4.96,5.0,426101
2017-12-25,1471,1471.TW,上市,5.0,5.12,4.95,5.05,393026
2017-12-26,1471,1471.TW,上市,5.07,5.07,4.95,5.0,211175
2017-12-27,1471,1471.TW,上市,5.04,5.04,4.97,5.03,377381
2017-12-28,1471,1471.TW,上市,5.04,5.04,4.98,5.02,357026
2017-12-29,1471,1471.TW,上市,4.96,5.05,4.95,5.0,531439
2018-01-02,1471,1471.TW,上市,4.92,5.04,4.92,5.04,734430
2018-01-03,1471,1471.TW,上市,5.01,5.1,4.96,5.08,1353901
2018-01-04,1471,1471.TW,上市,5.02,5.19,5.01,5.11,878620
2018-01-05,1471,1471.TW,上市,5.19,5.19,5.07,5.15,664300
2018-01-08,1471,1471.TW,上市,5.15,5.24,5.13,5.21,1464887
2018-01-09,1471,1471.TW,上市,5.25,5.25,5.11,5.21,826992
2018-01-10,1471,1471.TW,上市,5.69,5.73,5.46,5.73,7479355
2018-01-11,1471,1471.TW,上市,5.73,5.73,5.73,5.73,0
2018-01-12,1471,1471.TW,上市,5.73,5.73,5.73,5.73,0
2018-01-15,1471,1471.TW,上市,5.73,5.73,5.73,5.73,0
2018-01-16,1471,1471.TW,上市,5.73,5.73,5.73,5.73,0
2018-01-17,1471,1471.TW,上市,5.73,5.73,5.73,5.73,0
2018-01-18,1471,1471.TW,上市,5.73,5.73,5.73,5.73,0
2018-01-19,1471,1471.TW,上市,5.73,5.73,5.73,5.73,0
2018-01-22,1471,1471.TW,上市,8.53,8.72,8.5,8.72,2921433
2018-01-23,1471,1471.TW,上市,9.59,9.59,9.1,9.37,8161845
2018-01-24,1471,1471.TW,上市,9.1,9.22,8.44,8.68,4921352
2018-01-25,1471,1471.TW,上市,8.38,8.43,7.9,7.94,2927712
2018-01-26,1471,1471.TW,上市,7.94,8.48,7.84,8.2,1578070
2018-01-29,1471,1471.TW,上市,8.0,8.19,7.91,8.0,951559
2018-01-30,1471,1471.TW,上市,7.8,7.94,7.72,7.79,1190662
2018-01-31,1471,1471.TW,上市,7.76,7.85,7.65,7.66,575010
2018-02-01,1471,1471.TW,上市,7.77,7.99,7.66,7.89,1089812
2018-02-02,1471,1471.TW,上市,7.88,7.88,7.69,7.74,776882
2018-02-05,1471,1471.TW,上市,7.61,7.85,7.55,7.77,466748
2018-02-06,1471,1471.TW,上市,7.7,7.7,7.0,7.11,1157115
2018-02-07,1471,1471.TW,上市,7.16,7.46,7.16,7.2,601986
2018-02-08,1471,1471.TW,上市,7.2,7.29,7.15,7.16,338280
2018-02-09,1471,1471.TW,上市,6.52,7.29,6.52,7.0,663457
2018-02-12,1471,1471.TW,上市,7.1,7.1,6.98,6.98,364022
2018-02-21,1471,1471.TW,上市,7.0,7.35,7.0,7.2,276315
2018-02-22,1471,1471.TW,上市,7.17,7.37,7.09,7.32,382340
2018-02-23,1471,1471.TW,上市,7.4,7.53,7.28,7.48,697117
2018-02-26,1471,1471.TW,上市,7.6,8.22,7.6,8.22,2866730
2018-02-27,1471,1471.TW,上市,8.65,9.02,8.07,8.13,4032238
2018-03-01,1471,1471.TW,上市,7.82,7.97,7.47,7.66,3013329
2018-03-02,1471,1471.TW,上市,7.49,7.58,7.3,7.58,1357546
2018-03-05,1471,1471.TW,上市,7.5,7.77,7.5,7.59,775457
2018-03-06,1471,1471.TW,上市,7.67,7.8,7.55,7.62,695257
2018-03-07,1471,1471.TW,上市,7.65,7.68,7.48,7.48,564517
2018-03-08,1471,1471.TW,上市,7.48,7.75,7.45,7.7,838678
2018-03-09,1471,1471.TW,上市,7.83,7.83,7.55,7.59,518937
2018-03-12,1471,1471.TW,上市,7.44,7.46,7.35,7.36,856734
2018-03-13,1471,1471.TW,上市,7.43,7.72,7.36,7.7,614542
2018-03-14,1471,1471.TW,上市,7.7,7.76,7.56,7.63,524108
2018-03-15,1471,1471.TW,上市,7.56,7.69,7.56,7.6,380808
2018-03-16,1471,1471.TW,上市,7.6,7.64,7.44,7.56,471017
2018-03-19,1471,1471.TW,上市,7.56,7.56,7.4,7.41,565974
2018-03-20,1471,1471.TW,上市,7.49,7.49,7.34,7.34,703454
2018-03-21,1471,1471.TW,上市,7.38,7.48,7.32,7.38,580023
2018-03-22,1471,1471.TW,上市,7.36,7.51,7.36,7.4,563836
2018-03-23,1471,1471.TW,上市,7.28,7.36,7.15,7.15,675036
2018-03-26,1471,1471.TW,上市,7.04,7.42,7.04,7.38,267912
2018-03-27,1471,1471.TW,上市,7.38,7.44,7.23,7.25,303712
2018-03-28,1471,1471.TW,上市,7.2,7.22,7.06,7.06,427468
2018-03-29,1471,1471.TW,上市,7.06,7.33,7.03,7.33,437153
2018-03-30,1471,1471.TW,上市,7.3,7.32,7.1,7.17,451565
2018-04-02,1471,1471.TW,上市,7.26,7.26,7.1,7.14,245577
2018-04-03,1471,1471.TW,上市,7.07,7.15,7.01,7.03,330498
2018-04-09,1471,1471.TW,上市,7.01,7.1,7.01,7.08,238180
2018-04-10,1471,1471.TW,上市,7.07,7.07,6.99,7.0,231737
2018-04-11,1471,1471.TW,上市,7.16,7.5,7.09,7.15,726329
2018-04-12,1471,1471.TW,上市,7.12,7.38,7.07,7.22,275924
2018-04-13,1471,1471.TW,上市,7.22,7.4,7.16,7.39,774072
2018-04-16,1471,1471.TW,上市,7.47,7.47,7.25,7.34,577109
2018-04-17,1471,1471.TW,上市,7.34,7.34,7.07,7.15,506845
2018-04-18,1471,1471.TW,上市,7.2,7.2,7.05,7.05,290007
2018-04-19,1471,1471.TW,上市,7.05,7.2,7.03,7.09,337892
2018-04-20,1471,1471.TW,上市,7.05,7.08,6.88,7.0,594595
2018-04-23,1471,1471.TW,上市,6.81,7.02,6.76,6.82,303992
2018-04-24,1471,1471.TW,上市,6.89,6.89,6.25,6.57,384622
2018-04-25,1471,1471.TW,上市,6.45,6.63,6.34,6.5,276834
2018-04-26,1471,1471.TW,上市,6.6,6.6,6.21,6.21,690767
2018-04-27,1471,1471.TW,上市,6.22,6.33,6.0,6.05,630318
2018-04-30,1471,1471.TW,上市,6.05,6.16,6.05,6.11,227875
2018-05-02,1471,1471.TW,上市,6.11,6.35,6.11,6.27,297912
2018-05-03,1471,1471.TW,上市,6.41,6.41,6.2,6.2,315899
2018-05-04,1471,1471.TW,上市,6.21,6.34,6.12,6.15,139697
2018-05-07,1471,1471.TW,上市,6.16,6.28,6.06,6.1,94962
2018-05-08,1471,1471.TW,上市,6.19,6.21,6.08,6.12,335059
2018-05-09,1471,1471.TW,上市,6.17,6.17,6.06,6.08,255626
2018-05-10,1471,1471.TW,上市,6.25,6.25,6.09,6.16,341969
2018-05-11,1471,1471.TW,上市,6.12,6.12,6.0,6.05,532938
2018-05-14,1471,1471.TW,上市,6.05,6.11,5.9,5.93,389874
2018-05-15,1471,1471.TW,上市,5.98,6.02,5.92,5.94,286626
2018-05-16,1471,1471.TW,上市,5.88,5.93,5.73,5.77,389464
2018-05-17,1471,1471.TW,上市,5.76,6.18,5.67,6.14,388634
2018-05-18,1471,1471.TW,上市,6.14,6.14,5.97,5.97,278713
2018-05-21,1471,1471.TW,上市,5.99,6.02,5.82,5.95,189143
2018-05-22,1471,1471.TW,上市,5.94,5.94,5.81,5.89,198407
2018-05-23,1471,1471.TW,上市,5.82,5.87,5.75,5.87,168442
2018-05-24,1471,1471.TW,上市,5.86,5.86,5.69,5.74,539463
2018-05-25,1471,1471.TW,上市,5.66,5.79,5.66,5.71,253923
2018-05-28,1471,1471.TW,上市,5.72,5.73,5.62,5.65,322543
2018-05-29,1471,1471.TW,上市,5.68,5.79,5.63,5.73,302814
2018-05-30,1471,1471.TW,上市,5.74,6.3,5.7,6.3,1204589
2018-05-31,1471,1471.TW,上市,6.93,6.93,6.67,6.93,3192150
2018-06-01,1471,1471.TW,上市,6.95,6.95,6.63,6.8,1861750
2018-06-04,1471,1471.TW,上市,6.8,7.37,6.62,7.24,1502546
2018-06-05,1471,1471.TW,上市,7.3,7.39,7.02,7.25,1395103
2018-06-06,1471,1471.TW,上市,7.26,7.35,7.09,7.23,771186
2018-06-07,1471,1471.TW,上市,7.15,7.2,6.75,7.2,2322079
2018-06-08,1471,1471.TW,上市,7.0,7.18,6.84,6.92,1286843
2018-06-11,1471,1471.TW,上市,6.97,7.0,6.8,6.82,769597
2018-06-12,1471,1471.TW,上市,6.82,6.9,6.78,6.82,302888
2018-06-13,1471,1471.TW,上市,6.81,6.87,6.64,6.66,836497
2018-06-14,1471,1471.TW,上市,6.7,6.95,6.66,6.9,963708
2018-06-15,1471,1471.TW,上市,6.86,6.95,6.73,6.95,622877
2018-06-19,1471,1471.TW,上市,6.99,7.64,6.87,7.64,3295901
2018-06-20,1471,1471.TW,上市,7.64,7.64,6.88,7.3,2813950
2018-06-21,1471,1471.TW,上市,7.15,7.36,7.1,7.15,1028046
2018-06-22,1471,1471.TW,上市,7.03,7.28,7.02,7.16,469034
2018-06-25,1471,1471.TW,上市,7.12,7.28,7.01,7.05,515972
2018-06-26,1471,1471.TW,上市,7.05,7.05,6.82,6.98,429052
2018-06-27,1471,1471.TW,上市,6.98,7.06,6.91,6.91,344748
2018-06-28,1471,1471.TW,上市,6.88,6.95,6.75,6.9,194497
2018-06-29,1471,1471.TW,上市,6.9,6.99,6.86,6.96,222717
2018-07-02,1471,1471.TW,上市,6.99,7.46,6.99,7.25,1858635
2018-07-03,1471,1471.TW,上市,7.21,7.38,7.0,7.27,814383
2018-07-04,1471,1471.TW,上市,7.22,7.45,7.12,7.39,2358854
2018-07-05,1471,1471.TW,上市,7.35,7.42,7.14,7.22,957709
2018-07-06,1471,1471.TW,上市,7.22,7.23,7.0,7.19,561203
2018-07-09,1471,1471.TW,上市,7.19,7.24,7.01,7.07,366836
2018-07-10,1471,1471.TW,上市,7.14,7.14,6.9,6.95,905898
2018-07-11,1471,1471.TW,上市,6.9,7.0,6.9,6.92,272646
2018-07-12,1471,1471.TW,上市,6.89,6.96,6.8,6.8,506703
2018-07-13,1471,1471.TW,上市,6.82,6.84,6.71,6.84,379308
2018-07-16,1471,1471.TW,上市,6.85,6.85,6.7,6.7,327880
2018-07-17,1471,1471.TW,上市,6.69,6.85,6.65,6.82,354432
2018-07-18,1471,1471.TW,上市,6.8,6.88,6.67,6.72,199565
2018-07-19,1471,1471.TW,上市,6.72,6.76,6.62,6.65,309560
2018-07-20,1471,1471.TW,上市,6.68,6.72,6.53,6.57,178027
2018-07-23,1471,1471.TW,上市,6.57,6.57,6.36,6.44,363044
2018-07-24,1471,1471.TW,上市,6.44,6.7,6.37,6.59,236869
2018-07-25,1471,1471.TW,上市,6.59,6.64,6.5,6.6,158452
2018-07-26,1471,1471.TW,上市,6.69,6.74,6.55,6.65,170779
2018-07-27,1471,1471.TW,上市,6.65,6.69,6.56,6.63,152682
2018-07-30,1471,1471.TW,上市,6.63,6.63,6.52,6.55,96165
2018-07-31,1471,1471.TW,上市,6.46,6.66,6.46,6.6,221995
2018-08-01,1471,1471.TW,上市,6.6,6.66,6.5,6.6,320628
2018-08-02,1471,1471.TW,上市,6.58,6.65,6.48,6.48,201392
2018-08-03,1471,1471.TW,上市,6.5,6.57,6.3,6.45,349123
2018-08-06,1471,1471.TW,上市,6.38,6.49,6.38,6.48,120140
2018-08-07,1471,1471.TW,上市,6.45,6.6,6.45,6.53,250079
2018-08-08,1471,1471.TW,上市,6.59,6.65,6.22,6.28,656217
2018-08-09,1471,1471.TW,上市,6.26,6.35,6.25,6.25,251972
2018-08-10,1471,1471.TW,上市,6.25,6.32,6.16,6.18,194533
2018-08-13,1471,1471.TW,上市,6.0,6.0,5.63,5.71,771729
2018-08-14,1471,1471.TW,上市,5.74,6.0,5.73,5.92,309410
2018-08-15,1471,1471.TW,上市,5.98,6.01,5.81,5.9,206075
2018-08-16,1471,1471.TW,上市,5.88,5.9,5.69,5.78,258832
2018-08-17,1471,1471.TW,上市,5.78,5.84,5.7,5.7,191048
2018-08-20,1471,1471.TW,上市,5.74,5.88,5.69,5.74,152166
2018-08-21,1471,1471.TW,上市,5.71,5.8,5.7,5.75,230036
2018-08-22,1471,1471.TW,上市,5.77,5.97,5.77,5.9,316158
2018-08-23,1471,1471.TW,上市,5.99,5.99,5.87,5.95,159725
2018-08-24,1471,1471.TW,上市,5.88,6.08,5.7,5.83,330887
2018-08-27,1471,1471.TW,上市,5.81,5.94,5.78,5.85,112140
2018-08-28,1471,1471.TW,上市,5.91,6.04,5.89,5.92,200849
2018-08-29,1471,1471.TW,上市,5.93,5.93,5.86,5.92,219851
2018-08-30,1471,1471.TW,上市,5.97,6.04,5.85,5.86,210850
2018-08-31,1471,1471.TW,上市,5.85,5.96,5.78,5.92,154380
2018-09-03,1471,1471.TW,上市,5.99,5.99,5.88,5.88,64984
2018-09-04,1471,1471.TW,上市,5.88,6.09,5.88,6.0,283895
2018-09-05,1471,1471.TW,上市,6.1,6.19,6.01,6.12,634538
2018-09-06,1471,1471.TW,上市,6.14,6.21,6.06,6.2,452527
2018-09-07,1471,1471.TW,上市,6.16,6.24,5.78,6.02,353566
2018-09-10,1471,1471.TW,上市,6.0,6.1,5.82,5.88,149984
2018-09-11,1471,1471.TW,上市,6.17,6.17,5.97,6.0,339775
2018-09-12,1471,1471.TW,上市,6.03,6.1,5.97,6.0,216740
2018-09-13,1471,1471.TW,上市,6.05,6.19,6.02,6.16,274168
2018-09-14,1471,1471.TW,上市,6.16,6.29,6.16,6.2,278802
2018-09-17,1471,1471.TW,上市,6.2,6.31,6.2,6.2,263627
2018-09-18,1471,1471.TW,上市,6.16,6.19,6.02,6.13,175504
2018-09-19,1471,1471.TW,上市,6.12,6.24,6.07,6.2,220369
2018-09-20,1471,1471.TW,上市,6.25,6.25,6.09,6.16,172608
2018-09-21,1471,1471.TW,上市,6.2,6.2,6.08,6.1,133207
2018-09-25,1471,1471.TW,上市,6.12,6.2,6.07,6.08,86014
2018-09-26,1471,1471.TW,上市,6.11,6.14,6.07,6.11,55527
2018-09-27,1471,1471.TW,上市,6.1,6.22,6.1,6.12,87227
2018-09-28,1471,1471.TW,上市,6.17,6.17,6.09,6.13,76018
2018-10-01,1471,1471.TW,上市,6.13,6.13,6.04,6.09,134765
2018-10-02,1471,1471.TW,上市,6.01,6.01,5.81,5.83,441783
2018-10-03,1471,1471.TW,上市,5.82,5.88,5.66,5.74,337424
2018-10-04,1471,1471.TW,上市,5.75,5.8,5.74,5.76,109744
2018-10-05,1471,1471.TW,上市,5.74,5.83,5.19,5.31,687521
2018-10-08,1471,1471.TW,上市,5.34,5.4,5.28,5.29,166589
2018-10-09,1471,1471.TW,上市,5.36,5.36,5.2,5.22,179367
2018-10-11,1471,1471.TW,上市,4.77,4.94,4.7,4.7,732443
2018-10-12,1471,1471.TW,上市,4.69,4.69,4.39,4.64,271011
2018-10-15,1471,1471.TW,上市,4.64,4.77,4.58,4.7,170008
2018-10-16,1471,1471.TW,上市,4.69,4.77,4.65,4.75,164764
2018-10-17,1471,1471.TW,上市,4.75,4.84,4.75,4.75,148425
2018-10-18,1471,1471.TW,上市,4.8,4.84,4.75,4.76,139345
2018-10-19,1471,1471.TW,上市,4.75,4.76,4.62,4.76,140185
2018-10-22,1471,1471.TW,上市,4.68,4.8,4.68,4.78,54018
2018-10-23,1471,1471.TW,上市,4.76,4.8,4.71,4.74,59608
2018-10-24,1471,1471.TW,上市,4.7,4.76,4.67,4.74,124096
2018-10-25,1471,1471.TW,上市,4.5,4.67,4.45,4.47,213257
2018-10-26,1471,1471.TW,上市,4.51,4.58,4.42,4.42,162806
2018-10-29,1471,1471.TW,上市,4.42,4.42,4.22,4.25,171725
2018-10-30,1471,1471.TW,上市,4.3,4.3,4.11,4.12,236217
2018-10-31,1471,1471.TW,上市,4.19,4.26,4.19,4.21,94269
2018-11-01,1471,1471.TW,上市,4.21,4.29,4.17,4.19,179506
2018-11-02,1471,1471.TW,上市,4.2,4.29,4.18,4.22,121282
2018-11-05,1471,1471.TW,上市,4.22,4.25,4.18,4.21,79041
2018-11-06,1471,1471.TW,上市,4.25,4.3,4.22,4.28,196496
2018-11-07,1471,1471.TW,上市,4.5,4.5,4.32,4.38,101748
2018-11-08,1471,1471.TW,上市,4.42,4.43,4.33,4.34,229825
2018-11-09,1471,1471.TW,上市,4.36,4.36,4.24,4.25,107580
2018-11-12,1471,1471.TW,上市,4.34,4.4,4.3,4.35,115002
2018-11-13,1471,1471.TW,上市,4.31,4.31,4.19,4.23,211631
2018-11-14,1471,1471.TW,上市,4.41,4.41,4.31,4.32,127292
2018-11-15,1471,1471.TW,上市,4.31,4.37,4.28,4.36,85189
2018-11-16,1471,1471.TW,上市,4.35,4.4,4.32,4.35,97691
2018-11-19,1471,1471.TW,上市,4.39,4.41,4.35,4.39,96091
2018-11-20,1471,1471.TW,上市,4.39,4.41,4.35,4.39,60461
2018-11-21,1471,1471.TW,上市,4.39,4.47,4.37,4.42,182529
2018-11-22,1471,1471.TW,上市,4.49,4.53,4.37,4.37,139071
2018-11-23,1471,1471.TW,上市,4.38,4.49,4.38,4.45,230285
2018-11-26,1471,1471.TW,上市,4.46,4.55,4.45,4.52,257482
2018-11-27,1471,1471.TW,上市,4.55,4.65,4.47,4.58,244747
2018-11-28,1471,1471.TW,上市,4.68,5.03,4.61,5.03,852557
2018-11-29,1471,1471.TW,上市,5.07,5.07,4.84,4.94,668515
2018-11-30,1471,1471.TW,上市,4.94,4.95,4.85,4.88,332557
2018-12-03,1471,1471.TW,上市,5.07,5.17,4.95,5.17,309063
2018-12-04,1471,1471.TW,上市,5.19,5.65,5.17,5.54,736278
2018-12-05,1471,1471.TW,上市,5.4,5.43,5.33,5.4,333667
2018-12-06,1471,1471.TW,上市,5.4,5.43,5.03,5.1,334346
2018-12-07,1471,1471.TW,上市,5.11,5.25,5.1,5.2,174383
2018-12-10,1471,1471.TW,上市,5.2,5.2,5.1,5.11,94743
2018-12-11,1471,1471.TW,上市,5.22,5.35,5.19,5.32,130994
2018-12-12,1471,1471.TW,上市,5.4,5.46,5.38,5.45,336160
2018-12-13,1471,1471.TW,上市,5.5,5.64,5.46,5.51,345634
2018-12-14,1471,1471.TW,上市,5.52,5.52,5.34,5.47,123004
2018-12-17,1471,1471.TW,上市,5.43,5.62,5.43,5.62,255501
2018-12-18,1471,1471.TW,上市,5.6,5.65,5.46,5.52,331165
2018-12-19,1471,1471.TW,上市,5.53,5.57,5.4,5.41,133367
2018-12-20,1471,1471.TW,上市,5.4,5.4,5.24,5.24,198468
2018-12-21,1471,1471.TW,上市,5.28,5.28,5.1,5.18,139705
2018-12-24,1471,1471.TW,上市,5.22,5.41,5.22,5.4,94509
2018-12-25,1471,1471.TW,上市,5.38,5.38,5.24,5.26,76324
2018-12-26,1471,1471.TW,上市,5.31,5.32,5.26,5.3,138791
2018-12-27,1471,1471.TW,上市,5.28,5.35,5.23,5.27,206700
2018-12-28,1471,1471.TW,上市,5.27,5.27,5.1,5.14,111153
2019-01-02,1471,1471.TW,上市,5.1,5.1,4.99,4.99,164424
2019-01-03,1471,1471.TW,上市,4.99,5.07,4.99,5.01,85503
2019-01-04,1471,1471.TW,上市,4.98,4.98,4.85,4.93,165670
2019-01-07,1471,1471.TW,上市,4.99,5.06,4.96,5.04,100557
2019-01-08,1471,1471.TW,上市,5.01,5.01,4.93,4.93,47268
2019-01-09,1471,1471.TW,上市,4.91,5.04,4.91,5.01,54182
2019-01-10,1471,1471.TW,上市,5.0,5.03,4.98,5.0,84158
2019-01-11,1471,1471.TW,上市,4.98,4.98,4.68,4.86,282692
2019-01-14,1471,1471.TW,上市,4.83,4.88,4.82,4.83,79721
2019-01-15,1471,1471.TW,上市,4.87,5.02,4.85,4.95,112070
2019-01-16,1471,1471.TW,上市,4.95,5.0,4.88,4.96,96018
2019-01-17,1471,1471.TW,上市,4.95,4.96,4.9,4.9,74116
2019-01-18,1471,1471.TW,上市,4.9,4.95,4.85,4.93,178956
2019-01-21,1471,1471.TW,上市,4.93,4.94,4.86,4.88,62601
2019-01-22,1471,1471.TW,上市,4.85,4.89,4.85,4.86,58458
2019-01-23,1471,1471.TW,上市,4.84,4.84,4.8,4.83,42111
2019-01-24,1471,1471.TW,上市,4.85,4.91,4.83,4.88,48784
2019-01-25,1471,1471.TW,上市,5.3,5.36,5.28,5.36,1238768
2019-01-28,1471,1471.TW,上市,5.89,5.89,5.89,5.89,1405094
2019-01-29,1471,1471.TW,上市,5.92,5.98,5.72,5.85,1551783
2019-01-30,1471,1471.TW,上市,5.74,6.2,5.66,6.08,937961
2019-02-11,1471,1471.TW,上市,6.2,6.21,6.0,6.01,410450
2019-02-12,1471,1471.TW,上市,6.03,6.04,5.96,5.97,307721
2019-02-13,1471,1471.TW,上市,5.95,5.99,5.85,5.9,197407
2019-02-14,1471,1471.TW,上市,5.99,6.11,5.95,6.02,308946
2019-02-15,1471,1471.TW,上市,5.98,6.02,5.87,5.88,193815
2019-02-18,1471,1471.TW,上市,5.85,6.01,5.85,5.9,222414
2019-02-19,1471,1471.TW,上市,5.92,5.97,5.8,5.91,290968
2019-02-20,1471,1471.TW,上市,5.91,5.94,5.85,5.92,175101
2019-02-21,1471,1471.TW,上市,5.87,5.93,5.87,5.93,101268
2019-02-22,1471,1471.TW,上市,5.93,5.95,5.84,5.85,181968
2019-02-25,1471,1471.TW,上市,5.85,5.94,5.85,5.9,154344
2019-02-26,1471,1471.TW,上市,5.91,5.94,5.82,5.9,112959
2019-02-27,1471,1471.TW,上市,5.83,5.88,5.81,5.83,89911
2019-03-04,1471,1471.TW,上市,5.83,5.88,5.77,5.81,93074
2019-03-05,1471,1471.TW,上市,5.81,5.85,5.78,5.84,79872
2019-03-06,1471,1471.TW,上市,5.82,6.39,5.81,6.26,617784
2019-03-07,1471,1471.TW,上市,6.18,6.18,5.96,5.96,363700
2019-03-08,1471,1471.TW,上市,5.93,6.03,5.87,6.03,127543
2019-03-11,1471,1471.TW,上市,6.02,6.02,5.88,5.91,181454
2019-03-12,1471,1471.TW,上市,5.91,5.98,5.89,5.91,134726
2019-03-13,1471,1471.TW,上市,5.92,5.98,5.86,5.87,167277
2019-03-14,1471,1471.TW,上市,5.89,5.9,5.75,5.82,225528
2019-03-15,1471,1471.TW,上市,5.76,5.83,5.74,5.76,202090
2019-03-18,1471,1471.TW,上市,5.77,5.81,5.75,5.75,56877
2019-03-19,1471,1471.TW,上市,5.75,5.75,5.68,5.74,126192
2019-03-20,1471,1471.TW,上市,5.69,5.75,5.64,5.69,209532
2019-03-21,1471,1471.TW,上市,5.78,5.78,5.65,5.69,101957
2019-03-22,1471,1471.TW,上市,5.69,5.7,5.65,5.65,98481
2019-03-25,1471,1471.TW,上市,5.53,5.59,5.42,5.54,212255
2019-03-26,1471,1471.TW,上市,5.52,5.52,5.45,5.49,98772
2019-03-27,1471,1471.TW,上市,5.49,5.63,5.43,5.53,302918
2019-03-28,1471,1471.TW,上市,5.54,5.66,5.54,5.6,199377
2019-03-29,1471,1471.TW,上市,5.58,5.58,5.41,5.46,192751
2019-04-01,1471,1471.TW,上市,5.38,5.38,5.29,5.29,195152
2019-04-02,1471,1471.TW,上市,5.24,5.35,5.19,5.22,215184
2019-04-03,1471,1471.TW,上市,5.15,5.22,5.11,5.13,214423
2019-04-08,1471,1471.TW,上市,5.14,5.22,4.95,5.03,517767
2019-04-09,1471,1471.TW,上市,5.12,5.15,5.03,5.11,397343
2019-04-10,1471,1471.TW,上市,5.13,5.23,5.1,5.19,211442
2019-04-11,1471,1471.TW,上市,5.18,5.27,5.14,5.27,263903
2019-04-12,1471,1471.TW,上市,5.26,5.27,5.1,5.15,311509
2019-04-15,1471,1471.TW,上市,5.13,5.25,5.13,5.2,157987
2019-04-16,1471,1471.TW,上市,5.21,5.29,5.18,5.29,344766
2019-04-17,1471,1471.TW,上市,5.25,5.38,5.24,5.38,233768
2019-04-18,1471,1471.TW,上市,5.43,5.45,5.25,5.25,281844
2019-04-19,1471,1471.TW,上市,5.25,5.3,5.2,5.2,182658
2019-04-22,1471,1471.TW,上市,5.2,5.23,5.12,5.13,119938
2019-04-23,1471,1471.TW,上市,5.12,5.18,5.08,5.14,215738
2019-04-24,1471,1471.TW,上市,5.14,5.2,5.09,5.15,164269
2019-04-25,1471,1471.TW,上市,5.15,5.23,5.15,5.23,172028
2019-04-26,1471,1471.TW,上市,5.13,5.21,5.12,5.21,193499
2019-04-29,1471,1471.TW,上市,5.2,5.2,5.02,5.13,254751
2019-04-30,1471,1471.TW,上市,5.02,5.15,5.02,5.08,174545
2019-05-02,1471,1471.TW,上市,5.08,5.19,5.08,5.17,294602
2019-05-03,1471,1471.TW,上市,5.2,5.25,5.17,5.18,210831
2019-05-06,1471,1471.TW,上市,5.15,5.18,5.07,5.12,166262
2019-05-07,1471,1471.TW,上市,5.17,5.2,5.12,5.16,171449
2019-05-08,1471,1471.TW,上市,5.07,5.13,5.03,5.03,131182
2019-05-09,1471,1471.TW,上市,5.07,5.08,4.99,5.01,160817
2019-05-10,1471,1471.TW,上市,4.99,5.06,4.96,5.0,217271
2019-05-13,1471,1471.TW,上市,5.0,5.0,4.7,4.75,266943
2019-05-14,1471,1471.TW,上市,4.75,5.13,4.6,4.86,302103
2019-05-15,1471,1471.TW,上市,5.05,5.05,4.7,4.77,304299
2019-05-16,1471,1471.TW,上市,4.77,4.78,4.67,4.77,94521
2019-05-17,1471,1471.TW,上市,4.78,4.78,4.65,4.66,72351
2019-05-20,1471,1471.TW,上市,4.64,4.65,4.61,4.64,57608
2019-05-21,1471,1471.TW,上市,4.68,4.72,4.53,4.56,226780
2019-05-22,1471,1471.TW,上市,4.55,4.66,4.53,4.6,213256
2019-05-23,1471,1471.TW,上市,4.6,4.61,4.56,4.58,76381
2019-05-24,1471,1471.TW,上市,4.54,4.6,4.45,4.46,352525
2019-05-27,1471,1471.TW,上市,4.47,4.47,4.31,4.38,161208
2019-05-28,1471,1471.TW,上市,4.37,4.69,4.35,4.57,327819
2019-05-29,1471,1471.TW,上市,4.48,4.6,4.47,4.57,92815
2019-05-30,1471,1471.TW,上市,4.54,4.54,4.46,4.5,157504
2019-05-31,1471,1471.TW,上市,4.49,4.56,4.47,4.54,147696
2019-06-03,1471,1471.TW,上市,4.52,4.58,4.5,4.58,97818
2019-06-04,1471,1471.TW,上市,4.58,4.63,4.54,4.54,124339
2019-06-05,1471,1471.TW,上市,4.53,4.57,4.51,4.52,94405
2019-06-06,1471,1471.TW,上市,4.47,4.57,4.47,4.51,92537
2019-06-10,1471,1471.TW,上市,4.68,4.68,4.48,4.5,118184
2019-06-11,1471,1471.TW,上市,4.58,4.58,4.51,4.52,105226
2019-06-12,1471,1471.TW,上市,4.52,4.58,4.49,4.52,118945
2019-06-13,1471,1471.TW,上市,4.4,4.48,4.4,4.43,81913
2019-06-14,1471,1471.TW,上市,4.49,4.49,4.36,4.38,185547
2019-06-17,1471,1471.TW,上市,4.37,4.42,4.27,4.41,170805
2019-06-18,1471,1471.TW,上市,4.49,4.49,4.36,4.36,98647
2019-06-19,1471,1471.TW,上市,4.36,4.4,4.32,4.33,204151
2019-06-20,1471,1471.TW,上市,4.32,4.39,4.32,4.37,119478
2019-06-21,1471,1471.TW,上市,4.39,4.41,4.35,4.39,107529
2019-06-24,1471,1471.TW,上市,4.38,4.45,4.38,4.41,127645
2019-06-25,1471,1471.TW,上市,4.37,4.46,4.37,4.41,101195
2019-06-26,1471,1471.TW,上市,4.41,4.41,4.32,4.37,111004
2019-06-27,1471,1471.TW,上市,4.37,4.4,4.36,4.36,172233
2019-06-28,1471,1471.TW,上市,4.36,4.37,4.34,4.34,42218
2019-07-01,1471,1471.TW,上市,4.39,4.4,4.36,4.38,168003
2019-07-02,1471,1471.TW,上市,4.38,4.46,4.37,4.37,68036
2019-07-03,1471,1471.TW,上市,4.41,4.41,4.33,4.33,115870
2019-07-04,1471,1471.TW,上市,4.38,4.38,4.33,4.35,153389
2019-07-05,1471,1471.TW,上市,4.35,4.37,4.33,4.35,145467
2019-07-08,1471,1471.TW,上市,4.35,4.38,4.34,4.35,103669
2019-07-09,1471,1471.TW,上市,4.33,4.35,4.31,4.34,118333
2019-07-10,1471,1471.TW,上市,4.32,4.36,4.31,4.33,115911
2019-07-11,1471,1471.TW,上市,4.29,4.29,4.24,4.24,278887
2019-07-12,1471,1471.TW,上市,4.23,4.43,4.23,4.34,222882
2019-07-15,1471,1471.TW,上市,4.33,4.34,4.25,4.3,215736
2019-07-16,1471,1471.TW,上市,4.25,4.35,4.24,4.31,204662
2019-07-17,1471,1471.TW,上市,4.29,4.34,4.27,4.31,105968
2019-07-18,1471,1471.TW,上市,4.38,4.38,4.29,4.3,89305
2019-07-19,1471,1471.TW,上市,4.31,4.35,4.28,4.29,143441
2019-07-22,1471,1471.TW,上市,4.26,4.33,4.26,4.31,235849
2019-07-23,1471,1471.TW,上市,4.35,4.35,4.27,4.28,73025
2019-07-24,1471,1471.TW,上市,4.29,4.3,4.26,4.3,77650
2019-07-25,1471,1471.TW,上市,4.29,4.29,4.24,4.25,85307
2019-07-26,1471,1471.TW,上市,4.22,4.26,4.22,4.22,151512
2019-07-29,1471,1471.TW,上市,4.22,4.26,4.2,4.25,144584
2019-07-30,1471,1471.TW,上市,4.25,4.25,4.2,4.21,48128
2019-07-31,1471,1471.TW,上市,4.21,4.23,4.12,4.18,259413
2019-08-01,1471,1471.TW,上市,4.17,4.24,4.17,4.19,213317
2019-08-02,1471,1471.TW,上市,4.14,4.19,4.1,4.11,172101
2019-08-05,1471,1471.TW,上市,4.11,4.12,4.04,4.06,162712
2019-08-06,1471,1471.TW,上市,3.96,4.07,3.93,4.02,199721
2019-08-07,1471,1471.TW,上市,4.07,4.07,3.99,4.01,169621
2019-08-08,1471,1471.TW,上市,4.06,4.12,4.04,4.09,114284
2019-08-12,1471,1471.TW,上市,4.14,4.14,4.04,4.04,92053
2019-08-13,1471,1471.TW,上市,4.06,4.09,4.01,4.01,291962
2019-08-14,1471,1471.TW,上市,3.61,3.85,3.61,3.67,1084323
2019-08-15,1471,1471.TW,上市,3.65,3.66,3.62,3.64,195452
2019-08-16,1471,1471.TW,上市,3.65,4.0,3.64,3.93,575421
2019-08-19,1471,1471.TW,上市,3.89,3.97,3.8,3.91,440983
2019-08-20,1471,1471.TW,上市,3.97,3.97,3.88,3.94,121699
2019-08-21,1471,1471.TW,上市,3.93,3.97,3.92,3.96,80510
2019-08-22,1471,1471.TW,上市,3.99,4.04,3.91,3.91,305126
2019-08-23,1471,1471.TW,上市,3.93,3.98,3.92,3.96,135028
2019-08-26,1471,1471.TW,上市,3.81,3.95,3.81,3.87,127599
2019-08-27,1471,1471.TW,上市,3.9,3.92,3.83,3.91,80246
2019-08-28,1471,1471.TW,上市,3.86,3.92,3.86,3.91,46437
2019-08-29,1471,1471.TW,上市,3.82,3.9,3.82,3.87,86696
2019-08-30,1471,1471.TW,上市,3.97,3.97,3.82,3.89,146374
2019-09-02,1471,1471.TW,上市,3.89,3.89,3.83,3.89,129461
2019-09-03,1471,1471.TW,上市,3.88,3.92,3.86,3.92,371799
2019-09-04,1471,1471.TW,上市,3.89,4.09,3.89,4.01,513960
2019-09-05,1471,1471.TW,上市,4.06,4.06,3.91,3.96,224636
2019-09-06,1471,1471.TW,上市,3.99,4.02,3.96,4.02,197966
2019-09-10,1471,1471.TW,上市,3.92,3.95,3.88,3.89,91195
2019-09-11,1471,1471.TW,上市,3.86,3.91,3.75,3.76,401266
2019-09-12,1471,1471.TW,上市,3.75,3.85,3.75,3.77,292792
2019-09-16,1471,1471.TW,上市,3.84,3.86,3.8,3.83,130467
2019-09-17,1471,1471.TW,上市,3.81,3.85,3.79,3.84,50686
2019-09-18,1471,1471.TW,上市,3.84,3.86,3.81,3.86,124029
2019-09-19,1471,1471.TW,上市,3.86,3.9,3.79,3.84,121868
2019-09-20,1471,1471.TW,上市,3.8,3.85,3.8,3.8,121193
2019-09-23,1471,1471.TW,上市,3.8,3.81,3.78,3.78,60981
2019-09-24,1471,1471.TW,上市,3.66,3.78,3.66,3.72,200500
2019-09-25,1471,1471.TW,上市,3.74,3.74,3.63,3.64,451232
2019-09-26,1471,1471.TW,上市,3.63,3.69,3.6,3.63,278590
2019-09-27,1471,1471.TW,上市,3.62,3.62,3.5,3.5,342717
2019-10-01,1471,1471.TW,上市,3.5,3.57,3.29,3.29,444656
2019-10-02,1471,1471.TW,上市,3.29,3.29,3.15,3.2,533342
2019-10-03,1471,1471.TW,上市,3.2,3.23,3.15,3.2,317458
2019-10-04,1471,1471.TW,上市,3.2,3.21,3.15,3.18,239440
2019-10-07,1471,1471.TW,上市,3.19,3.21,3.17,3.18,249226
2019-10-08,1471,1471.TW,上市,3.18,3.19,3.17,3.19,138902
2019-10-09,1471,1471.TW,上市,3.25,3.25,3.17,3.18,144514
2019-10-14,1471,1471.TW,上市,3.21,3.43,3.18,3.3,441084
2019-10-15,1471,1471.TW,上市,3.31,3.38,3.3,3.31,242500
2019-10-16,1471,1471.TW,上市,3.29,3.38,3.29,3.35,173138
2019-10-17,1471,1471.TW,上市,3.32,3.68,3.32,3.68,643341
2019-10-18,1471,1471.TW,上市,3.67,3.7,3.62,3.67,458355
2019-10-21,1471,1471.TW,上市,3.67,3.86,3.62,3.81,277092
2019-10-22,1471,1471.TW,上市,3.86,4.11,3.86,3.96,789622
2019-10-23,1471,1471.TW,上市,3.97,4.04,3.93,3.94,478663
2019-10-24,1471,1471.TW,上市,3.94,3.94,3.75,3.78,395470
2019-10-25,1471,1471.TW,上市,3.79,3.85,3.76,3.79,233103
2019-10-28,1471,1471.TW,上市,3.9,3.97,3.82,3.85,358017
2019-10-29,1471,1471.TW,上市,3.86,3.96,3.82,3.82,256583
2019-10-30,1471,1471.TW,上市,3.8,4.02,3.8,4.02,1557778
2019-10-31,1471,1471.TW,上市,3.99,4.2,3.95,4.18,2001129
2019-11-01,1471,1471.TW,上市,4.25,4.52,4.2,4.35,1481540
2019-11-04,1471,1471.TW,上市,4.31,4.37,4.1,4.14,835827
2019-11-05,1471,1471.TW,上市,4.2,4.2,4.05,4.05,431899
2019-11-06,1471,1471.TW,上市,4.03,4.14,4.01,4.01,268250
2019-11-07,1471,1471.TW,上市,4.09,4.09,3.9,3.93,251741
2019-11-08,1471,1471.TW,上市,3.91,3.96,3.85,3.85,394152
2019-11-11,1471,1471.TW,上市,3.85,3.85,3.73,3.74,248999
2019-11-12,1471,1471.TW,上市,3.67,3.87,3.67,3.68,417737
2019-11-13,1471,1471.TW,上市,3.73,3.77,3.61,3.61,219182
2019-11-14,1471,1471.TW,上市,3.58,3.66,3.55,3.6,447632
2019-11-15,1471,1471.TW,上市,3.61,3.67,3.55,3.63,363141
2019-11-18,1471,1471.TW,上市,3.27,3.27,3.27,3.27,393342
2019-11-19,1471,1471.TW,上市,2.95,2.95,2.95,2.95,420652
2019-11-20,1471,1471.TW,上市,2.66,2.8,2.66,2.79,1731353
2019-11-21,1471,1471.TW,上市,2.63,2.77,2.63,2.75,496813
2019-11-22,1471,1471.TW,上市,2.66,2.85,2.66,2.82,221294
2019-11-25,1471,1471.TW,上市,2.7,2.87,2.7,2.82,114106
2019-11-26,1471,1471.TW,上市,2.8,2.8,2.76,2.79,255611
2019-11-27,1471,1471.TW,上市,2.8,2.8,2.52,2.52,904370
2019-11-28,1471,1471.TW,上市,2.33,2.35,2.27,2.27,1142427
2019-11-29,1471,1471.TW,上市,2.14,2.2,2.09,2.11,410375
2019-12-02,1471,1471.TW,上市,2.11,2.31,2.09,2.25,587972
2019-12-03,1471,1471.TW,上市,2.23,2.23,2.08,2.12,236882
2019-12-04,1471,1471.TW,上市,2.11,2.16,2.11,2.13,130346
2019-12-05,1471,1471.TW,上市,2.12,2.18,2.11,2.15,158061
2019-12-06,1471,1471.TW,上市,2.14,2.18,2.12,2.13,171478
2019-12-09,1471,1471.TW,上市,2.2,2.2,2.08,2.08,160459
2019-12-10,1471,1471.TW,上市,2.06,2.06,1.92,1.96,429408
2019-12-11,1471,1471.TW,上市,1.95,1.99,1.82,1.9,387008
2019-12-12,1471,1471.TW,上市,1.9,1.9,1.82,1.88,354920
2019-12-13,1471,1471.TW,上市,1.84,2.06,1.84,2.06,433599
2019-12-16,1471,1471.TW,上市,2.26,2.26,2.26,2.26,4670
2019-12-17,1471,1471.TW,上市,2.34,2.34,2.12,2.19,546713
2019-12-18,1471,1471.TW,上市,2.11,2.19,2.11,2.15,86027
2019-12-19,1471,1471.TW,上市,2.15,2.16,2.1,2.11,78745
2019-12-20,1471,1471.TW,上市,2.13,2.16,2.06,2.16,142184
2019-12-23,1471,1471.TW,上市,2.16,2.32,2.15,2.26,152597
2019-12-24,1471,1471.TW,上市,2.22,2.29,2.22,2.25,107592
2019-12-25,1471,1471.TW,上市,2.19,2.28,2.19,2.25,93488
2019-12-26,1471,1471.TW,上市,2.22,2.47,2.22,2.39,429915
2019-12-27,1471,1471.TW,上市,2.31,2.45,2.31,2.43,453588
2019-12-30,1471,1471.TW,上市,2.35,2.55,2.35,2.51,361373
2019-12-31,1471,1471.TW,上市,2.58,2.67,2.51,2.64,473402
2020-01-02,1471,1471.TW,上市,2.75,2.84,2.66,2.8,812775
2020-01-03,1471,1471.TW,上市,2.82,2.82,2.65,2.69,508651
2020-01-06,1471,1471.TW,上市,2.65,2.66,2.6,2.65,286248
2020-01-07,1471,1471.TW,上市,2.56,2.74,2.56,2.66,170830
2020-01-08,1471,1471.TW,上市,2.74,2.74,2.66,2.69,247404
2020-01-09,1471,1471.TW,上市,2.73,2.74,2.68,2.69,216639
2020-01-10,1471,1471.TW,上市,2.69,2.84,2.68,2.83,291619
2020-01-13,1471,1471.TW,上市,2.84,3.03,2.84,3.03,667030
2020-01-14,1471,1471.TW,上市,3.02,3.12,2.95,3.0,509444
2020-01-15,1471,1471.TW,上市,2.99,3.05,2.96,3.05,181005
2020-01-16,1471,1471.TW,上市,3.0,3.07,2.97,3.0,272805
2020-01-17,1471,1471.TW,上市,3.0,3.04,2.89,2.94,157265
2020-01-20,1471,1471.TW,上市,2.93,2.93,2.85,2.87,136511
2020-01-30,1471,1471.TW,上市,2.83,2.83,2.59,2.59,167284
2020-01-31,1471,1471.TW,上市,2.63,2.63,2.48,2.48,113319
2020-02-03,1471,1471.TW,上市,2.41,2.41,2.24,2.3,195244
2020-02-04,1471,1471.TW,上市,2.26,2.53,2.26,2.53,227492
2020-02-05,1471,1471.TW,上市,2.49,2.49,2.4,2.46,135242
2020-02-06,1471,1471.TW,上市,2.65,2.65,2.43,2.55,38958
2020-02-07,1471,1471.TW,上市,2.43,2.48,2.43,2.48,113964
2020-02-10,1471,1471.TW,上市,2.41,2.5,2.41,2.5,16204
2020-02-11,1471,1471.TW,上市,2.54,2.62,2.54,2.62,59497
2020-02-12,1471,1471.TW,上市,2.62,2.66,2.6,2.66,45041
2020-02-13,1471,1471.TW,上市,2.61,2.7,2.55,2.7,39547
2020-02-14,1471,1471.TW,上市,2.7,2.87,2.65,2.71,66285
2020-02-17,1471,1471.TW,上市,2.54,2.67,2.54,2.64,18089
2020-02-18,1471,1471.TW,上市,2.53,2.61,2.45,2.61,74497
2020-02-19,1471,1471.TW,上市,2.52,2.61,2.52,2.59,17057
2020-02-20,1471,1471.TW,上市,2.5,2.64,2.5,2.64,23152
2020-02-21,1471,1471.TW,上市,2.65,2.71,2.5,2.61,80501
2020-02-24,1471,1471.TW,上市,2.52,2.52,2.39,2.48,131239
2020-02-25,1471,1471.TW,上市,2.47,2.47,2.37,2.45,6749
2020-02-26,1471,1471.TW,上市,2.45,2.46,2.35,2.46,18773
2020-02-27,1471,1471.TW,上市,2.39,2.41,2.31,2.38,79096
2020-03-02,1471,1471.TW,上市,2.23,2.34,2.19,2.29,49249
2020-03-03,1471,1471.TW,上市,2.18,2.29,2.16,2.2,132889
2020-03-04,1471,1471.TW,上市,2.16,2.2,2.13,2.2,151766
2020-03-05,1471,1471.TW,上市,2.12,2.2,2.12,2.15,72055
2020-03-06,1471,1471.TW,上市,2.12,2.18,2.1,2.18,67074
2020-03-09,1471,1471.TW,上市,2.18,2.18,2.03,2.04,17681
2020-03-10,1471,1471.TW,上市,2.0,2.1,2.0,2.1,53417
2020-03-11,1471,1471.TW,上市,2.04,2.06,2.01,2.05,49858
2020-03-12,1471,1471.TW,上市,1.91,1.91,1.85,1.85,74111
2020-03-13,1471,1471.TW,上市,1.7,1.79,1.67,1.75,248094
2020-03-16,1471,1471.TW,上市,1.63,1.7,1.63,1.7,36843
2020-03-17,1471,1471.TW,上市,1.56,1.56,1.55,1.56,143711
2020-03-18,1471,1471.TW,上市,1.6,1.66,1.51,1.62,158736
2020-03-19,1471,1471.TW,上市,1.47,1.47,1.46,1.46,186049
2020-03-20,1471,1471.TW,上市,1.32,1.6,1.32,1.59,160601
2020-03-23,1471,1471.TW,上市,1.46,1.64,1.46,1.6,14555
2020-03-24,1471,1471.TW,上市,1.6,1.68,1.6,1.64,37207
2020-03-25,1471,1471.TW,上市,1.67,1.67,1.57,1.63,111396
2020-03-26,1471,1471.TW,上市,1.58,1.61,1.52,1.61,54709
2020-03-27,1471,1471.TW,上市,1.54,1.55,1.47,1.55,56303
2020-03-30,1471,1471.TW,上市,1.43,1.51,1.4,1.51,138817
2020-03-31,1471,1471.TW,上市,1.4,1.49,1.4,1.48,27356
2020-04-01,1471,1471.TW,上市,1.48,1.5,1.48,1.5,3033
2020-04-06,1471,1471.TW,上市,1.38,1.6,1.38,1.58,155856
2020-04-07,1471,1471.TW,上市,1.57,1.58,1.47,1.47,167970
2020-04-08,1471,1471.TW,上市,1.41,1.51,1.41,1.5,116106
2020-04-09,1471,1471.TW,上市,1.5,1.53,1.5,1.53,21018
2020-04-10,1471,1471.TW,上市,1.65,1.68,1.61,1.68,124488
2020-04-13,1471,1471.TW,上市,1.7,1.84,1.7,1.84,135549
2020-04-14,1471,1471.TW,上市,2.02,2.02,1.84,2.01,386110
2020-04-15,1471,1471.TW,上市,2.01,2.21,2.01,2.2,308094
2020-04-16,1471,1471.TW,上市,2.01,2.16,2.01,2.14,112441
2020-04-17,1471,1471.TW,上市,2.2,2.22,2.05,2.12,143955
2020-04-20,1471,1471.TW,上市,2.12,2.24,2.12,2.24,115740
2020-04-21,1471,1471.TW,上市,2.24,2.24,2.03,2.1,148803
2020-04-22,1471,1471.TW,上市,1.93,2.1,1.93,2.1,60038
2020-04-23,1471,1471.TW,上市,2.1,2.2,2.1,2.2,92523
2020-04-24,1471,1471.TW,上市,2.19,2.21,2.14,2.14,131775
2020-04-27,1471,1471.TW,上市,1.93,2.0,1.93,2.0,159526
2020-04-28,1471,1471.TW,上市,1.92,2.05,1.92,2.05,10940
2020-04-29,1471,1471.TW,上市,2.05,2.07,1.9,2.01,109974
2020-04-30,1471,1471.TW,上市,2.0,2.07,1.96,2.07,61611
2020-05-04,1471,1471.TW,上市,1.93,2.09,1.93,2.09,43887
2020-05-05,1471,1471.TW,上市,2.03,2.08,2.01,2.08,62436
2020-05-06,1471,1471.TW,上市,2.01,2.06,2.0,2.06,36510
2020-05-07,1471,1471.TW,上市,2.06,2.08,2.02,2.08,27103
2020-05-08,1471,1471.TW,上市,2.01,2.1,2.0,2.08,95443
2020-05-11,1471,1471.TW,上市,2.1,2.19,2.03,2.19,181327
2020-05-12,1471,1471.TW,上市,2.23,2.28,2.09,2.2,122124
2020-05-13,1471,1471.TW,上市,2.11,2.17,2.09,2.17,90411
2020-05-14,1471,1471.TW,上市,2.12,2.18,2.12,2.16,19001
2020-05-15,1471,1471.TW,上市,2.23,2.27,2.11,2.27,225242
2020-05-18,1471,1471.TW,上市,2.34,2.34,2.27,2.32,123886
2020-05-19,1471,1471.TW,上市,2.31,2.55,2.31,2.55,268973
2020-05-20,1471,1471.TW,上市,2.55,2.55,2.43,2.49,83043
2020-05-21,1471,1471.TW,上市,2.45,2.5,2.25,2.25,296707
2020-05-22,1471,1471.TW,上市,2.14,2.16,2.14,2.14,50203
2020-05-25,1471,1471.TW,上市,2.04,2.09,2.04,2.09,17248
2020-05-26,1471,1471.TW,上市,2.09,2.15,2.08,2.15,20341
2020-05-27,1471,1471.TW,上市,2.15,2.15,2.0,2.13,55314
2020-05-28,1471,1471.TW,上市,2.15,2.23,2.11,2.18,88608
2020-05-29,1471,1471.TW,上市,2.15,2.21,2.15,2.21,24207
2020-06-01,1471,1471.TW,上市,2.27,2.29,2.18,2.23,96079
2020-06-02,1471,1471.TW,上市,2.2,2.23,2.16,2.23,27475
2020-06-03,1471,1471.TW,上市,2.17,2.22,2.12,2.2,84190
2020-06-04,1471,1471.TW,上市,2.2,2.2,2.04,2.1,298975
2020-06-05,1471,1471.TW,上市,2.02,2.13,2.02,2.12,20477
2020-06-08,1471,1471.TW,上市,2.03,2.18,2.03,2.16,109564
2020-06-09,1471,1471.TW,上市,2.12,2.18,2.12,2.17,28601
2020-06-10,1471,1471.TW,上市,2.13,2.26,2.13,2.26,56971
2020-06-11,1471,1471.TW,上市,2.3,2.35,2.25,2.25,116366
2020-06-12,1471,1471.TW,上市,2.15,2.23,2.15,2.22,194708
2020-06-15,1471,1471.TW,上市,2.16,2.22,2.16,2.22,73686
2020-06-16,1471,1471.TW,上市,2.23,2.3,2.22,2.29,118470
2020-06-17,1471,1471.TW,上市,2.19,2.5,2.19,2.48,370253
2020-06-18,1471,1471.TW,上市,2.48,2.58,2.35,2.54,243524
2020-06-19,1471,1471.TW,上市,2.57,2.6,2.57,2.6,141598
2020-06-22,1471,1471.TW,上市,2.6,2.6,2.49,2.5,186548
2020-06-23,1471,1471.TW,上市,2.49,2.5,2.48,2.5,49099
2020-06-24,1471,1471.TW,上市,2.5,2.55,2.48,2.55,56333
2020-06-29,1471,1471.TW,上市,2.43,2.63,2.43,2.53,146392
2020-06-30,1471,1471.TW,上市,2.55,2.55,2.5,2.55,50857
2020-07-01,1471,1471.TW,上市,2.51,2.55,2.49,2.54,77202
2020-07-02,1471,1471.TW,上市,2.46,2.54,2.46,2.47,97051
2020-07-03,1471,1471.TW,上市,2.5,2.54,2.47,2.47,71509
2020-07-06,1471,1471.TW,上市,2.52,2.59,2.49,2.5,354836
2020-07-07,1471,1471.TW,上市,2.57,2.57,2.42,2.42,110221
2020-07-08,1471,1471.TW,上市,2.34,2.44,2.34,2.44,70372
2020-07-09,1471,1471.TW,上市,2.46,2.57,2.35,2.57,208523
2020-07-10,1471,1471.TW,上市,2.52,2.56,2.48,2.54,100882
2020-07-13,1471,1471.TW,上市,2.59,2.79,2.59,2.79,429725
2020-07-14,1471,1471.TW,上市,3.0,3.06,3.0,3.06,436613
2020-07-15,1471,1471.TW,上市,3.36,3.36,3.36,3.36,418944
2020-07-16,1471,1471.TW,上市,3.69,3.69,3.69,3.69,340594
2020-07-17,1471,1471.TW,上市,4.05,4.05,3.33,3.39,2484229
2020-07-20,1471,1471.TW,上市,3.3,3.37,3.08,3.15,326125
2020-07-21,1471,1471.TW,上市,3.33,3.46,3.25,3.46,432819
2020-07-22,1471,1471.TW,上市,3.42,3.8,3.4,3.8,674563
2020-07-23,1471,1471.TW,上市,4.08,4.18,3.86,4.01,1261923
2020-07-24,1471,1471.TW,上市,4.0,4.35,3.77,4.27,907148
2020-07-27,1471,1471.TW,上市,4.2,4.61,4.13,4.2,866942
2020-07-28,1471,1471.TW,上市,4.12,4.34,4.05,4.12,444907
2020-07-29,1471,1471.TW,上市,4.11,4.53,4.11,4.3,677366
2020-07-30,1471,1471.TW,上市,4.3,4.55,4.3,4.48,278285
2020-07-31,1471,1471.TW,上市,4.48,4.61,4.48,4.61,590385
2020-08-03,1471,1471.TW,上市,4.6,5.07,4.6,5.05,1661892
2020-08-04,1471,1471.TW,上市,4.95,5.28,4.95,5.03,306522
2020-08-05,1471,1471.TW,上市,5.44,5.44,4.8,5.09,482595
2020-08-06,1471,1471.TW,上市,5.18,5.18,4.82,4.92,254507
2020-08-07,1471,1471.TW,上市,4.75,4.8,4.43,4.43,558113
2020-08-10,1471,1471.TW,上市,4.16,4.17,3.99,3.99,664571
2020-08-11,1471,1471.TW,上市,4.38,4.38,4.17,4.38,810002
2020-08-12,1471,1471.TW,上市,4.22,4.28,4.12,4.22,356892
2020-08-13,1471,1471.TW,上市,4.23,4.36,4.17,4.24,186961
2020-08-14,1471,1471.TW,上市,3.91,4.1,3.91,4.06,303001
2020-08-17,1471,1471.TW,上市,3.91,4.18,3.9,4.12,359458
2020-08-18,1471,1471.TW,上市,4.01,4.21,3.99,3.99,388203
2020-08-19,1471,1471.TW,上市,3.99,4.0,3.85,3.85,170560
2020-08-20,1471,1471.TW,上市,3.82,3.82,3.47,3.47,413110
2020-08-21,1471,1471.TW,上市,3.45,3.66,3.31,3.57,186550
2020-08-24,1471,1471.TW,上市,3.55,3.92,3.54,3.92,257475
2020-08-25,1471,1471.TW,上市,4.1,4.31,4.0,4.1,918931
2020-08-26,1471,1471.TW,上市,3.98,4.1,3.89,4.0,377844
2020-08-27,1471,1471.TW,上市,3.93,4.05,3.86,4.0,189694
2020-08-28,1471,1471.TW,上市,4.0,4.04,3.81,3.87,171639
2020-08-31,1471,1471.TW,上市,3.87,3.87,3.76,3.77,197769
2020-09-01,1471,1471.TW,上市,3.77,3.79,3.66,3.66,189401
2020-09-02,1471,1471.TW,上市,3.87,4.0,3.81,3.93,382647
2020-09-03,1471,1471.TW,上市,3.9,4.05,3.9,3.93,231202
2020-09-04,1471,1471.TW,上市,3.95,4.0,3.78,3.88,248911
2020-09-07,1471,1471.TW,上市,4.0,4.07,3.9,4.0,204940
2020-09-08,1471,1471.TW,上市,4.15,4.15,3.98,4.0,231137
2020-09-09,1471,1471.TW,上市,4.0,4.12,3.95,3.98,153678
2020-09-10,1471,1471.TW,上市,4.08,4.2,4.0,4.12,264139
2020-09-11,1471,1471.TW,上市,4.53,4.53,4.48,4.53,1046971
2020-09-14,1471,1471.TW,上市,4.98,4.98,4.98,4.98,262721
2020-09-15,1471,1471.TW,上市,5.47,5.47,5.01,5.16,4558488
2020-09-16,1471,1471.TW,上市,5.1,5.37,4.75,5.37,1255387
2020-09-17,1471,1471.TW,上市,5.9,5.9,5.9,5.9,1246732
2020-09-18,1471,1471.TW,上市,6.49,6.49,6.49,6.49,5497396
2020-09-21,1471,1471.TW,上市,7.13,7.13,6.4,7.11,11583114
2020-09-22,1471,1471.TW,上市,7.1,7.26,6.4,7.26,4270748
2020-09-23,1471,1471.TW,上市,7.26,7.98,7.26,7.98,6192034
2020-09-24,1471,1471.TW,上市,8.4,8.77,8.4,8.77,6914359
2020-09-25,1471,1471.TW,上市,8.54,8.54,7.9,7.9,3758322
2020-09-28,1471,1471.TW,上市,7.42,7.42,7.11,7.11,1757622
2020-09-29,1471,1471.TW,上市,6.4,7.07,6.4,6.4,4024101
2020-09-30,1471,1471.TW,上市,6.5,7.04,6.5,6.8,2813184
2020-10-05,1471,1471.TW,上市,6.46,6.8,6.41,6.41,1500600
2020-10-06,1471,1471.TW,上市,6.74,6.74,5.8,5.95,2781873
2020-10-07,1471,1471.TW,上市,5.8,6.0,5.5,5.62,1806106
2020-10-08,1471,1471.TW,上市,5.62,6.18,5.62,6.18,1266825
2020-10-12,1471,1471.TW,上市,6.34,6.4,6.18,6.28,1438454
2020-10-13,1471,1471.TW,上市,5.79,5.79,5.66,5.66,1742250
2020-10-14,1471,1471.TW,上市,5.22,6.2,5.1,5.98,3051874
2020-10-15,1471,1471.TW,上市,5.75,5.93,5.55,5.58,1225673
2020-10-16,1471,1471.TW,上市,5.5,5.84,5.4,5.7,1199063
2020-10-19,1471,1471.TW,上市,5.8,5.9,5.37,5.5,1130682
2020-10-20,1471,1471.TW,上市,5.58,5.58,4.95,5.05,2207398
2020-10-21,1471,1471.TW,上市,5.05,5.1,4.55,4.58,2678357
2020-10-22,1471,1471.TW,上市,4.25,4.51,4.25,4.51,1714339
2020-10-23,1471,1471.TW,上市,4.43,4.96,4.43,4.96,1488761
2020-10-26,1471,1471.TW,上市,5.25,5.45,5.17,5.45,3844640
2020-10-27,1471,1471.TW,上市,5.49,5.97,5.3,5.6,2923703
2020-10-28,1471,1471.TW,上市,5.75,5.79,5.26,5.34,1058011
2020-10-29,1471,1471.TW,上市,4.86,5.15,4.83,5.15,1329940
2020-10-30,1471,1471.TW,上市,5.15,5.23,5.0,5.0,495501
2020-11-02,1471,1471.TW,上市,5.06,5.14,4.8,4.85,593267
2020-11-03,1471,1471.TW,上市,4.97,5.08,4.87,5.0,388980
2020-11-04,1471,1471.TW,上市,5.15,5.15,4.93,5.0,215557
2020-11-05,1471,1471.TW,上市,5.1,5.1,4.9,4.9,262717
2020-11-06,1471,1471.TW,上市,5.03,5.05,4.9,4.9,339022
2020-11-09,1471,1471.TW,上市,4.91,5.39,4.9,5.34,1170889
2020-11-10,1471,1471.TW,上市,5.3,5.3,5.02,5.07,351312
2020-11-11,1471,1471.TW,上市,4.6,4.8,4.57,4.7,1682596
2020-11-12,1471,1471.TW,上市,4.69,4.69,4.4,4.62,858494
2020-11-13,1471,1471.TW,上市,5.08,5.08,5.08,5.08,480297
2020-11-16,1471,1471.TW,上市,5.58,5.58,5.58,5.58,369031
2020-11-17,1471,1471.TW,上市,6.13,6.13,6.13,6.13,550617
2020-11-18,1471,1471.TW,上市,6.74,6.74,6.0,6.4,9255783
2020-11-19,1471,1471.TW,上市,6.23,6.25,5.76,6.0,3545505
2020-11-20,1471,1471.TW,上市,5.76,5.92,5.6,5.87,1388824
2020-11-23,1471,1471.TW,上市,5.75,5.85,5.6,5.62,835775
2020-11-24,1471,1471.TW,上市,5.53,5.6,5.28,5.36,1383807
2020-11-25,1471,1471.TW,上市,5.26,5.58,5.26,5.55,653732
2020-11-26,1471,1471.TW,上市,5.46,5.62,5.46,5.57,338106
2020-11-27,1471,1471.TW,上市,5.62,5.85,5.5,5.78,762229
2020-11-30,1471,1471.TW,上市,5.91,6.04,5.78,5.98,1157127
2020-12-01,1471,1471.TW,上市,5.98,5.99,5.79,5.92,971995
2020-12-02,1471,1471.TW,上市,5.9,6.0,5.85,5.91,372161
2020-12-03,1471,1471.TW,上市,5.91,6.03,5.76,5.83,554559
2020-12-04,1471,1471.TW,上市,5.86,5.93,5.72,5.74,527447
2020-12-07,1471,1471.TW,上市,5.81,5.81,5.3,5.4,1048287
2020-12-08,1471,1471.TW,上市,5.4,5.58,5.4,5.57,243525
2020-12-09,1471,1471.TW,上市,5.7,5.7,5.39,5.5,494323
2020-12-10,1471,1471.TW,上市,5.68,5.68,5.5,5.53,267050
2020-12-11,1471,1471.TW,上市,5.64,5.79,5.6,5.63,427735
2020-12-14,1471,1471.TW,上市,5.53,5.76,5.5,5.55,300533
2020-12-15,1471,1471.TW,上市,5.55,5.57,5.3,5.45,260380
2020-12-16,1471,1471.TW,上市,5.5,5.54,5.43,5.45,186712
2020-12-17,1471,1471.TW,上市,5.49,5.6,5.45,5.52,249018
2020-12-18,1471,1471.TW,上市,5.43,5.5,5.42,5.42,238973
2020-12-21,1471,1471.TW,上市,5.49,5.49,5.38,5.48,322800
2020-12-22,1471,1471.TW,上市,5.42,5.45,5.3,5.3,593767
2020-12-23,1471,1471.TW,上市,5.18,5.4,5.08,5.38,346733
2020-12-24,1471,1471.TW,上市,5.45,5.75,5.45,5.6,546709
2020-12-25,1471,1471.TW,上市,5.61,5.88,5.61,5.68,540263
2020-12-28,1471,1471.TW,上市,5.68,5.88,5.68,5.8,487671
2020-12-29,1471,1471.TW,上市,5.88,5.88,5.75,5.77,316131
2020-12-30,1471,1471.TW,上市,5.71,6.0,5.63,5.93,731143
2020-12-31,1471,1471.TW,上市,6.06,6.06,5.89,5.92,555208
2021-01-04,1471,1471.TW,上市,6.0,6.01,5.76,5.84,449562
2021-01-05,1471,1471.TW,上市,5.83,5.83,5.63,5.69,454041
2021-01-06,1471,1471.TW,上市,5.46,5.7,5.22,5.43,729100
2021-01-07,1471,1471.TW,上市,5.39,5.46,5.24,5.44,221759
2021-01-08,1471,1471.TW,上市,5.45,5.45,5.3,5.36,251407
2021-01-11,1471,1471.TW,上市,5.3,5.39,5.24,5.33,189212
2021-01-12,1471,1471.TW,上市,5.28,5.28,4.95,5.12,780815
2021-01-13,1471,1471.TW,上市,5.06,5.33,5.0,5.21,221525
2021-01-14,1471,1471.TW,上市,5.21,5.73,5.15,5.73,816908
2021-01-15,1471,1471.TW,上市,5.65,5.78,5.52,5.7,626002
2021-01-18,1471,1471.TW,上市,5.73,5.73,5.46,5.68,329027
2021-01-19,1471,1471.TW,上市,5.54,5.71,5.54,5.65,219039
2021-01-20,1471,1471.TW,上市,5.61,5.8,5.25,5.44,668472
2021-01-21,1471,1471.TW,上市,5.44,5.53,5.28,5.32,304083
2021-01-22,1471,1471.TW,上市,5.29,5.44,5.15,5.44,295850
2021-01-25,1471,1471.TW,上市,5.32,5.42,5.3,5.37,135915
2021-01-26,1471,1471.TW,上市,5.32,5.4,5.3,5.39,161912
2021-01-27,1471,1471.TW,上市,5.43,5.48,5.3,5.39,144446
2021-01-28,1471,1471.TW,上市,5.35,5.48,5.29,5.3,224463
2021-01-29,1471,1471.TW,上市,5.3,5.3,5.22,5.3,196482
2021-02-01,1471,1471.TW,上市,5.35,5.35,5.19,5.23,154003
2021-02-02,1471,1471.TW,上市,5.23,5.23,5.15,5.21,497976
2021-02-03,1471,1471.TW,上市,5.25,5.25,5.12,5.15,196633
2021-02-04,1471,1471.TW,上市,5.15,5.22,5.09,5.21,212156
2021-02-05,1471,1471.TW,上市,5.21,5.36,5.2,5.29,270344
2021-02-17,1471,1471.TW,上市,5.33,5.46,5.33,5.36,308038
2021-02-18,1471,1471.TW,上市,5.42,5.54,5.4,5.53,241957
2021-02-19,1471,1471.TW,上市,5.53,5.87,5.5,5.75,722477
2021-02-22,1471,1471.TW,上市,5.79,5.84,5.65,5.84,387026
2021-02-23,1471,1471.TW,上市,5.82,5.9,5.7,5.76,615936
2021-02-24,1471,1471.TW,上市,5.83,5.88,5.72,5.79,147934
2021-02-25,1471,1471.TW,上市,5.87,5.87,5.77,5.82,409336
2021-02-26,1471,1471.TW,上市,5.6,5.84,5.6,5.8,314225
2021-03-02,1471,1471.TW,上市,5.8,5.88,5.78,5.8,418488
2021-03-03,1471,1471.TW,上市,5.8,5.85,5.78,5.79,294043
2021-03-04,1471,1471.TW,上市,5.8,5.86,5.74,5.75,455986
2021-03-05,1471,1471.TW,上市,5.74,5.75,5.7,5.72,211038
2021-03-08,1471,1471.TW,上市,5.82,6.25,5.82,6.13,1303734
2021-03-09,1471,1471.TW,上市,6.29,6.4,6.06,6.18,1163210
2021-03-10,1471,1471.TW,上市,6.23,6.24,6.12,6.15,651304
2021-03-11,1471,1471.TW,上市,6.1,6.13,5.94,5.94,1103217
2021-03-12,1471,1471.TW,上市,5.97,6.1,5.96,6.03,477005
2021-03-15,1471,1471.TW,上市,6.19,6.28,6.08,6.28,640333
2021-03-16,1471,1471.TW,上市,6.34,6.84,6.34,6.69,1284485
2021-03-17,1471,1471.TW,上市,6.75,6.95,6.6,6.64,1350812
2021-03-18,1471,1471.TW,上市,6.67,7.2,6.67,6.93,1831368
2021-03-19,1471,1471.TW,上市,6.93,7.05,6.93,7.0,861609
2021-03-22,1471,1471.TW,上市,7.18,7.18,6.93,7.0,1091133
2021-03-23,1471,1471.TW,上市,7.01,7.03,6.6,6.72,1213255
2021-03-24,1471,1471.TW,上市,6.66,6.81,6.4,6.79,1094085
2021-03-25,1471,1471.TW,上市,6.79,6.87,6.67,6.74,419528
2021-03-26,1471,1471.TW,上市,6.84,7.1,6.84,6.98,940720
2021-03-29,1471,1471.TW,上市,7.01,7.21,7.01,7.12,937389
2021-03-30,1471,1471.TW,上市,7.15,7.15,7.04,7.13,567761
2021-03-31,1471,1471.TW,上市,7.24,7.49,7.22,7.3,1999139
2021-04-01,1471,1471.TW,上市,7.49,7.65,7.35,7.6,2232296
2021-04-07,1471,1471.TW,上市,9.19,9.19,9.19,9.19,1855207
2021-04-08,1471,1471.TW,上市,10.1,10.1,10.1,10.1,1044630
2021-04-09,1471,1471.TW,上市,11.1,11.1,11.1,11.1,1543003
2021-04-12,1471,1471.TW,上市,12.2,12.2,11.1,12.2,30691941
2021-04-13,1471,1471.TW,上市,12.5,13.0,11.1,12.2,10870539
2021-04-14,1471,1471.TW,上市,12.2,12.2,11.3,11.8,4700982
2021-04-15,1471,1471.TW,上市,12.1,12.65,11.85,12.45,5008978
2021-04-16,1471,1471.TW,上市,13.0,13.0,12.45,12.65,4299495
2021-04-19,1471,1471.TW,上市,13.0,13.9,13.0,13.9,7396428
2021-04-20,1471,1471.TW,上市,14.15,15.0,14.15,14.9,5799149
2021-04-21,1471,1471.TW,上市,14.9,14.9,13.45,14.1,6726572
2021-04-22,1471,1471.TW,上市,14.05,14.05,12.7,12.7,7394165
2021-04-23,1471,1471.TW,上市,12.25,13.55,11.45,13.2,4410190
2021-04-26,1471,1471.TW,上市,12.25,13.45,12.25,13.1,3165736
2021-04-27,1471,1471.TW,上市,12.75,14.4,12.75,14.4,8042869
2021-04-28,1471,1471.TW,上市,14.5,15.8,14.45,15.8,15466566
2021-04-29,1471,1471.TW,上市,15.8,15.9,14.3,14.4,10508697
2021-05-03,1471,1471.TW,上市,14.2,14.2,13.0,13.0,7895075
2021-05-04,1471,1471.TW,上市,12.7,13.05,11.7,11.95,5516897
2021-05-05,1471,1471.TW,上市,12.2,13.05,11.7,12.45,3880773
2021-05-06,1471,1471.TW,上市,12.55,12.9,11.9,12.1,2534111
2021-05-07,1471,1471.TW,上市,12.1,12.15,11.1,11.9,3851722
2021-05-10,1471,1471.TW,上市,12.1,12.1,11.35,11.5,1903662
2021-05-11,1471,1471.TW,上市,10.35,10.8,10.35,10.35,5095471
2021-05-12,1471,1471.TW,上市,10.0,10.1,9.32,9.32,4359002
2021-05-13,1471,1471.TW,上市,8.39,9.32,8.39,9.05,5448768
2021-05-14,1471,1471.TW,上市,9.44,9.7,8.99,9.11,2408769
2021-05-17,1471,1471.TW,上市,8.2,8.75,8.2,8.2,3066188
2021-05-18,1471,1471.TW,上市,8.21,9.02,8.21,9.02,2394746
2021-05-19,1471,1471.TW,上市,9.53,9.92,9.2,9.92,2690101
2021-05-20,1471,1471.TW,上市,9.68,10.25,9.32,9.41,2468365
2021-05-21,1471,1471.TW,上市,9.5,9.96,9.41,9.8,1784056
2021-05-24,1471,1471.TW,上市,9.71,9.85,9.45,9.67,1141054
2021-05-25,1471,1471.TW,上市,9.8,10.45,9.8,10.1,2313087
2021-05-26,1471,1471.TW,上市,9.96,10.05,9.75,9.92,885292
2021-05-27,1471,1471.TW,上市,9.93,9.99,9.49,9.68,1136761
2021-05-28,1471,1471.TW,上市,9.73,10.3,9.73,10.0,1812996
2021-05-31,1471,1471.TW,上市,10.0,10.2,9.97,10.15,1204066
2021-06-01,1471,1471.TW,上市,10.15,11.15,10.15,11.15,2870902
2021-06-02,1471,1471.TW,上市,11.45,11.6,10.4,10.95,4887912
2021-06-03,1471,1471.TW,上市,11.4,11.4,10.6,10.8,1381001
2021-06-04,1471,1471.TW,上市,10.6,10.8,10.25,10.5,1290803
2021-06-07,1471,1471.TW,上市,10.5,10.55,9.6,10.3,1300367
2021-06-08,1471,1471.TW,上市,10.4,10.4,10.0,10.0,673218
2021-06-09,1471,1471.TW,上市,10.2,10.2,9.9,9.96,821824
2021-06-10,1471,1471.TW,上市,10.15,10.3,9.9,10.2,1080290
2021-06-11,1471,1471.TW,上市,10.0,10.1,9.5,9.66,2449151
2021-06-15,1471,1471.TW,上市,9.68,9.74,9.09,9.2,1919299
2021-06-16,1471,1471.TW,上市,9.03,9.55,9.03,9.33,1099262
2021-06-17,1471,1471.TW,上市,9.31,9.31,9.1,9.21,946276
2021-06-18,1471,1471.TW,上市,9.21,10.1,9.12,10.1,2803204
2021-06-21,1471,1471.TW,上市,10.15,10.85,10.1,10.65,4380412
2021-06-22,1471,1471.TW,上市,11.7,11.7,11.7,11.7,3582422
2021-06-23,1471,1471.TW,上市,12.65,12.65,11.15,11.3,8083498
2021-06-24,1471,1471.TW,上市,11.3,11.4,10.7,11.2,2139763
2021-06-25,1471,1471.TW,上市,11.4,11.4,10.5,10.75,3468211
2021-06-28,1471,1471.TW,上市,10.7,10.7,10.1,10.25,2205184
2021-06-29,1471,1471.TW,上市,10.15,10.8,10.15,10.55,2276833
2021-06-30,1471,1471.TW,上市,10.65,10.7,10.3,10.4,1447203
2021-07-01,1471,1471.TW,上市,10.4,10.55,10.0,10.1,1735875
2021-07-02,1471,1471.TW,上市,10.05,10.35,10.05,10.1,1075637
2021-07-05,1471,1471.TW,上市,10.1,11.1,10.1,11.1,4348493
2021-07-06,1471,1471.TW,上市,11.4,11.65,10.6,10.8,3973666
2021-07-07,1471,1471.TW,上市,10.55,10.55,10.2,10.4,1896486
2021-07-08,1471,1471.TW,上市,10.4,10.6,10.2,10.35,1269991
2021-07-09,1471,1471.TW,上市,10.3,10.35,10.15,10.2,1161649
2021-07-12,1471,1471.TW,上市,10.2,10.2,10.05,10.05,1616828
2021-07-13,1471,1471.TW,上市,10.1,10.3,10.0,10.0,1799671
2021-07-14,1471,1471.TW,上市,10.05,10.2,9.8,9.94,1366200
2021-07-15,1471,1471.TW,上市,10.1,10.3,9.94,10.0,1254371
2021-07-16,1471,1471.TW,上市,10.15,10.2,9.95,10.0,771963
2021-07-19,1471,1471.TW,上市,10.0,10.0,9.82,9.94,644193
2021-07-20,1471,1471.TW,上市,9.8,9.82,9.61,9.65,1152721
2021-07-21,1471,1471.TW,上市,9.8,9.88,9.4,9.41,884229
2021-07-22,1471,1471.TW,上市,9.45,9.86,9.45,9.56,824259
2021-07-23,1471,1471.TW,上市,9.6,9.8,9.45,9.59,936709
2021-07-26,1471,1471.TW,上市,9.72,10.1,9.65,9.73,1233748
2021-07-27,1471,1471.TW,上市,9.85,9.87,9.43,9.5,1028073
2021-07-28,1471,1471.TW,上市,9.4,9.45,9.13,9.21,1156958
2021-07-29,1471,1471.TW,上市,9.21,9.33,9.12,9.22,607345
2021-07-30,1471,1471.TW,上市,9.24,9.27,9.12,9.13,523001
2021-08-02,1471,1471.TW,上市,9.13,9.15,9.0,9.05,697418
2021-08-03,1471,1471.TW,上市,9.11,9.26,9.03,9.07,489169
2021-08-04,1471,1471.TW,上市,9.1,9.23,9.1,9.11,553613
2021-08-05,1471,1471.TW,上市,9.22,9.22,9.06,9.08,690437
2021-08-06,1471,1471.TW,上市,9.1,9.15,9.03,9.03,493217
2021-08-09,1471,1471.TW,上市,9.0,9.02,8.8,8.88,1178849
2021-08-10,1471,1471.TW,上市,8.98,8.98,8.43,8.52,802064
2021-08-11,1471,1471.TW,上市,8.4,8.41,8.01,8.07,1259647
2021-08-12,1471,1471.TW,上市,8.09,8.5,8.08,8.5,880625
2021-08-13,1471,1471.TW,上市,8.68,8.69,8.05,8.08,912415
2021-08-16,1471,1471.TW,上市,8.1,8.1,7.6,7.67,1119684
2021-08-17,1471,1471.TW,上市,7.67,7.67,7.67,7.67,0
2021-08-18,1471,1471.TW,上市,7.6,8.13,7.4,8.0,786126
2021-08-19,1471,1471.TW,上市,8.05,8.1,7.58,7.58,590524
2021-08-20,1471,1471.TW,上市,7.58,7.66,7.4,7.4,541181
2021-08-23,1471,1471.TW,上市,7.39,7.75,7.39,7.49,584705
2021-08-24,1471,1471.TW,上市,7.54,7.64,7.4,7.4,376547
2021-08-25,1471,1471.TW,上市,7.68,7.74,7.51,7.74,564832
2021-08-26,1471,1471.TW,上市,7.8,7.8,7.45,7.52,590970
2021-08-27,1471,1471.TW,上市,7.53,7.68,7.47,7.57,289219
2021-08-30,1471,1471.TW,上市,7.67,7.67,7.56,7.63,266197
2021-08-31,1471,1471.TW,上市,7.69,7.7,7.51,7.52,359003
2021-09-01,1471,1471.TW,上市,7.6,7.62,7.48,7.55,407827
2021-09-02,1471,1471.TW,上市,7.55,7.56,7.3,7.31,553196
2021-09-03,1471,1471.TW,上市,7.35,7.35,7.15,7.22,561607
2021-09-06,1471,1471.TW,上市,7.22,7.23,6.85,6.94,925010
2021-09-07,1471,1471.TW,上市,6.91,7.2,6.9,6.94,437024
2021-09-08,1471,1471.TW,上市,6.9,6.9,6.79,6.86,411028
2021-09-09,1471,1471.TW,上市,6.75,6.85,6.7,6.73,416707
2021-09-10,1471,1471.TW,上市,6.74,6.95,6.74,6.91,574046
2021-09-13,1471,1471.TW,上市,6.78,6.89,6.68,6.75,648273
2021-09-14,1471,1471.TW,上市,6.65,6.7,6.49,6.51,840000
2021-09-15,1471,1471.TW,上市,6.51,6.65,6.47,6.64,457725
2021-09-16,1471,1471.TW,上市,6.64,6.73,6.53,6.62,243247
2021-09-17,1471,1471.TW,上市,6.63,6.63,6.52,6.52,253525
2021-09-22,1471,1471.TW,上市,6.47,6.47,6.23,6.3,378561
2021-09-23,1471,1471.TW,上市,6.29,6.3,6.1,6.16,639002
2021-09-24,1471,1471.TW,上市,6.29,6.29,6.07,6.1,594063
2021-09-27,1471,1471.TW,上市,6.18,6.71,6.11,6.71,955394
2021-09-28,1471,1471.TW,上市,7.38,7.38,7.16,7.38,1874409
2021-09-29,1471,1471.TW,上市,8.05,8.11,7.43,8.11,6326518
2021-09-30,1471,1471.TW,上市,8.11,8.92,8.02,8.92,5853101
2021-10-01,1471,1471.TW,上市,9.0,9.0,8.03,8.03,3748683
2021-10-04,1471,1471.TW,上市,7.81,7.84,7.23,7.23,1724937
2021-10-05,1471,1471.TW,上市,6.74,7.62,6.51,7.46,2039300
2021-10-06,1471,1471.TW,上市,7.21,7.25,6.95,7.02,1163500
2021-10-07,1471,1471.TW,上市,7.05,7.46,7.05,7.28,848821
2021-10-08,1471,1471.TW,上市,7.17,7.28,7.06,7.12,686201
2021-10-12,1471,1471.TW,上市,7.1,7.28,6.82,6.97,851191
2021-10-13,1471,1471.TW,上市,6.7,7.1,6.7,6.76,651000
2021-10-14,1471,1471.TW,上市,6.8,7.1,6.77,6.8,553171
2021-10-15,1471,1471.TW,上市,6.87,7.39,6.86,7.24,1077494
2021-10-18,1471,1471.TW,上市,7.38,7.38,7.0,7.01,971227
2021-10-19,1471,1471.TW,上市,7.04,7.25,6.99,7.18,635197
2021-10-20,1471,1471.TW,上市,7.2,7.2,7.03,7.05,495209
2021-10-21,1471,1471.TW,上市,7.23,7.29,7.14,7.18,426783
2021-10-22,1471,1471.TW,上市,7.14,7.22,7.02,7.02,378640
2021-10-25,1471,1471.TW,上市,7.02,7.17,7.02,7.06,242446
2021-10-26,1471,1471.TW,上市,7.0,7.28,7.0,7.12,422000
2021-10-27,1471,1471.TW,上市,7.09,7.18,7.07,7.1,346536
2021-10-28,1471,1471.TW,上市,7.09,7.35,7.09,7.13,432794
2021-10-29,1471,1471.TW,上市,7.15,7.15,7.02,7.05,570399
2021-11-01,1471,1471.TW,上市,7.05,7.4,7.04,7.38,1281100
2021-11-02,1471,1471.TW,上市,7.38,7.4,7.07,7.12,940237
2021-11-03,1471,1471.TW,上市,7.19,7.22,7.07,7.14,398661
2021-11-04,1471,1471.TW,上市,7.14,7.85,7.14,7.85,1755221
2021-11-05,1471,1471.TW,上市,8.0,8.28,7.8,8.0,2954103
2021-11-08,1471,1471.TW,上市,7.95,8.0,7.71,7.71,941068
2021-11-09,1471,1471.TW,上市,7.71,7.86,7.51,7.55,669663
2021-11-10,1471,1471.TW,上市,7.69,7.75,7.52,7.56,383824
2021-11-11,1471,1471.TW,上市,7.56,7.78,7.55,7.55,468227
2021-11-12,1471,1471.TW,上市,7.7,7.72,7.51,7.51,292942
2021-11-15,1471,1471.TW,上市,7.5,7.96,7.5,7.91,887557
2021-11-16,1471,1471.TW,上市,7.85,7.9,7.56,7.6,847204
2021-11-17,1471,1471.TW,上市,7.6,7.69,7.54,7.67,506411
2021-11-18,1471,1471.TW,上市,7.65,7.78,7.56,7.67,407065
2021-11-19,1471,1471.TW,上市,7.61,7.74,7.52,7.52,398275
2021-11-22,1471,1471.TW,上市,7.5,7.59,7.5,7.54,341962
2021-11-23,1471,1471.TW,上市,7.55,7.59,7.42,7.43,360091
2021-11-24,1471,1471.TW,上市,7.47,7.68,7.47,7.68,463298
2021-11-25,1471,1471.TW,上市,7.73,7.85,7.64,7.72,596765
2021-11-26,1471,1471.TW,上市,7.66,7.74,7.45,7.5,338637
2021-11-29,1471,1471.TW,上市,7.45,7.45,7.19,7.4,437373
2021-11-30,1471,1471.TW,上市,7.4,7.74,7.36,7.62,528024
2021-12-01,1471,1471.TW,上市,7.57,7.59,7.42,7.52,507827
2021-12-02,1471,1471.TW,上市,7.47,7.52,7.37,7.45,411724
2021-12-03,1471,1471.TW,上市,7.47,7.5,7.36,7.4,237124
2021-12-06,1471,1471.TW,上市,7.4,7.41,7.25,7.35,359863
2021-12-07,1471,1471.TW,上市,7.35,7.48,7.35,7.38,297681
2021-12-08,1471,1471.TW,上市,7.38,7.75,7.38,7.58,554586
2021-12-09,1471,1471.TW,上市,7.55,7.75,7.55,7.69,588561
2021-12-10,1471,1471.TW,上市,7.69,8.45,7.62,8.45,3763014
2021-12-13,1471,1471.TW,上市,9.29,9.29,9.0,9.29,6932433
2021-12-14,1471,1471.TW,上市,9.54,9.6,8.63,8.7,6430500
2021-12-15,1471,1471.TW,上市,8.68,8.9,8.39,8.56,2230317
2021-12-16,1471,1471.TW,上市,8.64,8.85,8.5,8.52,1775653
2021-12-17,1471,1471.TW,上市,8.55,8.6,8.05,8.09,1588373
2021-12-20,1471,1471.TW,上市,8.14,8.39,8.12,8.12,1007833
2021-12-21,1471,1471.TW,上市,8.16,8.83,8.06,8.75,1677837
2021-12-22,1471,1471.TW,上市,8.65,8.73,8.4,8.52,1047999
2021-12-23,1471,1471.TW,上市,8.47,8.61,8.46,8.46,708325
2021-12-24,1471,1471.TW,上市,8.5,8.55,8.4,8.41,630001
2021-12-27,1471,1471.TW,上市,8.35,8.59,8.25,8.42,438636
2021-12-28,1471,1471.TW,上市,8.42,9.26,8.42,9.2,3307715
2021-12-29,1471,1471.TW,上市,9.0,9.1,8.78,8.9,1842896
2021-12-30,1471,1471.TW,上市,8.9,9.02,8.78,8.91,895923
2022-01-03,1471,1471.TW,上市,8.91,9.08,8.8,8.9,769414
2022-01-04,1471,1471.TW,上市,9.04,9.44,8.9,9.07,2027041
2022-01-05,1471,1471.TW,上市,9.0,9.01,8.77,8.9,1165127
2022-01-06,1471,1471.TW,上市,8.88,9.02,8.77,8.85,761403
2022-01-07,1471,1471.TW,上市,8.86,8.86,8.5,8.59,1141072
2022-01-10,1471,1471.TW,上市,8.6,8.8,8.56,8.57,460000
2022-01-11,1471,1471.TW,上市,8.52,8.6,8.26,8.27,823300
2022-01-12,1471,1471.TW,上市,8.3,8.31,8.05,8.08,612546
2022-01-13,1471,1471.TW,上市,8.08,8.48,8.08,8.34,469557
2022-01-14,1471,1471.TW,上市,8.26,8.3,8.0,8.1,530035
2022-01-17,1471,1471.TW,上市,8.1,8.3,8.03,8.3,230279
2022-01-18,1471,1471.TW,上市,8.42,8.45,8.15,8.39,532303
2022-01-19,1471,1471.TW,上市,8.66,8.66,8.46,8.59,565044
2022-01-20,1471,1471.TW,上市,8.59,8.64,8.41,8.59,467446
2022-01-21,1471,1471.TW,上市,8.48,8.54,8.36,8.36,458279
2022-01-24,1471,1471.TW,上市,8.21,8.38,7.8,8.23,695001
2022-01-25,1471,1471.TW,上市,8.15,8.15,7.87,7.9,662162
2022-01-26,1471,1471.TW,上市,7.9,8.04,7.9,7.95,272303
2022-02-07,1471,1471.TW,上市,8.02,8.23,8.02,8.17,414615
2022-02-08,1471,1471.TW,上市,8.28,8.28,8.12,8.23,159739
2022-02-09,1471,1471.TW,上市,8.29,8.67,8.28,8.57,874371
2022-02-10,1471,1471.TW,上市,8.46,8.55,8.43,8.48,362748
2022-02-11,1471,1471.TW,上市,8.46,8.48,8.31,8.31,308598
2022-02-14,1471,1471.TW,上市,8.12,8.12,8.0,8.1,591447
2022-02-15,1471,1471.TW,上市,8.05,8.16,8.05,8.11,337500
2022-02-16,1471,1471.TW,上市,8.15,8.2,8.12,8.15,199022
2022-02-17,1471,1471.TW,上市,8.16,8.22,8.07,8.09,350665
2022-02-18,1471,1471.TW,上市,8.05,8.1,8.03,8.09,253301
2022-02-21,1471,1471.TW,上市,8.08,8.19,8.04,8.1,334135
2022-02-22,1471,1471.TW,上市,8.09,8.09,7.95,8.06,604613
2022-02-23,1471,1471.TW,上市,8.14,8.14,8.0,8.01,295090
2022-02-24,1471,1471.TW,上市,7.9,8.0,7.85,7.85,522232
2022-02-25,1471,1471.TW,上市,7.88,8.01,7.8,7.8,420678
2022-03-01,1471,1471.TW,上市,7.85,7.95,7.83,7.91,214420
2022-03-02,1471,1471.TW,上市,7.98,7.98,7.81,7.88,112155
2022-03-03,1471,1471.TW,上市,7.99,7.99,7.85,7.89,137727
2022-03-04,1471,1471.TW,上市,7.82,7.9,7.77,7.77,380357
2022-03-07,1471,1471.TW,上市,7.75,7.75,7.3,7.32,675101
2022-03-08,1471,1471.TW,上市,7.26,7.41,7.0,7.0,436682
2022-03-09,1471,1471.TW,上市,7.07,7.19,7.05,7.07,335007
2022-03-10,1471,1471.TW,上市,7.17,7.34,7.16,7.26,408000
2022-03-11,1471,1471.TW,上市,7.25,7.25,7.0,7.12,577177
2022-03-14,1471,1471.TW,上市,7.18,7.18,7.08,7.09,99013
2022-03-15,1471,1471.TW,上市,7.13,7.13,6.71,6.94,528943
2022-03-16,1471,1471.TW,上市,7.0,7.15,6.97,7.05,374443
2022-03-17,1471,1471.TW,上市,7.14,7.19,7.05,7.15,327274
2022-03-18,1471,1471.TW,上市,7.15,7.29,7.13,7.29,352142
2022-03-21,1471,1471.TW,上市,7.3,7.37,7.25,7.31,222026
2022-03-22,1471,1471.TW,上市,7.21,8.0,7.21,7.92,718689
2022-03-23,1471,1471.TW,上市,8.0,8.0,7.73,7.81,697842
2022-03-24,1471,1471.TW,上市,7.78,7.78,7.66,7.73,214167
2022-03-25,1471,1471.TW,上市,7.83,7.83,7.66,7.74,263577
2022-03-28,1471,1471.TW,上市,7.66,7.7,7.5,7.58,312923
2022-03-29,1471,1471.TW,上市,7.77,7.77,7.44,7.5,306500
2022-03-30,1471,1471.TW,上市,7.54,7.56,7.45,7.48,228971
2022-03-31,1471,1471.TW,上市,7.58,7.59,7.47,7.52,191005
2022-04-01,1471,1471.TW,上市,7.52,7.65,7.51,7.63,363721
2022-04-06,1471,1471.TW,上市,7.63,7.71,7.48,7.56,356453
2022-04-07,1471,1471.TW,上市,7.59,7.59,7.38,7.41,238110
2022-04-08,1471,1471.TW,上市,7.41,7.49,7.4,7.47,134206
2022-04-11,1471,1471.TW,上市,7.4,7.41,7.08,7.08,428786
2022-04-12,1471,1471.TW,上市,7.01,7.22,7.0,7.1,250074
2022-04-13,1471,1471.TW,上市,7.1,7.14,7.05,7.1,238277
2022-04-14,1471,1471.TW,上市,7.08,7.13,7.06,7.07,142497
2022-04-15,1471,1471.TW,上市,7.07,7.07,7.0,7.02,288057
2022-04-18,1471,1471.TW,上市,7.03,7.05,7.0,7.01,268106
2022-04-19,1471,1471.TW,上市,7.02,7.22,7.01,7.03,179611
2022-04-20,1471,1471.TW,上市,7.06,7.1,7.0,7.0,283613
2022-04-21,1471,1471.TW,上市,7.02,7.13,7.0,7.0,309103
2022-04-22,1471,1471.TW,上市,7.0,7.05,6.9,6.9,397200
2022-04-25,1471,1471.TW,上市,6.96,6.96,6.74,6.74,498078
2022-04-26,1471,1471.TW,上市,6.78,6.83,6.73,6.75,168007
2022-04-27,1471,1471.TW,上市,6.7,6.7,6.5,6.57,258031
2022-04-28,1471,1471.TW,上市,6.6,6.7,6.51,6.63,248300
2022-04-29,1471,1471.TW,上市,6.65,6.8,6.65,6.8,272479
2022-05-03,1471,1471.TW,上市,6.8,6.8,6.69,6.77,128100
2022-05-04,1471,1471.TW,上市,6.79,6.83,6.75,6.77,168938
2022-05-05,1471,1471.TW,上市,6.77,6.91,6.77,6.83,161364
2022-05-06,1471,1471.TW,上市,6.79,6.79,6.7,6.7,151003
2022-05-09,1471,1471.TW,上市,6.67,6.67,6.55,6.58,189010
2022-05-10,1471,1471.TW,上市,6.5,6.59,6.5,6.58,150502
2022-05-11,1471,1471.TW,上市,6.55,6.58,6.52,6.54,112004
2022-05-12,1471,1471.TW,上市,6.51,6.51,6.4,6.4,201872
2022-05-13,1471,1471.TW,上市,6.43,6.62,6.42,6.6,255000
2022-05-16,1471,1471.TW,上市,6.79,6.89,6.62,6.63,170255
2022-05-17,1471,1471.TW,上市,6.78,6.8,6.69,6.79,174217
2022-05-18,1471,1471.TW,上市,6.78,6.93,6.77,6.91,321101
2022-05-19,1471,1471.TW,上市,6.87,6.87,6.74,6.87,150000
2022-05-20,1471,1471.TW,上市,6.9,6.93,6.81,6.88,187115
2022-05-23,1471,1471.TW,上市,6.88,6.93,6.81,6.91,110030
2022-05-24,1471,1471.TW,上市,6.94,6.94,6.81,6.86,102000
2022-05-25,1471,1471.TW,上市,6.78,6.89,6.78,6.83,84170
2022-05-26,1471,1471.TW,上市,6.89,6.91,6.8,6.8,240608
2022-05-27,1471,1471.TW,上市,6.8,6.88,6.71,6.78,199150
2022-05-30,1471,1471.TW,上市,6.82,6.82,6.75,6.8,185574
2022-05-31,1471,1471.TW,上市,6.8,6.82,6.75,6.8,113826
2022-06-01,1471,1471.TW,上市,7.0,7.48,6.99,7.48,1278033
2022-06-02,1471,1471.TW,上市,7.52,8.2,7.52,8.17,4350543
2022-06-06,1471,1471.TW,上市,8.17,8.18,7.55,7.88,2017243
2022-06-07,1471,1471.TW,上市,7.79,7.86,7.52,7.86,1205100
2022-06-08,1471,1471.TW,上市,7.87,8.18,7.76,8.0,1241000
2022-06-09,1471,1471.TW,上市,7.82,7.93,7.74,7.77,743000
2022-06-10,1471,1471.TW,上市,7.89,8.54,7.82,8.54,3850608
2022-06-13,1471,1471.TW,上市,8.6,9.0,8.3,8.85,6149191
2022-06-14,1471,1471.TW,上市,8.6,8.7,8.22,8.43,2257992
2022-06-15,1471,1471.TW,上市,8.35,8.5,8.1,8.12,1532960
2022-06-16,1471,1471.TW,上市,8.21,8.5,7.7,7.82,1638000
2022-06-17,1471,1471.TW,上市,7.58,7.82,7.55,7.73,901159
2022-06-20,1471,1471.TW,上市,7.72,7.72,7.19,7.2,989463
2022-06-21,1471,1471.TW,上市,7.19,7.48,7.19,7.47,483101
2022-06-22,1471,1471.TW,上市,7.59,7.59,7.29,7.3,543013
2022-06-23,1471,1471.TW,上市,7.46,7.46,7.21,7.28,441157
2022-06-24,1471,1471.TW,上市,7.44,8.0,7.43,8.0,1429764
2022-06-27,1471,1471.TW,上市,7.88,8.44,7.73,8.18,1956300
2022-06-28,1471,1471.TW,上市,8.05,8.17,8.05,8.05,901585
2022-06-29,1471,1471.TW,上市,8.05,8.18,7.85,8.01,630000
2022-06-30,1471,1471.TW,上市,7.97,8.11,7.84,7.87,494000
2022-07-01,1471,1471.TW,上市,7.89,8.02,7.5,7.5,777304
2022-07-04,1471,1471.TW,上市,7.51,7.56,7.4,7.45,456072
2022-07-05,1471,1471.TW,上市,7.82,7.82,7.38,7.49,316139
2022-07-06,1471,1471.TW,上市,7.55,7.69,7.41,7.44,425919
2022-07-07,1471,1471.TW,上市,7.22,7.89,7.22,7.73,1096001
2022-07-08,1471,1471.TW,上市,7.72,7.98,7.5,7.55,611000
2022-07-11,1471,1471.TW,上市,7.55,7.78,7.55,7.65,277002
2022-07-12,1471,1471.TW,上市,7.56,7.57,7.37,7.4,457163
2022-07-13,1471,1471.TW,上市,7.42,7.66,7.42,7.5,257001
2022-07-14,1471,1471.TW,上市,7.57,7.63,7.49,7.54,461027
2022-07-15,1471,1471.TW,上市,7.56,7.74,7.47,7.59,452217
2022-07-18,1471,1471.TW,上市,7.59,7.88,7.59,7.88,396011
2022-07-19,1471,1471.TW,上市,7.84,8.2,7.81,7.98,853007
2022-07-20,1471,1471.TW,上市,8.12,8.12,7.97,8.1,1053004
2022-07-21,1471,1471.TW,上市,8.1,8.91,8.1,8.91,4888779
2022-07-22,1471,1471.TW,上市,8.92,9.8,8.7,9.8,12402189
2022-07-25,1471,1471.TW,上市,10.1,10.75,9.8,10.75,13699928
2022-07-26,1471,1471.TW,上市,10.4,10.45,9.68,9.8,9073368
2022-07-27,1471,1471.TW,上市,9.79,9.79,9.05,9.32,5632493
2022-07-28,1471,1471.TW,上市,9.41,10.25,9.4,10.25,9343998
2022-07-29,1471,1471.TW,上市,10.45,11.2,10.0,10.75,12605996
2022-08-01,1471,1471.TW,上市,10.5,10.55,10.05,10.25,4943313
2022-08-02,1471,1471.TW,上市,10.0,10.2,9.75,9.83,4309157
2022-08-03,1471,1471.TW,上市,9.85,10.3,9.85,9.94,3365496
2022-08-04,1471,1471.TW,上市,10.05,10.05,9.0,9.25,4831452
2022-08-05,1471,1471.TW,上市,9.35,9.68,9.29,9.38,2350164
2022-08-08,1471,1471.TW,上市,9.05,9.31,9.05,9.22,1664215
2022-08-09,1471,1471.TW,上市,9.49,10.1,9.39,10.1,5667812
2022-08-10,1471,1471.TW,上市,10.2,10.7,9.91,10.25,7073087
2022-08-11,1471,1471.TW,上市,10.0,10.15,9.8,9.83,4337874
2022-08-12,1471,1471.TW,上市,9.53,10.05,9.53,10.0,2658612
2022-08-15,1471,1471.TW,上市,9.99,10.05,9.71,9.85,2135100
2022-08-16,1471,1471.TW,上市,9.87,9.88,9.54,9.65,2472144
2022-08-17,1471,1471.TW,上市,9.68,9.74,9.3,9.34,2674811
2022-08-18,1471,1471.TW,上市,9.33,9.69,9.33,9.45,1775858
2022-08-19,1471,1471.TW,上市,9.43,9.55,9.26,9.34,1823710
2022-08-22,1471,1471.TW,上市,9.25,9.3,9.1,9.19,948000
2022-08-23,1471,1471.TW,上市,9.45,9.45,9.25,9.3,958004
2022-08-24,1471,1471.TW,上市,9.4,9.51,9.3,9.37,885478
2022-08-25,1471,1471.TW,上市,9.35,10.25,9.35,10.15,4131815
2022-08-26,1471,1471.TW,上市,9.98,10.1,9.7,9.75,2780222
2022-08-29,1471,1471.TW,上市,9.23,9.54,9.23,9.53,1282701
2022-08-30,1471,1471.TW,上市,9.55,9.78,9.4,9.55,975000
2022-08-31,1471,1471.TW,上市,9.57,9.57,9.44,9.46,941731
2022-09-01,1471,1471.TW,上市,9.5,9.53,9.3,9.3,966100
2022-09-02,1471,1471.TW,上市,9.32,9.58,9.26,9.42,869999
2022-09-05,1471,1471.TW,上市,9.39,9.42,9.15,9.17,724597
2022-09-06,1471,1471.TW,上市,9.18,9.28,9.0,9.02,928908
2022-09-07,1471,1471.TW,上市,9.0,9.0,8.71,8.88,921600
2022-09-08,1471,1471.TW,上市,8.92,9.13,8.92,9.0,612998
2022-09-12,1471,1471.TW,上市,9.17,9.21,9.05,9.05,600360
2022-09-13,1471,1471.TW,上市,9.18,9.28,9.04,9.04,566100
2022-09-14,1471,1471.TW,上市,8.88,9.0,8.8,8.96,484165
2022-09-15,1471,1471.TW,上市,8.96,9.2,8.96,9.03,468016
2022-09-16,1471,1471.TW,上市,9.0,9.02,8.84,8.9,461259
2022-09-19,1471,1471.TW,上市,8.9,8.96,8.64,8.64,646772
2022-09-20,1471,1471.TW,上市,8.64,8.88,8.42,8.5,935557
2022-09-21,1471,1471.TW,上市,8.4,8.4,8.1,8.24,964500
2022-09-22,1471,1471.TW,上市,8.2,8.43,8.09,8.31,470601
2022-09-23,1471,1471.TW,上市,8.3,8.3,8.0,8.06,795001
2022-09-26,1471,1471.TW,上市,8.01,8.01,7.5,7.63,907047
2022-09-27,1471,1471.TW,上市,7.63,8.05,7.58,8.05,1020345
2022-09-28,1471,1471.TW,上市,8.09,8.09,7.5,7.52,825172
2022-09-29,1471,1471.TW,上市,7.57,7.77,7.51,7.56,718201
2022-09-30,1471,1471.TW,上市,7.46,7.65,7.15,7.65,518000
2022-10-03,1471,1471.TW,上市,7.5,7.66,7.41,7.53,262000
2022-10-04,1471,1471.TW,上市,7.71,7.73,7.58,7.67,398001
2022-10-05,1471,1471.TW,上市,7.74,7.8,7.6,7.61,561452
2022-10-06,1471,1471.TW,上市,7.6,7.75,7.55,7.64,171613
2022-10-07,1471,1471.TW,上市,7.6,7.69,7.52,7.54,174007
2022-10-11,1471,1471.TW,上市,7.5,7.5,7.15,7.2,605001
2022-10-12,1471,1471.TW,上市,7.04,7.41,7.03,7.25,398392
2022-10-13,1471,1471.TW,上市,7.25,7.38,6.97,7.0,675885
2022-10-14,1471,1471.TW,上市,7.15,7.29,7.15,7.2,473358
2022-10-17,1471,1471.TW,上市,7.11,7.11,6.8,7.01,637236
2022-10-18,1471,1471.TW,上市,7.1,7.26,7.1,7.2,306124
2022-10-19,1471,1471.TW,上市,7.16,7.35,7.03,7.03,422010
2022-10-20,1471,1471.TW,上市,7.17,7.18,7.01,7.06,499514
2022-10-21,1471,1471.TW,上市,7.09,7.19,6.92,6.92,421005
2022-10-24,1471,1471.TW,上市,7.13,7.23,7.02,7.07,274044
2022-10-25,1471,1471.TW,上市,7.17,7.18,6.93,7.0,354788
2022-10-26,1471,1471.TW,上市,7.01,7.09,6.97,7.0,243001
2022-10-27,1471,1471.TW,上市,7.1,7.12,7.06,7.07,330109
2022-10-28,1471,1471.TW,上市,7.07,7.07,6.95,6.97,264002
2022-10-31,1471,1471.TW,上市,7.05,7.12,7.05,7.12,207260
2022-11-01,1471,1471.TW,上市,7.14,7.26,7.1,7.24,363067
2022-11-02,1471,1471.TW,上市,7.24,7.58,7.24,7.53,572345
2022-11-03,1471,1471.TW,上市,7.4,7.49,7.35,7.4,327187
2022-11-04,1471,1471.TW,上市,7.4,7.53,7.36,7.52,313623
2022-11-07,1471,1471.TW,上市,7.54,7.67,7.5,7.62,322084
2022-11-08,1471,1471.TW,上市,7.7,8.1,7.7,7.72,701153
2022-11-09,1471,1471.TW,上市,7.73,7.85,7.6,7.63,457415
2022-11-10,1471,1471.TW,上市,7.62,7.71,7.6,7.64,219000
2022-11-11,1471,1471.TW,上市,7.79,7.85,7.6,7.7,446022
2022-11-14,1471,1471.TW,上市,7.54,7.7,7.54,7.7,250102
2022-11-15,1471,1471.TW,上市,7.64,7.74,7.61,7.72,308443
2022-11-16,1471,1471.TW,上市,7.83,7.85,7.74,7.76,528000
2022-11-17,1471,1471.TW,上市,7.76,7.88,7.75,7.82,340000
2022-11-18,1471,1471.TW,上市,7.84,8.0,7.78,7.81,501007
2022-11-21,1471,1471.TW,上市,7.73,7.73,7.5,7.55,800174
2022-11-22,1471,1471.TW,上市,7.6,7.6,7.48,7.55,246499
2022-11-23,1471,1471.TW,上市,7.59,7.66,7.51,7.51,246262
2022-11-24,1471,1471.TW,上市,7.65,7.89,7.48,7.8,691546
2022-11-25,1471,1471.TW,上市,7.85,7.94,7.78,7.78,636443
2022-11-28,1471,1471.TW,上市,7.78,7.87,7.7,7.82,270900
2022-11-29,1471,1471.TW,上市,7.8,7.86,7.75,7.86,286129
2022-11-30,1471,1471.TW,上市,8.0,8.5,8.0,8.12,1450993
2022-12-01,1471,1471.TW,上市,8.08,8.18,8.01,8.05,851279
2022-12-02,1471,1471.TW,上市,8.08,8.3,8.08,8.22,1084923
2022-12-05,1471,1471.TW,上市,8.18,8.3,8.18,8.28,467967
2022-12-06,1471,1471.TW,上市,8.27,8.31,8.05,8.09,382002
2022-12-07,1471,1471.TW,上市,8.09,8.15,7.92,8.09,396034
2022-12-08,1471,1471.TW,上市,8.09,8.13,7.98,8.04,182367
2022-12-09,1471,1471.TW,上市,8.25,8.25,8.0,8.0,325001
2022-12-12,1471,1471.TW,上市,8.0,8.04,7.96,7.96,145721
2022-12-13,1471,1471.TW,上市,8.14,8.14,7.96,8.0,259721
2022-12-14,1471,1471.TW,上市,8.0,8.42,8.0,8.16,734181
2022-12-15,1471,1471.TW,上市,8.1,8.18,8.06,8.11,389132
2022-12-16,1471,1471.TW,上市,8.11,8.11,7.94,7.99,506955
2022-12-19,1471,1471.TW,上市,7.98,8.11,7.94,7.95,169399
2022-12-20,1471,1471.TW,上市,7.95,8.03,7.56,7.7,464100
2022-12-21,1471,1471.TW,上市,7.7,7.82,7.69,7.71,261230
2022-12-22,1471,1471.TW,上市,7.76,7.79,7.68,7.71,117098
2022-12-23,1471,1471.TW,上市,7.71,7.75,7.64,7.71,168000
2022-12-26,1471,1471.TW,上市,7.71,7.76,7.68,7.72,110166
2022-12-27,1471,1471.TW,上市,7.73,7.78,7.68,7.72,124165
2022-12-28,1471,1471.TW,上市,7.69,7.72,7.6,7.62,184007
2022-12-29,1471,1471.TW,上市,7.6,7.63,7.45,7.62,144859
2022-12-30,1471,1471.TW,上市,7.66,7.74,7.63,7.65,90262
2023-01-03,1471,1471.TW,上市,7.65,7.68,7.59,7.66,127548
2023-01-04,1471,1471.TW,上市,7.62,7.69,7.6,7.66,97004
2023-01-05,1471,1471.TW,上市,7.66,7.66,7.61,7.65,155006
2023-01-06,1471,1471.TW,上市,7.7,7.7,7.65,7.67,68344
2023-01-09,1471,1471.TW,上市,7.68,7.82,7.68,7.79,221684
2023-01-10,1471,1471.TW,上市,7.79,7.79,7.59,7.68,190005
2023-01-11,1471,1471.TW,上市,7.77,7.82,7.63,7.68,95158
2023-01-12,1471,1471.TW,上市,7.82,7.82,7.68,7.68,220609
2023-01-13,1471,1471.TW,上市,7.78,7.78,7.6,7.63,179000
2023-01-16,1471,1471.TW,上市,7.61,7.69,7.59,7.61,188278
2023-01-17,1471,1471.TW,上市,7.69,7.69,7.59,7.67,188740
2023-01-30,1471,1471.TW,上市,7.74,7.75,7.68,7.74,144752
2023-01-31,1471,1471.TW,上市,7.7,7.78,7.7,7.74,167009
2023-02-01,1471,1471.TW,上市,7.81,8.05,7.75,8.0,855512
2023-02-02,1471,1471.TW,上市,7.99,8.0,7.88,7.93,284010
2023-02-03,1471,1471.TW,上市,7.95,7.95,7.85,7.87,217010
2023-02-06,1471,1471.TW,上市,7.87,7.92,7.78,7.87,273124
2023-02-07,1471,1471.TW,上市,7.94,7.94,7.83,7.9,70443
2023-02-08,1471,1471.TW,上市,7.91,7.94,7.8,7.84,219229
2023-02-09,1471,1471.TW,上市,7.85,7.85,7.74,7.75,339648
2023-02-10,1471,1471.TW,上市,7.75,7.82,7.71,7.76,285355
2023-02-13,1471,1471.TW,上市,7.76,7.8,7.68,7.77,210006
2023-02-14,1471,1471.TW,上市,7.77,7.82,7.76,7.78,190009
2023-02-15,1471,1471.TW,上市,7.8,7.81,7.71,7.78,145267
2023-02-16,1471,1471.TW,上市,7.8,7.82,7.71,7.77,311002
2023-02-17,1471,1471.TW,上市,7.8,7.8,7.71,7.79,131170
2023-02-20,1471,1471.TW,上市,7.88,7.9,7.77,7.82,405174
2023-02-21,1471,1471.TW,上市,7.9,7.9,7.81,7.84,252901
2023-02-22,1471,1471.TW,上市,7.83,7.83,7.73,7.77,119798
2023-02-23,1471,1471.TW,上市,7.77,7.9,7.77,7.89,540285
2023-02-24,1471,1471.TW,上市,7.89,8.0,7.84,7.88,581177
2023-03-01,1471,1471.TW,上市,7.88,7.98,7.86,7.9,470100
2023-03-02,1471,1471.TW,上市,7.9,7.96,7.89,7.94,345006
2023-03-03,1471,1471.TW,上市,7.95,7.95,7.86,7.9,232955
2023-03-06,1471,1471.TW,上市,7.9,7.94,7.87,7.92,277009
2023-03-07,1471,1471.TW,上市,7.94,8.29,7.89,8.23,709419
2023-03-08,1471,1471.TW,上市,8.13,8.19,8.05,8.15,414388
2023-03-09,1471,1471.TW,上市,8.17,8.2,8.04,8.05,383007
2023-03-10,1471,1471.TW,上市,7.98,8.04,7.83,7.92,580144
2023-03-13,1471,1471.TW,上市,7.85,8.0,7.75,7.86,433901
2023-03-14,1471,1471.TW,上市,7.8,7.91,7.78,7.89,168250
2023-03-15,1471,1471.TW,上市,7.91,7.95,7.83,7.85,138172
2023-03-16,1471,1471.TW,上市,7.83,7.85,7.66,7.71,308002
2023-03-17,1471,1471.TW,上市,7.7,7.85,7.7,7.82,219014
2023-03-20,1471,1471.TW,上市,7.79,7.82,7.74,7.8,223723
2023-03-21,1471,1471.TW,上市,7.82,7.95,7.76,7.92,284116
2023-03-22,1471,1471.TW,上市,7.98,8.25,7.95,8.06,1128466
2023-03-23,1471,1471.TW,上市,8.11,8.18,8.0,8.05,590773
2023-03-24,1471,1471.TW,上市,8.1,8.16,7.95,8.07,500295
2023-03-27,1471,1471.TW,上市,8.11,8.15,8.03,8.09,516483
2023-03-28,1471,1471.TW,上市,8.14,8.15,8.03,8.1,455536
2023-03-29,1471,1471.TW,上市,8.12,8.16,8.08,8.13,339910
2023-03-30,1471,1471.TW,上市,8.15,8.15,8.04,8.06,605879
2023-03-31,1471,1471.TW,上市,7.98,7.98,7.75,7.88,1401713
2023-04-06,1471,1471.TW,上市,7.88,7.98,7.88,7.96,364003
2023-04-07,1471,1471.TW,上市,7.96,7.99,7.91,7.98,373128
2023-04-10,1471,1471.TW,上市,7.99,8.02,7.88,7.97,340502
2023-04-11,1471,1471.TW,上市,8.08,8.08,7.97,7.97,275704
2023-04-12,1471,1471.TW,上市,7.98,8.2,7.96,8.17,793552
2023-04-13,1471,1471.TW,上市,8.3,8.46,8.17,8.18,1899055
2023-04-14,1471,1471.TW,上市,8.26,8.99,8.22,8.99,5604083
2023-04-17,1471,1471.TW,上市,9.19,9.88,9.19,9.88,6640000
2023-04-18,1471,1471.TW,上市,10.5,10.8,9.33,9.39,14849330
2023-04-19,1471,1471.TW,上市,9.41,10.3,9.41,9.95,13502578
2023-04-20,1471,1471.TW,上市,9.98,10.4,9.98,10.0,7792201
2023-04-21,1471,1471.TW,上市,9.91,10.15,9.21,9.21,5255910
2023-04-24,1471,1471.TW,上市,9.11,9.46,9.11,9.2,2071783
2023-04-25,1471,1471.TW,上市,9.27,9.37,8.72,8.86,2683308
2023-04-26,1471,1471.TW,上市,9.09,9.74,8.88,9.74,5390380
2023-04-27,1471,1471.TW,上市,10.1,10.45,9.88,9.92,10685754
2023-04-28,1471,1471.TW,上市,9.98,10.25,9.75,9.77,4912268
2023-05-02,1471,1471.TW,上市,9.84,10.1,9.79,10.0,3246600
2023-05-03,1471,1471.TW,上市,10.1,10.25,9.93,9.93,2684870
2023-05-04,1471,1471.TW,上市,9.95,10.05,9.72,9.77,2078375
2023-05-05,1471,1471.TW,上市,9.85,9.85,9.38,9.43,2243424
2023-05-08,1471,1471.TW,上市,9.52,9.68,9.44,9.44,1155245
2023-05-09,1471,1471.TW,上市,9.49,9.57,9.27,9.28,1063200
2023-05-10,1471,1471.TW,上市,9.29,9.61,9.29,9.37,1032263
2023-05-11,1471,1471.TW,上市,9.4,9.4,8.96,9.0,2333090
2023-05-12,1471,1471.TW,上市,9.0,9.24,8.9,9.2,1122157
2023-05-15,1471,1471.TW,上市,9.21,9.21,9.0,9.01,951099
2023-05-16,1471,1471.TW,上市,9.06,9.25,8.96,8.97,1662341
2023-05-17,1471,1471.TW,上市,8.83,9.03,8.73,9.0,1368249
2023-05-18,1471,1471.TW,上市,9.09,9.38,9.08,9.08,1459000
2023-05-19,1471,1471.TW,上市,9.16,9.18,9.02,9.04,677001
2023-05-22,1471,1471.TW,上市,9.04,9.3,9.04,9.15,1093712
2023-05-23,1471,1471.TW,上市,9.15,9.34,9.11,9.26,1011470
2023-05-24,1471,1471.TW,上市,9.32,9.32,9.19,9.29,651348
2023-05-25,1471,1471.TW,上市,9.3,9.31,9.15,9.17,745180
2023-05-26,1471,1471.TW,上市,9.29,9.29,9.0,9.01,1016409
2023-05-29,1471,1471.TW,上市,9.05,9.26,9.05,9.12,686617
2023-05-30,1471,1471.TW,上市,9.17,9.17,9.0,9.05,541073
2023-05-31,1471,1471.TW,上市,9.12,9.15,9.06,9.12,430568
2023-06-01,1471,1471.TW,上市,9.12,9.17,9.1,9.14,459932
2023-06-02,1471,1471.TW,上市,9.27,9.8,9.19,9.58,2001175
2023-06-05,1471,1471.TW,上市,9.66,9.67,9.5,9.58,1878900
2023-06-06,1471,1471.TW,上市,9.6,9.61,9.38,9.42,1207226
2023-06-07,1471,1471.TW,上市,9.45,9.78,9.39,9.68,1930999
2023-06-08,1471,1471.TW,上市,9.67,9.67,9.43,9.46,1233910
2023-06-09,1471,1471.TW,上市,9.45,9.52,9.35,9.35,815887
2023-06-12,1471,1471.TW,上市,9.41,9.5,9.27,9.45,723542
2023-06-13,1471,1471.TW,上市,9.45,9.6,9.35,9.55,1558924
2023-06-14,1471,1471.TW,上市,9.55,9.98,9.55,9.98,3372462
2023-06-15,1471,1471.TW,上市,10.1,10.1,9.72,9.73,2283157
2023-06-16,1471,1471.TW,上市,9.68,10.15,9.68,10.0,2264500
2023-06-19,1471,1471.TW,上市,10.2,11.0,10.15,11.0,10583753
2023-06-20,1471,1471.TW,上市,10.95,12.05,10.35,11.8,13247877
2023-06-21,1471,1471.TW,上市,11.75,12.95,11.35,12.95,19424320
2023-06-26,1471,1471.TW,上市,13.55,14.2,13.45,14.2,17291461
2023-06-27,1471,1471.TW,上市,14.6,15.0,13.55,14.2,29582197
2023-06-28,1471,1471.TW,上市,14.0,14.15,13.45,13.85,11439462
2023-06-29,1471,1471.TW,上市,13.8,13.8,12.9,13.2,6367336
2023-06-30,1471,1471.TW,上市,13.4,13.8,13.2,13.65,3430119
2023-07-03,1471,1471.TW,上市,13.8,14.9,13.8,14.85,8454213
2023-07-04,1471,1471.TW,上市,14.65,14.8,14.4,14.8,6315777
2023-07-05,1471,1471.TW,上市,16.0,16.25,16.0,16.25,9597018
2023-07-06,1471,1471.TW,上市,16.9,17.85,16.35,17.799999,14821094
2023-07-07,1471,1471.TW,上市,17.0,19.450001,16.75,18.4,8910885
2023-07-10,1471,1471.TW,上市,18.799999,19.299999,18.0,18.200001,5920858
2023-07-11,1471,1471.TW,上市,16.5,17.65,16.5,16.6,7019399
2023-07-12,1471,1471.TW,上市,16.6,17.9,16.5,17.75,5469662
2023-07-13,1471,1471.TW,上市,17.950001,19.35,17.75,18.0,10888677
2023-07-14,1471,1471.TW,上市,17.299999,17.5,16.200001,16.700001,10031924
2023-07-17,1471,1471.TW,上市,16.6,16.799999,15.3,15.6,10849066
2023-07-18,1471,1471.TW,上市,15.65,16.35,15.25,15.75,7810730
2023-07-19,1471,1471.TW,上市,15.6,15.7,14.25,14.55,9000146
2023-07-20,1471,1471.TW,上市,14.55,15.7,14.55,15.5,4778924
2023-07-21,1471,1471.TW,上市,15.0,15.7,14.9,15.15,3078928
2023-07-24,1471,1471.TW,上市,14.85,14.95,13.65,14.0,5540183
2023-07-25,1471,1471.TW,上市,14.8,15.4,14.5,15.4,3634536
2023-07-26,1471,1471.TW,上市,15.85,16.799999,15.55,16.6,12477380
2023-07-27,1471,1471.TW,上市,16.1,16.5,15.65,16.049999,6131513
2023-07-28,1471,1471.TW,上市,15.9,16.1,15.05,15.15,4525754
2023-07-31,1471,1471.TW,上市,15.4,16.0,14.75,14.8,4232013
2023-08-01,1471,1471.TW,上市,14.9,15.15,14.45,14.6,2683334
2023-08-02,1471,1471.TW,上市,14.6,14.75,13.85,14.0,3601077
2023-08-04,1471,1471.TW,上市,14.0,14.3,13.75,14.15,1479617
2023-08-07,1471,1471.TW,上市,14.3,14.4,13.9,14.4,1348055
2023-08-08,1471,1471.TW,上市,14.2,14.4,13.95,14.05,1361224
2023-08-09,1471,1471.TW,上市,14.05,14.05,13.2,13.5,2306482
2023-08-10,1471,1471.TW,上市,13.5,13.85,12.5,13.1,2549381
2023-08-11,1471,1471.TW,上市,13.2,13.5,12.7,12.85,2278722
2023-08-14,1471,1471.TW,上市,12.85,13.1,12.2,12.9,2331000
2023-08-15,1471,1471.TW,上市,13.05,14.05,12.8,13.85,4039799
2023-08-16,1471,1471.TW,上市,13.3,15.2,13.3,15.2,7330515
2023-08-17,1471,1471.TW,上市,15.0,16.35,15.0,15.75,11692204
2023-08-18,1471,1471.TW,上市,15.65,16.9,15.45,16.25,13469626
2023-08-21,1471,1471.TW,上市,16.15,17.0,15.8,17.0,12045183
2023-08-22,1471,1471.TW,上市,17.049999,18.700001,16.85,18.5,19857087
2023-08-23,1471,1471.TW,上市,18.5,19.950001,17.6,18.700001,21072479
2023-08-24,1471,1471.TW,上市,19.5,19.6,18.1,18.35,15557407
2023-08-25,1471,1471.TW,上市,18.0,19.1,17.950001,18.799999,11071021
2023-08-28,1471,1471.TW,上市,19.200001,20.65,18.799999,20.65,19052067
2023-08-29,1471,1471.TW,上市,20.4,21.25,19.299999,19.950001,18728617
2023-08-30,1471,1471.TW,上市,20.1,21.0,19.65,20.799999,11791910
2023-08-31,1471,1471.TW,上市,20.5,20.9,18.75,19.4,13268344
2023-09-01,1471,1471.TW,上市,19.1,19.1,17.799999,17.799999,13909515
2023-09-04,1471,1471.TW,上市,18.15,18.799999,18.0,18.0,5497354
2023-09-05,1471,1471.TW,上市,17.6,19.5,17.200001,19.15,9675149
2023-09-06,1471,1471.TW,上市,19.0,19.65,18.85,19.0,9560118
2023-09-07,1471,1471.TW,上市,18.700001,19.799999,18.700001,19.799999,10199283
2023-09-08,1471,1471.TW,上市,19.6,21.5,19.6,21.5,20174485
2023-09-11,1471,1471.TW,上市,22.950001,23.65,22.200001,23.65,25002635
2023-09-12,1471,1471.TW,上市,22.450001,23.1,21.299999,21.35,21750812
2023-09-13,1471,1471.TW,上市,20.5,20.9,19.799999,20.15,11044307
2023-09-14,1471,1471.TW,上市,20.299999,20.799999,20.049999,20.25,6545019
2023-09-15,1471,1471.TW,上市,20.200001,20.4,19.6,19.799999,6091304
2023-09-18,1471,1471.TW,上市,19.450001,20.799999,18.75,20.0,5558228
2023-09-19,1471,1471.TW,上市,19.65,20.1,18.799999,18.9,6150240
2023-09-20,1471,1471.TW,上市,19.0,19.5,18.85,18.9,3422000
2023-09-21,1471,1471.TW,上市,18.950001,19.65,18.75,19.35,3155061
2023-09-22,1471,1471.TW,上市,19.0,19.549999,18.950001,19.15,2288390
2023-09-25,1471,1471.TW,上市,19.15,19.450001,19.0,19.0,1927298
2023-09-26,1471,1471.TW,上市,19.200001,20.299999,19.15,20.299999,6591681
2023-09-27,1471,1471.TW,上市,20.0,20.15,19.6,19.6,4230010
2023-09-28,1471,1471.TW,上市,19.700001,21.299999,19.700001,21.1,9680314
2023-10-02,1471,1471.TW,上市,21.1,22.0,20.65,21.200001,8451185
2023-10-03,1471,1471.TW,上市,21.450001,21.450001,20.200001,20.200001,5330913
2023-10-04,1471,1471.TW,上市,19.799999,20.700001,19.65,20.450001,3090227
2023-10-05,1471,1471.TW,上市,20.4,20.75,20.1,20.1,2916024
2023-10-06,1471,1471.TW,上市,20.15,20.5,19.85,20.049999,2896488
2023-10-11,1471,1471.TW,上市,19.049999,19.5,18.65,18.700001,6336644
2023-10-12,1471,1471.TW,上市,18.65,19.200001,18.65,18.9,2179551
2023-10-13,1471,1471.TW,上市,19.0,19.25,18.65,18.700001,2162037
2023-10-16,1471,1471.TW,上市,18.4,18.5,17.6,17.950001,3467867
2023-10-17,1471,1471.TW,上市,18.200001,19.700001,18.15,19.700001,6851517
2023-10-18,1471,1471.TW,上市,19.65,20.9,19.35,20.200001,8790877
2023-10-19,1471,1471.TW,上市,19.700001,20.200001,19.049999,19.1,4262750
2023-10-20,1471,1471.TW,上市,18.799999,19.6,18.35,19.0,2945202
2023-10-23,1471,1471.TW,上市,18.65,19.299999,18.65,18.799999,1648547
2023-10-24,1471,1471.TW,上市,18.799999,19.15,18.549999,18.799999,2200279
2023-10-25,1471,1471.TW,上市,18.85,19.5,18.700001,18.799999,3371426
2023-10-26,1471,1471.TW,上市,18.799999,19.049999,18.25,18.65,1742986
2023-10-27,1471,1471.TW,上市,18.6,19.049999,18.4,18.5,1839554
2023-10-30,1471,1471.TW,上市,18.5,18.799999,18.0,18.049999,2462599
2023-10-31,1471,1471.TW,上市,18.950001,18.950001,17.75,17.950001,2520352
2023-11-01,1471,1471.TW,上市,18.1,18.299999,17.75,17.85,1509817
2023-11-02,1471,1471.TW,上市,18.299999,18.450001,18.0,18.200001,1701698
2023-11-03,1471,1471.TW,上市,18.6,18.6,17.799999,17.9,1762328
2023-11-06,1471,1471.TW,上市,17.799999,18.5,17.799999,18.299999,1823670
2023-11-07,1471,1471.TW,上市,18.4,18.4,18.0,18.049999,1022780
2023-11-08,1471,1471.TW,上市,18.200001,19.200001,18.049999,18.700001,3620602
2023-11-09,1471,1471.TW,上市,18.700001,18.700001,18.1,18.15,2041009
2023-11-10,1471,1471.TW,上市,18.200001,18.299999,18.0,18.0,980098
2023-11-13,1471,1471.TW,上市,18.0,18.25,17.85,17.9,1250706
2023-11-14,1471,1471.TW,上市,18.25,18.6,18.0,18.1,1313164
2023-11-15,1471,1471.TW,上市,18.35,18.35,17.950001,18.0,1471808
2023-11-16,1471,1471.TW,上市,17.799999,18.1,17.799999,17.950001,1627444
2023-11-17,1471,1471.TW,上市,18.0,18.15,17.9,18.049999,1263078
2023-11-20,1471,1471.TW,上市,18.200001,18.35,17.85,18.1,1703447
2023-11-21,1471,1471.TW,上市,18.200001,18.5,18.200001,18.200001,2396286
2023-11-22,1471,1471.TW,上市,18.4,18.5,18.200001,18.299999,1584375
2023-11-23,1471,1471.TW,上市,18.299999,20.0,18.299999,19.950001,9272504
2023-11-24,1471,1471.TW,上市,19.299999,19.5,18.5,18.65,6216483
2023-11-27,1471,1471.TW,上市,18.6,18.6,18.049999,18.049999,2580407
2023-11-28,1471,1471.TW,上市,18.15,18.450001,18.1,18.35,1101269
2023-11-29,1471,1471.TW,上市,18.6,18.6,18.200001,18.35,1375991
2023-11-30,1471,1471.TW,上市,18.4,18.5,18.25,18.299999,796506
2023-12-01,1471,1471.TW,上市,18.35,18.65,18.15,18.5,1980905
2023-12-04,1471,1471.TW,上市,18.65,18.65,18.1,18.15,1599257
2023-12-05,1471,1471.TW,上市,18.25,18.25,17.950001,18.0,1233001
2023-12-06,1471,1471.TW,上市,18.15,18.200001,18.0,18.049999,922939
2023-12-07,1471,1471.TW,上市,18.1,18.25,18.0,18.0,1044056
2023-12-08,1471,1471.TW,上市,18.25,18.25,18.0,18.1,867780
2023-12-11,1471,1471.TW,上市,18.25,19.049999,18.1,18.75,4104938
2023-12-12,1471,1471.TW,上市,18.5,18.700001,18.1,18.1,2115296
2023-12-13,1471,1471.TW,上市,18.15,18.35,18.049999,18.1,1427002
2023-12-14,1471,1471.TW,上市,18.200001,18.25,18.0,18.049999,1215381
2023-12-15,1471,1471.TW,上市,18.15,18.15,18.0,18.0,1144561
2023-12-18,1471,1471.TW,上市,18.0,18.15,17.85,17.85,1105734
2023-12-19,1471,1471.TW,上市,17.9,17.9,16.9,17.35,2638433
2023-12-20,1471,1471.TW,上市,17.75,17.75,17.200001,17.450001,766881
2023-12-21,1471,1471.TW,上市,17.4,17.4,17.1,17.200001,878569
2023-12-22,1471,1471.TW,上市,17.450001,17.450001,17.1,17.15,793456
2023-12-25,1471,1471.TW,上市,17.299999,17.299999,16.700001,16.700001,1763879
2023-12-26,1471,1471.TW,上市,17.0,17.25,16.85,17.200001,858019
2023-12-27,1471,1471.TW,上市,17.200001,17.200001,16.85,16.950001,726025
2023-12-28,1471,1471.TW,上市,17.049999,17.049999,16.75,16.9,941024
2023-12-29,1471,1471.TW,上市,16.85,17.049999,16.85,16.9,678835
2024-01-02,1471,1471.TW,上市,17.049999,17.049999,16.700001,16.75,748200
2024-01-03,1471,1471.TW,上市,16.75,16.75,16.200001,16.4,1648008
2024-01-04,1471,1471.TW,上市,16.299999,16.450001,16.0,16.0,1158575
2024-01-05,1471,1471.TW,上市,16.0,16.700001,15.95,16.4,1247057
2024-01-08,1471,1471.TW,上市,16.35,16.4,16.049999,16.15,758002
2024-01-09,1471,1471.TW,上市,16.299999,16.299999,15.6,15.7,1266226
2024-01-10,1471,1471.TW,上市,15.6,15.95,15.2,15.4,1249630
2024-01-11,1471,1471.TW,上市,15.4,15.7,15.15,15.55,1362634
2024-01-12,1471,1471.TW,上市,15.55,15.55,15.0,15.05,1119331
2024-01-15,1471,1471.TW,上市,15.05,15.65,15.05,15.6,1051007
2024-01-16,1471,1471.TW,上市,15.55,15.55,15.1,15.15,817299
2024-01-17,1471,1471.TW,上市,15.05,15.4,14.85,14.85,1083915
2024-01-18,1471,1471.TW,上市,15.0,15.3,14.6,14.9,726758
2024-01-19,1471,1471.TW,上市,15.1,15.1,14.65,14.9,932005
2024-01-22,1471,1471.TW,上市,14.8,16.35,14.8,16.35,3256577
2024-01-23,1471,1471.TW,上市,16.299999,17.6,16.0,17.0,5930499
2024-01-24,1471,1471.TW,上市,16.799999,16.799999,16.25,16.5,2376200
2024-01-25,1471,1471.TW,上市,16.5,16.950001,16.299999,16.450001,1460944
2024-01-26,1471,1471.TW,上市,16.450001,16.450001,15.85,15.85,1280358
2024-01-29,1471,1471.TW,上市,15.9,16.25,15.9,16.15,666226
2024-01-30,1471,1471.TW,上市,16.15,16.200001,15.8,15.8,734375
2024-01-31,1471,1471.TW,上市,15.75,15.75,15.5,15.55,764502
2024-02-01,1471,1471.TW,上市,15.5,15.8,15.4,15.6,544370
2024-02-02,1471,1471.TW,上市,15.6,15.65,15.2,15.25,811854
2024-02-05,1471,1471.TW,上市,15.2,15.65,15.0,15.5,685715
2024-02-15,1471,1471.TW,上市,15.9,16.25,15.5,15.85,1141964
2024-02-16,1471,1471.TW,上市,16.15,17.299999,15.8,16.700001,2237992
2024-02-19,1471,1471.TW,上市,16.700001,17.549999,16.25,17.0,3342206
2024-02-20,1471,1471.TW,上市,17.1,17.950001,16.85,17.35,3632868
2024-02-21,1471,1471.TW,上市,17.35,17.4,16.9,16.950001,1923640
2024-02-22,1471,1471.TW,上市,17.25,17.25,16.65,16.799999,1252575
2024-02-23,1471,1471.TW,上市,17.25,17.25,16.15,16.299999,1850624
2024-02-26,1471,1471.TW,上市,16.25,17.75,16.25,17.200001,3122910
2024-02-27,1471,1471.TW,上市,17.0,17.200001,16.549999,16.65,1698916
2024-02-29,1471,1471.TW,上市,16.6,16.6,16.299999,16.299999,1199972
2024-03-01,1471,1471.TW,上市,16.4,16.4,16.200001,16.299999,703268
2024-03-04,1471,1471.TW,上市,16.299999,16.85,16.299999,16.549999,1226060
2024-03-05,1471,1471.TW,上市,16.549999,16.85,16.299999,16.6,1352129
2024-03-06,1471,1471.TW,上市,16.65,18.25,16.35,18.25,11665335
2024-03-07,1471,1471.TW,上市,18.700001,19.25,17.299999,17.6,11167448
2024-03-08,1471,1471.TW,上市,17.299999,17.35,16.5,16.6,3824559
2024-03-11,1471,1471.TW,上市,16.0,16.549999,16.0,16.25,1660044
2024-03-12,1471,1471.TW,上市,16.4,17.85,16.25,17.5,3952526
2024-03-13,1471,1471.TW,上市,17.5,17.65,16.75,16.75,2316965
2024-03-14,1471,1471.TW,上市,17.0,17.0,16.450001,16.6,1025215
2024-03-15,1471,1471.TW,上市,16.9,17.799999,16.6,16.950001,2002021
2024-03-18,1471,1471.TW,上市,16.950001,17.049999,16.65,16.65,1180857
2024-03-19,1471,1471.TW,上市,16.65,16.9,16.5,16.65,860224
2024-03-20,1471,1471.TW,上市,16.700001,16.700001,16.4,16.450001,1075670
2024-03-21,1471,1471.TW,上市,16.6,16.6,16.4,16.549999,832345
2024-03-22,1471,1471.TW,上市,16.700001,16.700001,16.5,16.549999,670493
2024-03-25,1471,1471.TW,上市,16.6,16.700001,16.4,16.450001,808568
2024-03-26,1471,1471.TW,上市,16.450001,16.450001,15.9,15.95,1691018
2024-03-27,1471,1471.TW,上市,15.95,16.700001,15.8,16.6,1049210
2024-03-28,1471,1471.TW,上市,16.549999,16.700001,16.200001,16.200001,749450
2024-03-29,1471,1471.TW,上市,16.4,16.4,16.1,16.15,398000
2024-04-01,1471,1471.TW,上市,16.15,16.450001,16.15,16.15,349174
2024-04-02,1471,1471.TW,上市,16.15,16.299999,16.049999,16.1,401679
2024-04-03,1471,1471.TW,上市,16.049999,16.1,15.85,16.0,428061
2024-04-08,1471,1471.TW,上市,16.1,16.35,16.0,16.049999,941379
2024-04-09,1471,1471.TW,上市,16.049999,16.15,15.95,16.0,694498
2024-04-10,1471,1471.TW,上市,16.0,16.200001,15.95,15.95,659742
2024-04-11,1471,1471.TW,上市,16.15,16.25,15.9,15.9,939054
2024-04-12,1471,1471.TW,上市,15.9,15.95,15.7,15.9,1154071
2024-04-15,1471,1471.TW,上市,15.95,15.95,15.55,15.6,617029
2024-04-16,1471,1471.TW,上市,15.55,15.55,14.9,15.0,1224399
2024-04-17,1471,1471.TW,上市,15.0,15.3,15.0,15.2,410503
2024-04-18,1471,1471.TW,上市,15.1,15.4,14.95,15.25,555287
2024-04-19,1471,1471.TW,上市,15.1,15.1,14.6,14.7,1211005
2024-04-22,1471,1471.TW,上市,14.55,15.15,14.45,14.45,864781
2024-04-23,1471,1471.TW,上市,14.65,14.9,14.25,14.8,561752
2024-04-24,1471,1471.TW,上市,14.85,15.0,14.75,14.9,539096
2024-04-25,1471,1471.TW,上市,14.9,15.1,14.7,14.8,308317
2024-04-26,1471,1471.TW,上市,14.75,14.9,14.4,14.65,584001
2024-04-29,1471,1471.TW,上市,14.55,15.3,14.55,15.15,934228
2024-04-30,1471,1471.TW,上市,15.25,15.3,14.9,14.95,428269
2024-05-02,1471,1471.TW,上市,14.9,15.35,14.7,15.15,448001
2024-05-03,1471,1471.TW,上市,15.25,15.3,14.9,15.0,477550
2024-05-06,1471,1471.TW,上市,15.15,15.15,14.85,14.9,312020
2024-05-07,1471,1471.TW,上市,14.95,15.4,14.8,15.05,552657
2024-05-08,1471,1471.TW,上市,15.05,15.2,15.0,15.0,362539
2024-05-09,1471,1471.TW,上市,15.1,16.0,15.1,15.8,1998531
2024-05-10,1471,1471.TW,上市,15.7,15.8,15.3,15.4,906721
2024-05-13,1471,1471.TW,上市,15.4,15.4,14.8,14.9,713366
2024-05-14,1471,1471.TW,上市,15.1,15.1,14.9,15.0,413045
2024-05-15,1471,1471.TW,上市,15.15,15.15,14.8,14.9,435151
2024-05-16,1471,1471.TW,上市,14.9,15.2,14.9,15.1,676106
2024-05-17,1471,1471.TW,上市,15.15,15.2,14.9,14.95,499706
2024-05-20,1471,1471.TW,上市,15.0,15.0,14.8,14.85,455388
2024-05-21,1471,1471.TW,上市,14.9,15.15,14.85,15.0,489355
2024-05-22,1471,1471.TW,上市,15.0,15.5,15.0,15.25,744383
2024-05-23,1471,1471.TW,上市,15.4,15.4,14.9,14.95,577336
2024-05-24,1471,1471.TW,上市,14.9,15.0,14.7,14.85,419580
2024-05-27,1471,1471.TW,上市,14.9,15.4,14.9,15.2,814800
2024-05-28,1471,1471.TW,上市,15.3,15.45,15.1,15.35,912127
2024-05-29,1471,1471.TW,上市,15.5,16.85,15.35,16.85,5730062
2024-05-30,1471,1471.TW,上市,18.1,18.1,16.299999,16.65,9440500
2024-05-31,1471,1471.TW,上市,16.200001,16.5,15.6,16.049999,3842793
2024-06-03,1471,1471.TW,上市,16.1,16.4,15.8,16.049999,1788611
2024-06-04,1471,1471.TW,上市,16.1,16.35,15.9,15.9,1573500
2024-06-05,1471,1471.TW,上市,16.15,17.0,15.55,16.5,3199294
2024-06-06,1471,1471.TW,上市,16.5,16.549999,15.9,15.95,1443460
2024-06-07,1471,1471.TW,上市,16.1,16.299999,15.95,16.049999,647887
2024-06-11,1471,1471.TW,上市,16.5,16.700001,15.9,16.1,1211321
2024-06-12,1471,1471.TW,上市,16.1,16.15,15.9,15.9,710002
2024-06-13,1471,1471.TW,上市,15.9,16.35,15.8,15.95,791382
2024-06-14,1471,1471.TW,上市,16.1,16.1,15.85,16.0,656414
2024-06-17,1471,1471.TW,上市,16.1,16.450001,16.049999,16.1,862679
2024-06-18,1471,1471.TW,上市,16.35,16.35,15.95,16.049999,785250
2024-06-19,1471,1471.TW,上市,16.049999,16.200001,15.8,15.8,879436
2024-06-20,1471,1471.TW,上市,15.85,16.1,15.55,16.0,801232
2024-06-21,1471,1471.TW,上市,16.0,16.1,15.8,16.1,639887
2024-06-24,1471,1471.TW,上市,15.9,16.200001,15.7,15.75,927744
2024-06-25,1471,1471.TW,上市,15.8,15.8,15.5,15.65,512129
2024-06-26,1471,1471.TW,上市,15.65,15.9,15.6,15.65,476991
2024-06-27,1471,1471.TW,上市,15.6,15.65,15.3,15.3,700813
2024-06-28,1471,1471.TW,上市,15.5,15.9,15.5,15.5,562002
2024-07-01,1471,1471.TW,上市,15.45,15.5,15.35,15.35,464697
2024-07-02,1471,1471.TW,上市,15.4,15.45,15.15,15.2,581528
2024-07-03,1471,1471.TW,上市,15.3,15.6,15.3,15.35,541200
2024-07-04,1471,1471.TW,上市,15.55,15.75,15.35,15.55,617459
2024-07-05,1471,1471.TW,上市,15.55,16.15,15.55,16.049999,1500913
2024-07-08,1471,1471.TW,上市,16.1,16.35,16.0,16.299999,2406307
2024-07-09,1471,1471.TW,上市,16.450001,16.450001,15.6,15.9,1345223
2024-07-10,1471,1471.TW,上市,16.200001,16.200001,15.8,15.9,580839
2024-07-11,1471,1471.TW,上市,16.200001,16.200001,15.8,16.0,758818
2024-07-12,1471,1471.TW,上市,16.0,16.299999,15.75,16.15,1467297
2024-07-15,1471,1471.TW,上市,16.200001,16.4,16.0,16.0,893529
2024-07-16,1471,1471.TW,上市,16.0,16.85,16.0,16.299999,2637680
2024-07-17,1471,1471.TW,上市,16.35,16.549999,16.200001,16.4,1656556
2024-07-18,1471,1471.TW,上市,16.4,16.4,16.0,16.0,943007
2024-07-19,1471,1471.TW,上市,16.0,16.35,15.55,15.55,1530001
2024-07-22,1471,1471.TW,上市,15.35,15.4,14.85,14.95,1270826
2024-07-23,1471,1471.TW,上市,15.2,15.35,15.1,15.2,297165
2024-07-26,1471,1471.TW,上市,14.9,15.15,14.75,15.05,393102
2024-07-29,1471,1471.TW,上市,15.3,15.3,14.6,14.65,871608
2024-07-30,1471,1471.TW,上市,14.65,15.4,14.4,15.15,336141
2024-07-31,1471,1471.TW,上市,15.15,15.25,14.9,15.0,336102
2024-08-01,1471,1471.TW,上市,15.0,15.3,15.0,15.25,354401
2024-08-02,1471,1471.TW,上市,14.9,15.0,14.8,14.85,457285
2024-08-05,1471,1471.TW,上市,14.5,14.55,13.4,13.4,1014948
2024-08-06,1471,1471.TW,上市,13.4,13.65,12.1,12.9,1130084
2024-08-07,1471,1471.TW,上市,12.9,13.9,12.9,13.9,457100
2024-08-08,1471,1471.TW,上市,13.5,13.6,13.2,13.4,396507
2024-08-09,1471,1471.TW,上市,13.6,14.6,13.6,13.8,562216
2024-08-12,1471,1471.TW,上市,14.25,14.3,13.65,13.8,557010
2024-08-13,1471,1471.TW,上市,13.8,13.8,13.5,13.55,437224
2024-08-14,1471,1471.TW,上市,13.55,13.85,13.5,13.55,304842
2024-08-15,1471,1471.TW,上市,13.65,13.8,13.5,13.6,335073
2024-08-16,1471,1471.TW,上市,13.8,14.1,13.7,14.0,473089
2024-08-19,1471,1471.TW,上市,14.0,14.15,13.9,14.0,272009
2024-08-20,1471,1471.TW,上市,14.0,14.2,13.8,13.85,482051
2024-08-21,1471,1471.TW,上市,14.75,14.75,13.9,13.95,391001
2024-08-22,1471,1471.TW,上市,14.4,14.4,13.9,14.05,424704
2024-08-23,1471,1471.TW,上市,14.25,14.25,13.85,14.2,295001
2024-08-26,1471,1471.TW,上市,14.25,14.45,13.95,14.15,426222
2024-08-27,1471,1471.TW,上市,14.05,14.1,13.9,14.05,315178
2024-08-28,1471,1471.TW,上市,14.1,14.3,14.0,14.2,393126
2024-08-29,1471,1471.TW,上市,14.1,14.25,14.05,14.15,253372
2024-08-30,1471,1471.TW,上市,14.15,14.5,14.15,14.4,770617
2024-09-02,1471,1471.TW,上市,14.4,14.5,14.05,14.1,385280
2024-09-03,1471,1471.TW,上市,14.1,14.2,13.9,13.9,255526
2024-09-04,1471,1471.TW,上市,13.5,13.5,13.1,13.35,708042
2024-09-05,1471,1471.TW,上市,13.5,13.6,13.15,13.2,326519
2024-09-06,1471,1471.TW,上市,13.55,13.55,13.0,13.15,224155
2024-09-09,1471,1471.TW,上市,13.05,13.3,13.0,13.1,286000
2024-09-10,1471,1471.TW,上市,13.1,13.3,12.85,12.95,359002
2024-09-11,1471,1471.TW,上市,13.0,13.0,12.75,12.8,427200
2024-09-12,1471,1471.TW,上市,13.0,13.1,12.85,13.05,229251
2024-09-13,1471,1471.TW,上市,13.1,13.35,13.05,13.3,216755
2024-09-16,1471,1471.TW,上市,13.3,13.5,13.2,13.4,270898
2024-09-18,1471,1471.TW,上市,13.55,13.55,13.2,13.2,178700
2024-09-19,1471,1471.TW,上市,13.2,13.4,13.15,13.25,176160
2024-09-20,1471,1471.TW,上市,13.45,13.45,13.2,13.3,174392
2024-09-23,1471,1471.TW,上市,13.3,13.4,13.15,13.3,211774
2024-09-24,1471,1471.TW,上市,13.3,13.3,13.15,13.15,141783
2024-09-25,1471,1471.TW,上市,13.35,13.4,13.2,13.4,262084
2024-09-26,1471,1471.TW,上市,13.4,13.5,13.25,13.3,257566
2024-09-27,1471,1471.TW,上市,13.3,13.75,13.3,13.65,459370
2024-09-30,1471,1471.TW,上市,13.65,14.0,13.4,13.55,314782
2024-10-01,1471,1471.TW,上市,13.65,13.65,13.35,13.4,162063
2024-10-04,1471,1471.TW,上市,13.35,13.35,13.1,13.15,273192
2024-10-07,1471,1471.TW,上市,13.2,13.4,13.2,13.35,282330
2024-10-08,1471,1471.TW,上市,13.3,13.4,13.1,13.15,200055
2024-10-09,1471,1471.TW,上市,13.35,13.35,13.0,13.0,240040
2024-10-11,1471,1471.TW,上市,13.1,13.1,12.85,12.85,324205
2024-10-14,1471,1471.TW,上市,12.85,13.1,12.85,13.1,145039
2024-10-15,1471,1471.TW,上市,13.1,13.2,12.95,12.95,253261
2024-10-16,1471,1471.TW,上市,12.95,13.05,12.9,13.0,239392
2024-10-17,1471,1471.TW,上市,13.05,13.1,12.95,13.05,200655
2024-10-18,1471,1471.TW,上市,13.0,13.05,12.8,12.85,398136
2024-10-21,1471,1471.TW,上市,12.9,13.05,12.7,12.95,246165
2024-10-22,1471,1471.TW,上市,12.9,13.1,12.85,13.1,308562
2024-10-23,1471,1471.TW,上市,13.15,13.35,13.1,13.35,535026
2024-10-24,1471,1471.TW,上市,13.3,13.3,13.05,13.1,275270
2024-10-25,1471,1471.TW,上市,13.1,13.1,12.9,13.05,260138
2024-10-28,1471,1471.TW,上市,13.15,13.15,12.8,12.85,384018
2024-10-29,1471,1471.TW,上市,12.9,12.95,12.7,12.9,307002
2024-10-30,1471,1471.TW,上市,12.9,12.95,12.8,12.9,266001
2024-11-01,1471,1471.TW,上市,12.85,12.85,12.55,12.7,271003
2024-11-04,1471,1471.TW,上市,12.6,12.8,12.5,12.6,278003
2024-11-05,1471,1471.TW,上市,12.6,12.65,12.5,12.6,147748
2024-11-06,1471,1471.TW,上市,12.7,12.7,12.55,12.7,158661
2024-11-07,1471,1471.TW,上市,12.7,13.1,12.7,13.1,347035
2024-11-08,1471,1471.TW,上市,14.4,14.4,13.7,13.85,3039953
2024-11-11,1471,1471.TW,上市,14.0,14.15,13.0,13.75,1215636
2024-11-12,1471,1471.TW,上市,13.7,13.7,13.15,13.4,822078
2024-11-13,1471,1471.TW,上市,13.7,14.7,13.7,14.7,4049534
2024-11-14,1471,1471.TW,上市,14.85,15.3,14.35,15.1,6213426
2024-11-15,1471,1471.TW,上市,14.65,15.0,14.3,14.4,2307126
2024-11-18,1471,1471.TW,上市,14.4,15.8,14.3,15.75,5814880
2024-11-19,1471,1471.TW,上市,15.25,15.6,14.75,15.45,2909350
2024-11-20,1471,1471.TW,上市,14.9,14.9,14.9,14.9,1765856
2024-11-21,1471,1471.TW,上市,14.8,16.0,14.7,15.8,3851007
2024-11-22,1471,1471.TW,上市,15.8,16.450001,15.3,15.5,4222091
2024-11-25,1471,1471.TW,上市,15.6,15.75,15.0,15.35,2065209
2024-11-26,1471,1471.TW,上市,15.3,15.35,15.05,15.05,1042162
2024-11-27,1471,1471.TW,上市,15.15,15.8,15.0,15.0,1502914
2024-11-28,1471,1471.TW,上市,15.1,15.35,14.3,14.6,1440032
2024-11-29,1471,1471.TW,上市,14.6,15.15,14.25,14.95,670223
2024-12-02,1471,1471.TW,上市,14.75,15.0,14.7,14.75,552481
2024-12-03,1471,1471.TW,上市,14.95,15.45,14.75,15.4,1484618
2024-12-04,1471,1471.TW,上市,15.4,15.7,15.1,15.45,1064220
2024-12-05,1471,1471.TW,上市,15.9,16.4,15.8,16.200001,5629592
2024-12-06,1471,1471.TW,上市,15.85,15.85,15.35,15.5,2099263
2024-12-09,1471,1471.TW,上市,15.5,15.5,14.7,14.8,2158027
2024-12-10,1471,1471.TW,上市,14.75,15.1,14.55,14.55,722325
2024-12-11,1471,1471.TW,上市,14.2,14.4,14.0,14.2,1564496
2024-12-12,1471,1471.TW,上市,14.4,14.5,14.0,14.15,589802
2024-12-13,1471,1471.TW,上市,14.1,14.2,13.8,13.9,731115
2024-12-16,1471,1471.TW,上市,13.9,14.15,13.4,13.45,647474
2024-12-17,1471,1471.TW,上市,13.5,13.65,13.3,13.4,330008
2024-12-18,1471,1471.TW,上市,13.35,13.75,13.15,13.45,475435
2024-12-19,1471,1471.TW,上市,13.25,13.4,13.15,13.25,419154
2024-12-20,1471,1471.TW,上市,13.45,13.5,13.15,13.2,451132
2024-12-23,1471,1471.TW,上市,13.3,13.6,13.3,13.4,307451
2024-12-24,1471,1471.TW,上市,13.4,13.8,13.4,13.55,321012
2024-12-25,1471,1471.TW,上市,13.55,13.7,13.3,13.6,383003
2024-12-26,1471,1471.TW,上市,13.65,13.9,13.55,13.55,272507
2024-12-27,1471,1471.TW,上市,13.55,13.6,13.35,13.6,324307
2024-12-30,1471,1471.TW,上市,13.45,13.6,13.35,13.35,184008
2024-12-31,1471,1471.TW,上市,13.3,13.5,13.2,13.3,251008
2025-01-02,1471,1471.TW,上市,13.3,13.3,13.1,13.15,407001
2025-01-03,1471,1471.TW,上市,13.15,13.2,12.95,13.15,362926
2025-01-06,1471,1471.TW,上市,13.25,13.4,13.0,13.25,358005
2025-01-07,1471,1471.TW,上市,13.25,13.45,13.25,13.25,220215
2025-01-08,1471,1471.TW,上市,13.5,13.55,13.3,13.55,281897
2025-01-09,1471,1471.TW,上市,13.55,13.55,13.05,13.05,307741
2025-01-10,1471,1471.TW,上市,13.05,13.1,12.7,12.8,476409
2025-01-13,1471,1471.TW,上市,12.8,12.8,12.15,12.2,627261
2025-01-14,1471,1471.TW,上市,12.2,12.8,12.2,12.7,277053
2025-01-15,1471,1471.TW,上市,12.7,12.75,12.45,12.6,179078
2025-01-16,1471,1471.TW,上市,12.85,12.85,12.6,12.65,122041
2025-01-17,1471,1471.TW,上市,12.65,12.7,12.45,12.55,179697
2025-01-20,1471,1471.TW,上市,12.55,12.65,12.45,12.45,205073
2025-01-21,1471,1471.TW,上市,12.45,12.6,12.4,12.5,139443
2025-01-22,1471,1471.TW,上市,12.5,12.6,12.4,12.5,257297
2025-02-03,1471,1471.TW,上市,12.25,12.45,12.0,12.25,256034
2025-02-04,1471,1471.TW,上市,12.25,12.5,12.25,12.5,227202
2025-02-05,1471,1471.TW,上市,12.35,12.95,12.35,12.9,283721
2025-02-06,1471,1471.TW,上市,12.9,12.95,12.7,12.8,306012
2025-02-07,1471,1471.TW,上市,12.8,13.15,12.8,12.9,173046
2025-02-10,1471,1471.TW,上市,13.4,13.4,12.9,13.15,261016
2025-02-11,1471,1471.TW,上市,13.15,13.2,12.85,12.9,213046
2025-02-12,1471,1471.TW,上市,13.15,13.2,12.8,12.85,266177
2025-02-13,1471,1471.TW,上市,12.85,13.3,12.85,13.25,373342
2025-02-14,1471,1471.TW,上市,13.3,13.5,13.0,13.45,336494
2025-02-17,1471,1471.TW,上市,13.55,13.55,13.25,13.25,238381
2025-02-18,1471,1471.TW,上市,13.25,13.5,13.2,13.3,235463
2025-02-19,1471,1471.TW,上市,13.3,13.4,13.2,13.4,219807
2025-02-20,1471,1471.TW,上市,13.4,13.4,13.2,13.25,153304
2025-02-21,1471,1471.TW,上市,13.3,13.3,13.1,13.2,240524
2025-02-24,1471,1471.TW,上市,13.05,13.4,13.05,13.15,215041
2025-02-25,1471,1471.TW,上市,13.25,13.25,13.05,13.1,170109
2025-02-26,1471,1471.TW,上市,13.2,13.25,13.1,13.15,97141
2025-02-27,1471,1471.TW,上市,13.15,13.2,13.05,13.1,155070
2025-03-03,1471,1471.TW,上市,13.1,13.1,12.85,12.85,222730
2025-03-04,1471,1471.TW,上市,12.85,12.85,12.55,12.85,187207
2025-03-05,1471,1471.TW,上市,12.9,12.95,12.75,12.9,135214
2025-03-06,1471,1471.TW,上市,12.9,12.95,12.7,12.85,184005
2025-03-07,1471,1471.TW,上市,12.8,12.9,12.65,12.7,179019
2025-03-10,1471,1471.TW,上市,12.6,12.75,12.6,12.7,180484
2025-03-11,1471,1471.TW,上市,12.65,12.65,12.15,12.45,437008
2025-03-12,1471,1471.TW,上市,12.5,12.6,12.4,12.55,153741
2025-03-13,1471,1471.TW,上市,12.65,12.75,12.3,12.3,201602
2025-03-14,1471,1471.TW,上市,12.3,12.35,12.05,12.3,372225
2025-03-17,1471,1471.TW,上市,12.3,12.6,12.2,12.4,234417
2025-03-18,1471,1471.TW,上市,12.3,12.4,12.1,12.25,306240
2025-03-19,1471,1471.TW,上市,12.2,12.3,12.1,12.25,190203
2025-03-20,1471,1471.TW,上市,12.25,12.35,11.95,12.3,328169
2025-03-21,1471,1471.TW,上市,12.3,12.3,12.05,12.25,156049
2025-03-24,1471,1471.TW,上市,12.15,12.25,12.0,12.1,234019
2025-03-25,1471,1471.TW,上市,12.15,12.25,11.95,11.95,377471
2025-03-26,1471,1471.TW,上市,11.95,12.05,11.95,12.05,160230
2025-03-27,1471,1471.TW,上市,12.0,12.0,11.75,11.85,226443
2025-03-28,1471,1471.TW,上市,11.8,11.8,11.05,11.15,649010
2025-03-31,1471,1471.TW,上市,11.15,11.15,10.4,10.5,871002
2025-04-01,1471,1471.TW,上市,10.7,11.1,10.7,10.8,523271
2025-04-02,1471,1471.TW,上市,10.95,11.05,10.75,10.95,247444
2025-04-07,1471,1471.TW,上市,9.86,10.0,9.86,9.86,2025209
2025-04-08,1471,1471.TW,上市,9.05,9.5,9.05,9.4,834398
2025-04-09,1471,1471.TW,上市,9.2,9.68,8.98,9.16,1230107
2025-04-10,1471,1471.TW,上市,9.97,10.05,9.9,10.05,256050
2025-04-11,1471,1471.TW,上市,9.27,10.1,9.27,10.0,369011
2025-04-14,1471,1471.TW,上市,10.05,10.35,9.91,9.96,314223
2025-04-15,1471,1471.TW,上市,9.93,10.25,9.93,10.1,383011
2025-04-16,1471,1471.TW,上市,10.0,10.1,9.91,9.91,187121
2025-04-17,1471,1471.TW,上市,9.73,10.1,9.73,10.05,106179
2025-04-18,1471,1471.TW,上市,10.05,10.2,9.94,9.97,135033
2025-04-21,1471,1471.TW,上市,9.97,9.97,9.53,9.53,223000
2025-04-22,1471,1471.TW,上市,9.17,9.77,9.17,9.3,119151
2025-04-23,1471,1471.TW,上市,9.59,9.68,9.51,9.56,200107
2025-04-24,1471,1471.TW,上市,9.56,9.57,9.4,9.48,140501
2025-04-25,1471,1471.TW,上市,9.56,9.76,9.5,9.73,180001
2025-04-28,1471,1471.TW,上市,9.75,9.79,9.45,9.76,106843
2025-04-29,1471,1471.TW,上市,9.76,9.89,9.73,9.89,112010
2025-04-30,1471,1471.TW,上市,9.99,10.85,9.93,10.85,1048242
2025-05-02,1471,1471.TW,上市,10.65,10.75,10.3,10.55,893517
2025-05-05,1471,1471.TW,上市,10.55,10.55,10.05,10.15,243898
2025-05-06,1471,1471.TW,上市,10.25,10.3,10.05,10.2,173301
2025-05-07,1471,1471.TW,上市,10.2,10.2,10.1,10.1,110459
2025-05-08,1471,1471.TW,上市,10.25,10.45,10.2,10.35,144001
2025-05-09,1471,1471.TW,上市,10.4,10.4,10.2,10.2,86000
2025-05-12,1471,1471.TW,上市,10.25,10.3,10.1,10.25,194101
2025-05-13,1471,1471.TW,上市,10.45,10.5,10.3,10.35,262000
2025-05-14,1471,1471.TW,上市,10.55,11.35,10.55,11.35,2211497
2025-05-15,1471,1471.TW,上市,11.05,11.2,10.65,10.8,1293771
2025-05-16,1471,1471.TW,上市,10.95,11.55,10.8,11.5,1050002
2025-05-19,1471,1471.TW,上市,11.65,11.65,11.1,11.2,674020
2025-05-20,1471,1471.TW,上市,11.1,11.3,11.0,11.2,285000
2025-05-21,1471,1471.TW,上市,11.3,11.35,11.15,11.15,263011
2025-05-22,1471,1471.TW,上市,11.15,11.2,10.95,11.05,186000
2025-05-23,1471,1471.TW,上市,11.1,11.3,11.0,11.0,247515
2025-05-26,1471,1471.TW,上市,11.0,11.5,11.0,11.45,521052
2025-05-27,1471,1471.TW,上市,11.4,11.4,11.05,11.1,256176
2025-05-28,1471,1471.TW,上市,11.15,11.3,11.0,11.1,197096
2025-05-29,1471,1471.TW,上市,11.1,11.15,11.05,11.05,106001
2025-06-02,1471,1471.TW,上市,10.9,11.15,10.7,10.7,358013
2025-06-03,1471,1471.TW,上市,10.7,11.55,10.7,11.15,650499
2025-06-04,1471,1471.TW,上市,11.45,11.5,11.15,11.2,149750
2025-06-05,1471,1471.TW,上市,11.4,11.4,11.15,11.2,132164
2025-06-06,1471,1471.TW,上市,11.3,11.3,11.0,11.1,115036
2025-06-09,1471,1471.TW,上市,11.1,11.1,10.9,10.95,96010
2025-06-10,1471,1471.TW,上市,10.95,11.2,10.95,11.0,149846
2025-06-11,1471,1471.TW,上市,10.9,11.0,10.85,10.85,135101
2025-06-12,1471,1471.TW,上市,10.85,11.0,10.8,10.95,146953
2025-06-13,1471,1471.TW,上市,10.8,10.9,10.65,10.65,161200
2025-06-16,1471,1471.TW,上市,10.55,10.7,10.5,10.65,181247
2025-06-17,1471,1471.TW,上市,10.45,10.7,10.45,10.5,109100
2025-06-18,1471,1471.TW,上市,10.5,11.2,10.45,11.1,239100
2025-06-19,1471,1471.TW,上市,11.1,11.25,10.8,10.8,137101
2025-06-20,1471,1471.TW,上市,10.8,11.05,10.55,10.55,173011
2025-06-23,1471,1471.TW,上市,10.5,10.5,10.1,10.25,242200
2025-06-24,1471,1471.TW,上市,10.4,10.7,10.3,10.55,207005
2025-06-25,1471,1471.TW,上市,10.55,10.65,10.4,10.55,255705
2025-06-26,1471,1471.TW,上市,10.5,10.7,10.3,10.55,100945
2025-06-27,1471,1471.TW,上市,10.65,10.65,10.2,10.4,318895
2025-06-30,1471,1471.TW,上市,10.35,10.55,10.25,10.4,96003
2025-07-01,1471,1471.TW,上市,10.5,10.6,10.35,10.5,200721
2025-07-02,1471,1471.TW,上市,10.6,10.6,10.35,10.45,68236
2025-07-03,1471,1471.TW,上市,10.45,10.6,10.4,10.5,90030
2025-07-04,1471,1471.TW,上市,10.45,10.5,10.25,10.3,103000
2025-07-07,1471,1471.TW,上市,10.3,10.4,10.1,10.3,218002
2025-07-08,1471,1471.TW,上市,10.0,10.2,10.0,10.05,271695
2025-07-09,1471,1471.TW,上市,10.15,10.15,9.98,10.05,110766
2025-07-10,1471,1471.TW,上市,10.0,10.15,10.0,10.0,174048
2025-07-11,1471,1471.TW,上市,10.0,10.2,9.99,10.1,226194
2025-07-14,1471,1471.TW,上市,10.0,10.1,9.98,10.0,172002
2025-07-15,1471,1471.TW,上市,10.0,10.15,10.0,10.05,99103
2025-07-16,1471,1471.TW,上市,10.0,10.1,9.94,10.05,163882
2025-07-17,1471,1471.TW,上市,10.1,10.25,10.05,10.15,135700
2025-07-18,1471,1471.TW,上市,10.05,10.25,10.05,10.1,103050
2025-07-21,1471,1471.TW,上市,10.1,10.35,10.05,10.1,145150
2025-07-22,1471,1471.TW,上市,10.0,10.15,9.95,9.99,167001
2025-07-23,1471,1471.TW,上市,10.0,10.15,9.96,10.15,309008
2025-07-24,1471,1471.TW,上市,10.15,10.15,9.98,10.0,53003
2025-07-25,1471,1471.TW,上市,10.0,10.1,9.97,10.1,154002
2025-07-28,1471,1471.TW,上市,10.1,10.15,9.99,10.0,231028
2025-07-29,1471,1471.TW,上市,10.1,10.1,9.95,9.96,185202
2025-07-30,1471,1471.TW,上市,9.97,10.05,9.95,10.0,102240
2025-07-31,1471,1471.TW,上市,9.97,10.05,9.95,9.97,200101
2025-08-04,1471,1471.TW,上市,9.99,10.9,9.99,10.7,876805
2025-08-05,1471,1471.TW,上市,10.6,10.8,10.5,10.7,863232
2025-08-06,1471,1471.TW,上市,10.7,10.7,10.5,10.7,268500
2025-08-07,1471,1471.TW,上市,10.9,10.9,10.5,10.55,178310
2025-08-08,1471,1471.TW,上市,10.7,10.75,10.6,10.6,260718
2025-08-11,1471,1471.TW,上市,10.6,10.6,10.2,10.2,465613
2025-08-12,1471,1471.TW,上市,10.2,10.4,10.2,10.35,267267
2025-08-13,1471,1471.TW,上市,10.45,10.45,10.2,10.25,304024
2025-08-14,1471,1471.TW,上市,10.25,10.35,10.2,10.3,165023
2025-08-15,1471,1471.TW,上市,10.35,10.65,10.3,10.4,544239
2025-08-18,1471,1471.TW,上市,10.35,10.6,10.3,10.5,347001
2025-08-19,1471,1471.TW,上市,10.6,10.6,10.4,10.5,243729
2025-08-20,1471,1471.TW,上市,10.5,10.5,10.15,10.2,264886
2025-08-21,1471,1471.TW,上市,10.1,10.3,10.1,10.2,321629
2025-08-22,1471,1471.TW,上市,10.2,10.2,10.0,10.0,476916
2025-08-25,1471,1471.TW,上市,10.05,10.2,10.0,10.05,417270
2025-08-26,1471,1471.TW,上市,10.15,10.15,10.0,10.05,317148
2025-08-27,1471,1471.TW,上市,10.1,10.1,10.0,10.1,423165
2025-08-28,1471,1471.TW,上市,10.1,10.15,10.0,10.05,302100
2025-08-29,1471,1471.TW,上市,10.0,10.05,9.97,10.0,312633
2025-09-01,1471,1471.TW,上市,9.95,10.0,9.8,9.95,408055
2025-09-02,1471,1471.TW,上市,9.96,9.99,9.8,9.8,289292
2025-09-03,1471,1471.TW,上市,9.91,9.91,9.76,9.88,191816
2025-09-04,1471,1471.TW,上市,9.8,9.97,9.8,9.92,197069
2025-09-05,1471,1471.TW,上市,10.0,10.0,9.85,9.95,170002
2025-09-08,1471,1471.TW,上市,9.95,9.96,9.9,9.9,212681
2025-09-09,1471,1471.TW,上市,9.92,10.0,9.86,9.89,143313
2025-09-10,1471,1471.TW,上市,9.89,9.95,9.81,9.83,233074
2025-09-11,1471,1471.TW,上市,9.84,9.84,9.53,9.59,744103
2025-09-12,1471,1471.TW,上市,9.7,9.7,9.38,9.48,467050
2025-09-15,1471,1471.TW,上市,9.47,9.51,9.3,9.33,230218
2025-09-16,1471,1471.TW,上市,9.32,9.73,9.32,9.67,363483
2025-09-17,1471,1471.TW,上市,9.84,9.84,9.54,9.64,144405
2025-09-18,1471,1471.TW,上市,9.64,9.86,9.64,9.8,352644
2025-09-19,1471,1471.TW,上市,9.8,9.9,9.66,9.8,127721
2025-09-22,1471,1471.TW,上市,9.81,9.87,9.7,9.8,118002
2025-09-23,1471,1471.TW,上市,9.89,9.89,9.72,9.75,176042
2025-09-24,1471,1471.TW,上市,9.63,9.8,9.63,9.7,207704
2025-09-25,1471,1471.TW,上市,9.7,9.79,9.65,9.67,127333
2025-09-26,1471,1471.TW,上市,9.69,9.77,9.44,9.6,295046
2025-09-30,1471,1471.TW,上市,9.6,9.63,9.5,9.56,170041
2025-10-01,1471,1471.TW,上市,9.61,9.65,9.51,9.6,122625
2025-10-02,1471,1471.TW,上市,9.64,9.64,9.45,9.5,151428
2025-10-03,1471,1471.TW,上市,9.57,9.57,9.4,9.41,148000
2025-10-07,1471,1471.TW,上市,9.42,9.5,9.35,9.46,369744
2025-10-08,1471,1471.TW,上市,9.46,9.48,9.37,9.42,138252
2025-10-09,1471,1471.TW,上市,9.4,9.44,9.35,9.38,228113
2025-10-13,1471,1471.TW,上市,9.02,9.2,9.02,9.2,272001
2025-10-14,1471,1471.TW,上市,9.3,9.34,8.98,9.01,399367
2025-10-15,1471,1471.TW,上市,9.01,9.15,8.95,9.01,265412
2025-10-16,1471,1471.TW,上市,9.03,9.1,9.0,9.06,153411
2025-10-17,1471,1471.TW,上市,9.08,9.08,8.99,9.03,150002
2025-10-20,1471,1471.TW,上市,9.1,9.27,8.98,9.27,355393
2025-10-21,1471,1471.TW,上市,9.19,9.39,9.19,9.27,182247
2025-10-22,1471,1471.TW,上市,9.27,9.37,9.27,9.37,140438
2025-10-23,1471,1471.TW,上市,9.37,9.37,9.16,9.3,107002
2025-10-27,1471,1471.TW,上市,9.3,9.37,9.17,9.3,163252
2025-10-28,1471,1471.TW,上市,9.17,9.2,9.03,9.07,205001
2025-10-29,1471,1471.TW,上市,9.11,9.26,9.1,9.15,171367
2025-10-30,1471,1471.TW,上市,9.15,9.15,9.0,9.03,234001
2025-10-31,1471,1471.TW,上市,9.04,9.16,9.0,9.13,156741
2025-11-03,1471,1471.TW,上市,9.06,9.07,9.0,9.0,191481
2025-11-04,1471,1471.TW,上市,9.01,9.03,8.92,8.92,250036
2025-11-05,1471,1471.TW,上市,8.92,8.95,8.8,8.94,186416
2025-11-06,1471,1471.TW,上市,8.82,9.1,8.82,8.95,136023
2025-11-07,1471,1471.TW,上市,8.9,9.04,8.85,9.04,293149
2025-11-10,1471,1471.TW,上市,9.04,9.09,8.85,8.88,186002
2025-11-11,1471,1471.TW,上市,8.88,8.99,8.87,8.87,171888
2025-11-12,1471,1471.TW,上市,8.98,9.09,8.82,9.08,257036
2025-11-13,1471,1471.TW,上市,9.08,9.14,8.9,9.09,170185
2025-11-14,1471,1471.TW,上市,9.07,9.07,8.88,9.0,122481
2025-11-17,1471,1471.TW,上市,9.0,9.0,8.82,8.88,170003
2025-11-18,1471,1471.TW,上市,8.88,8.88,8.2,8.56,412482
2025-11-19,1471,1471.TW,上市,8.56,8.65,8.36,8.45,277706
2025-11-20,1471,1471.TW,上市,8.41,8.62,8.41,8.5,428094
2025-11-21,1471,1471.TW,上市,8.49,8.5,8.25,8.38,210334
2025-11-24,1471,1471.TW,上市,8.38,8.5,8.32,8.4,121321
2025-11-25,1471,1471.TW,上市,8.4,8.86,8.4,8.8,192282
2025-11-26,1471,1471.TW,上市,8.8,8.81,8.6,8.8,168001
2025-11-27,1471,1471.TW,上市,8.89,9.11,8.8,8.89,201705
2025-11-28,1471,1471.TW,上市,8.82,8.97,8.62,8.87,185000
2025-12-01,1471,1471.TW,上市,8.87,8.88,8.68,8.87,129001
2025-12-02,1471,1471.TW,上市,8.88,8.88,8.7,8.74,66020
2025-12-03,1471,1471.TW,上市,8.71,8.85,8.7,8.8,122000
2025-12-04,1471,1471.TW,上市,8.84,8.88,8.75,8.87,102081
2025-12-05,1471,1471.TW,上市,8.99,8.99,8.8,8.91,110000
2025-12-08,1471,1471.TW,上市,9.0,9.0,8.81,8.88,128286
2025-12-09,1471,1471.TW,上市,8.9,8.9,8.77,8.87,82009
2025-12-10,1471,1471.TW,上市,8.51,8.87,8.51,8.73,78831
2025-12-11,1471,1471.TW,上市,8.6,8.7,8.4,8.44,284608
2025-12-12,1471,1471.TW,上市,8.44,8.68,8.44,8.51,261443
2025-12-15,1471,1471.TW,上市,8.5,8.69,8.45,8.68,163227
2025-12-16,1471,1471.TW,上市,8.53,8.98,8.53,8.96,266110
2025-12-17,1471,1471.TW,上市,9.0,9.05,8.92,8.92,271000
2025-12-18,1471,1471.TW,上市,8.96,8.96,8.65,8.84,125614
2025-12-19,1471,1471.TW,上市,8.84,9.0,8.75,8.98,386004
2025-12-22,1471,1471.TW,上市,8.98,8.98,8.71,8.88,208321
2025-12-23,1471,1471.TW,上市,8.88,8.88,8.72,8.74,127421
2025-12-24,1471,1471.TW,上市,8.8,8.84,8.69,8.73,103902
2025-12-26,1471,1471.TW,上市,8.79,8.84,8.7,8.78,188005
2025-12-29,1471,1471.TW,上市,8.76,8.87,8.71,8.81,165001
2025-12-30,1471,1471.TW,上市,8.75,8.8,8.72,8.79,95722
2025-12-31,1471,1471.TW,上市,8.8,8.8,8.76,8.78,150806
2026-01-02,1471,1471.TW,上市,8.74,8.84,8.7,8.83,271100
2026-01-05,1471,1471.TW,上市,8.83,8.88,8.72,8.73,390548
2026-01-06,1471,1471.TW,上市,8.7,8.75,8.68,8.73,222593
2026-01-07,1471,1471.TW,上市,8.73,9.6,8.73,9.6,1651130
2026-01-08,1471,1471.TW,上市,10.0,10.3,9.8,10.05,2829111
2026-01-09,1471,1471.TW,上市,10.1,10.1,9.71,9.78,930000
2026-01-12,1471,1471.TW,上市,9.7,9.91,9.55,9.77,658634
2026-01-13,1471,1471.TW,上市,9.78,9.8,9.42,9.53,551653
2026-01-14,1471,1471.TW,上市,9.45,10.0,9.45,9.87,686188
2026-01-15,1471,1471.TW,上市,9.83,9.89,9.72,9.75,363594
2026-01-16,1471,1471.TW,上市,9.84,9.84,9.68,9.8,363594
2026-01-19,1471,1471.TW,上市,9.7,10.35,9.7,10.15,1016601
2026-01-20,1471,1471.TW,上市,10.2,10.3,10.05,10.1,820100
2026-01-21,1471,1471.TW,上市,10.1,10.15,10.0,10.05,374261
2026-01-22,1471,1471.TW,上市,10.05,11.05,10.05,11.05,2822019
2026-01-23,1471,1471.TW,上市,12.1,12.15,11.8,12.15,4119644
2026-01-26,1471,1471.TW,上市,13.35,13.35,13.35,13.35,3273924
2026-01-27,1471,1471.TW,上市,14.65,14.65,14.5,14.65,15178669
2026-01-28,1471,1471.TW,上市,15.5,15.55,13.45,13.9,10750409
2026-01-29,1471,1471.TW,上市,13.5,13.5,12.6,12.7,3509909
2026-01-30,1471,1471.TW,上市,12.5,12.5,12.0,12.5,1526018
2026-02-02,1471,1471.TW,上市,12.2,12.2,11.8,11.85,891257
2026-02-03,1471,1471.TW,上市,12.15,12.85,12.1,12.85,1161230
2026-02-04,1471,1471.TW,上市,12.95,13.55,12.95,13.45,1113595
2026-02-05,1471,1471.TW,上市,13.1,13.35,12.8,12.85,687069
2026-02-06,1471,1471.TW,上市,12.65,12.65,12.15,12.4,595816
2026-02-09,1471,1471.TW,上市,12.9,12.9,12.15,12.15,586905
2026-02-10,1471,1471.TW,上市,12.35,12.35,11.9,12.0,527282
2026-02-11,1471,1471.TW,上市,12.0,12.0,10.8,10.8,1871622
2026-02-23,1471,1471.TW,上市,10.95,11.3,10.7,11.15,1825752
2026-02-24,1471,1471.TW,上市,11.15,11.5,10.8,11.3,1223697
2026-02-25,1471,1471.TW,上市,11.65,12.4,11.55,12.4,1400107
2026-02-26,1471,1471.TW,上市,13.0,13.6,12.5,13.6,6148852
2026-03-02,1471,1471.TW,上市,13.35,14.4,12.35,14.3,7462682
2026-03-03,1471,1471.TW,上市,14.3,14.3,13.0,13.1,4100634
2026-03-04,1471,1471.TW,上市,12.85,13.0,12.05,12.4,1694024
2026-03-05,1471,1471.TW,上市,13.0,13.2,12.5,12.75,1353579
2026-03-06,1471,1471.TW,上市,12.55,12.8,12.3,12.7,599057
2026-03-09,1471,1471.TW,上市,12.0,12.1,11.5,12.05,884001
2026-03-10,1471,1471.TW,上市,12.55,12.55,11.85,11.85,707167
2026-03-11,1471,1471.TW,上市,11.75,12.35,11.75,12.15,608200
2026-03-12,1471,1471.TW,上市,12.2,12.2,11.75,11.85,872016
2026-03-13,1471,1471.TW,上市,11.7,13.0,11.5,13.0,1902502
2026-03-16,1471,1471.TW,上市,13.05,14.2,12.9,13.75,3365993
2026-03-17,1471,1471.TW,上市,14.2,14.2,13.15,13.3,1598086
2026-03-18,1471,1471.TW,上市,13.35,13.5,12.85,13.0,1367198
2026-03-19,1471,1471.TW,上市,12.55,13.0,12.55,12.7,949832
2026-03-20,1471,1471.TW,上市,12.8,13.95,12.75,13.95,3984588
2026-03-23,1471,1471.TW,上市,13.9,14.5,13.25,13.8,4745654
2026-03-24,1471,1471.TW,上市,14.15,14.2,12.95,13.05,2248321
2026-03-25,1471,1471.TW,上市,13.5,13.5,12.9,13.35,1610030
2026-03-26,1471,1471.TW,上市,13.5,13.5,12.8,12.8,1677073
2026-03-27,1471,1471.TW,上市,12.95,13.4,12.35,13.15,1512355
2026-03-30,1471,1471.TW,上市,13.15,13.15,12.4,12.5,1076050
2026-03-31,1471,1471.TW,上市,12.5,12.5,12.0,12.0,746180
2026-04-01,1471,1471.TW,上市,12.2,12.45,12.05,12.25,478241
2026-04-02,1471,1471.TW,上市,12.2,12.35,11.9,12.25,677206
2026-04-07,1471,1471.TW,上市,12.05,12.3,11.8,11.8,725200
2026-04-08,1471,1471.TW,上市,11.8,12.2,11.75,12.15,675822
2026-04-09,1471,1471.TW,上市,12.4,12.4,11.9,12.1,372831
2026-04-10,1471,1471.TW,上市,12.1,12.2,11.9,12.0,400200
2026-04-13,1471,1471.TW,上市,11.9,12.25,11.85,12.1,732006
2026-04-14,1471,1471.TW,上市,12.15,12.15,11.85,11.95,757033
2026-04-15,1471,1471.TW,上市,11.95,12.2,11.85,11.9,691033
2026-04-16,1471,1471.TW,上市,11.95,12.15,11.9,12.0,731443
2026-04-17,1471,1471.TW,上市,12.05,12.1,11.9,12.0,802975
2026-04-20,1471,1471.TW,上市,12.0,12.9,11.85,12.8,2160379
2026-04-21,1471,1471.TW,上市,12.8,14.0,12.8,13.05,3258961
2026-04-22,1471,1471.TW,上市,13.05,13.05,12.35,12.5,1088085
2026-04-23,1471,1471.TW,上市,12.45,12.45,11.75,11.9,1203394
2026-04-24,1471,1471.TW,上市,11.9,12.0,11.8,11.85,517195
2026-04-27,1471,1471.TW,上市,11.8,11.85,11.15,11.5,535469
2026-04-28,1471,1471.TW,上市,11.5,11.75,11.5,11.7,292110
2026-04-29,1471,1471.TW,上市,11.9,11.9,11.6,11.75,197061
2026-04-30,1471,1471.TW,上市,11.75,11.75,11.3,11.3,699025
2026-05-04,1471,1471.TW,上市,11.3,11.65,11.3,11.3,440653
2026-05-05,1471,1471.TW,上市,11.3,11.55,11.2,11.45,461484
2026-05-06,1471,1471.TW,上市,11.5,11.5,11.0,11.2,775705
2026-05-07,1471,1471.TW,上市,11.05,11.45,11.0,11.4,1227239
2026-05-08,1471,1471.TW,上市,11.5,11.5,11.0,11.1,534233
2026-05-11,1471,1471.TW,上市,11.05,11.1,10.85,11.0,920293
2026-05-12,1471,1471.TW,上市,11.0,11.2,10.75,10.85,530220
2026-05-13,1471,1471.TW,上市,10.85,11.15,10.55,10.6,843500
2026-05-14,1471,1471.TW,上市,10.8,10.8,10.4,10.6,702213
2026-05-15,1471,1471.TW,上市,10.55,10.75,10.25,10.25,491229
2026-05-18,1471,1471.TW,上市,10.25,10.3,10.1,10.2,338001
2026-05-19,1471,1471.TW,上市,10.2,10.25,10.0,10.05,535997
2026-05-20,1471,1471.TW,上市,10.05,10.55,10.05,10.4,595005
2026-05-21,1471,1471.TW,上市,10.5,10.7,10.3,10.5,507644
2026-05-22,1471,1471.TW,上市,10.5,10.95,10.5,10.85,552225
2026-05-25,1471,1471.TW,上市,11.3,11.3,10.65,10.75,672462
2026-05-26,1471,1471.TW,上市,10.65,10.75,10.35,10.35,612328
2026-05-27,1471,1471.TW,上市,10.55,10.55,10.1,10.35,793839
2026-05-28,1471,1471.TW,上市,10.35,10.55,10.15,10.15,668957
2026-05-29,1471,1471.TW,上市,10.15,11.15,10.1,11.15,1885938
2026-06-01,1471,1471.TW,上市,11.55,12.25,11.55,12.25,3635811
2026-06-02,1471,1471.TW,上市,12.4,12.4,11.3,12.0,3311167
2026-06-03,1471,1471.TW,上市,12.1,12.2,11.6,11.95,1638948
2026-06-04,1471,1471.TW,上市,12.0,12.0,11.7,11.8,943057
2026-06-05,1471,1471.TW,上市,11.8,11.8,11.3,11.45,901179
2026-06-08,1471,1471.TW,上市,10.9,11.25,10.6,11.05,620511
2026-06-09,1471,1471.TW,上市,11.05,11.2,11.0,11.1,672762
2026-06-10,1471,1471.TW,上市,11.1,11.35,10.8,10.8,843825
2026-06-11,1471,1471.TW,上市,10.65,10.8,10.35,10.6,752001
2026-06-12,1471,1471.TW,上市,10.7,10.9,10.65,10.7,525735
2026-06-15,1471,1471.TW,上市,10.7,11.1,10.7,11.05,589813
2026-06-16,1471,1471.TW,上市,11.1,11.1,10.7,10.7,449606
2026-06-17,1471,1471.TW,上市,10.55,11.75,10.55,11.6,2689835
2026-06-18,1471,1471.TW,上市,10.9,11.2,10.8,10.95,1502138
2026-06-22,1471,1471.TW,上市,11.1,11.25,10.85,11.15,807587
2026-06-23,1471,1471.TW,上市,11.2,11.2,10.8,10.9,682601
2026-06-24,1471,1471.TW,上市,10.8,11.5,10.8,11.05,1343871
2026-06-25,1471,1471.TW,上市,11.1,11.3,11.0,11.0,466620
2026-06-26,1471,1471.TW,上市,10.95,11.05,10.7,10.7,901567
2026-06-29,1471,1471.TW,上市,10.9,10.95,10.4,10.5,792405
2026-06-30,1471,1471.TW,上市,10.65,10.85,10.45,10.8,510448
2026-07-01,1471,1471.TW,上市,10.9,10.9,10.6,10.65,342339
2026-07-02,1471,1471.TW,上市,10.75,10.8,10.6,10.75,650471
2026-07-03,1471,1471.TW,上市,10.75,11.2,10.7,11.1,891117
2026-07-06,1471,1471.TW,上市,11.15,11.3,10.85,10.9,705396
2026-07-07,1471,1471.TW,上市,11.05,11.15,10.6,10.65,688625
2026-07-08,1471,1471.TW,上市,10.7,10.7,10.35,10.4,595332
2026-07-09,1471,1471.TW,上市,10.5,10.6,10.35,10.4,229666
2026-07-10,1471,1471.TW,上市,10.4,10.4,10.4,10.4,0
2026-07-13,1471,1471.TW,上市,10.5,10.65,10.25,10.25,583663
2026-07-14,1471,1471.TW,上市,10.2,10.25,9.92,10.05,856251
2026-07-15,1471,1471.TW,上市,10.15,10.2,10.05,10.2,351720
2026-07-16,1471,1471.TW,上市,10.2,10.4,10.0,10.05,463423
2026-07-17,1471,1471.TW,上市,10.05,10.05,9.75,9.76,774726
2026-07-20,1471,1471.TW,上市,9.76,10.0,9.61,9.84,457185
2026-07-21,1471,1471.TW,上市,9.99,10.1,9.9,10.0,226830
2026-07-22,1471,1471.TW,上市,9.96,10.05,9.93,9.98,344519
2026-07-23,1471,1471.TW,上市,9.99,10.0,9.8,9.82,337899
2026-07-24,1471,1471.TW,上市,9.76,9.97,9.7,9.73,228886
2026-07-27,1471,1471.TW,上市,9.9,9.9,9.51,9.79,260744
2026-07-28,1471,1471.TW,上市,9.53,9.67,9.4,9.4,273073
2026-07-29,1471,1471.TW,上市,9.65,9.65,8.88,9.46,467868
2026-07-30,1471,1471.TW,上市,9.12,9.56,9.12,9.2,167419
2026-07-31,1471,1471.TW,上市,9.27,9.65,9.27,9.48,198030
2026-08-03,1471,1471.TW,上市,9.48,9.59,9.33,9.5,126219
2026-08-04,1471,1471.TW,上市,9.55,9.61,9.35,9.5,190067
2026-08-05,1471,1471.TW,上市,9.59,9.67,9.12,9.5,451246
2026-08-06,1471,1471.TW,上市,9.4,9.45,9.24,9.45,327684
2026-08-07,1471,1471.TW,上市,9.26,9.6,9.26,9.54,177132
2026-08-10,1471,1471.TW,上市,9.54,9.64,9.43,9.53,171588
2026-08-11,1471,1471.TW,上市,9.46,9.58,9.4,9.42,95505
2026-08-12,1471,1471.TW,上市,9.35,9.58,9.35,9.5,225915
2026-08-13,1471,1471.TW,上市,9.5,9.58,9.4,9.5,211217
2026-08-14,1471,1471.TW,上市,9.49,9.56,9.35,9.51,328511
2026-08-17,1471,1471.TW,上市,9.5,9.6,9.43,9.45,56308
2026-08-18,1471,1471.TW,上市,9.4,9.48,9.36,9.36,181579
2026-08-19,1471,1471.TW,上市,9.65,9.65,9.32,9.41,159001
2026-08-20,1471,1471.TW,上市,9.55,9.88,9.41,9.79,842262
2026-08-21,1471,1471.TW,上市,9.62,9.7,9.48,9.67,223564
2026-08-24,1471,1471.TW,上市,9.66,10.6,9.66,10.3,1786264
2026-08-25,1471,1471.TW,上市,9.95,9.97,9.66,9.89,910788
2026-08-26,1471,1471.TW,上市,9.84,9.98,9.81,9.88,301525
2026-08-27,1471,1471.TW,上市,9.97,10.15,9.93,10.1,644375
2026-08-28,1471,1471.TW,上市,10.1,10.1,9.82,10.0,298789
2026-08-31,1471,1471.TW,上市,9.96,9.96,9.8,9.83,224975
2026-09-01,1471,1471.TW,上市,9.95,9.95,9.8,9.94,269690
2026-09-02,1471,1471.TW,上市,9.94,9.95,9.85,9.92,139236
2026-09-03,1471,1471.TW,上市,9.89,9.95,9.73,9.73,112778
2026-09-04,1471,1471.TW,上市,9.85,9.85,9.65,9.74,226111
2026-09-07,1471,1471.TW,上市,9.71,9.79,9.66,9.69,183587
2026-09-08,1471,1471.TW,上市,9.79,9.79,9.65,9.65,131078
2026-09-09,1471,1471.TW,上市,9.6,9.78,9.6,9.74,263023
2026-09-10,1471,1471.TW,上市,9.74,9.75,9.62,9.65,112337
2026-09-11,1471,1471.TW,上市,9.6,9.6,9.48,9.48,267499
2026-09-14,1471,1471.TW,上市,9.5,9.59,9.35,9.5,139321
2026-09-15,1471,1471.TW,上市,9.5,9.5,9.3,9.3,114448
2026-09-16,1471,1471.TW,上市,9.31,9.54,9.26,9.3,174526
2026-09-17,1471,1471.TW,上市,9.3,9.73,9.3,9.35,222104
2026-09-18,1471,1471.TW,上市,9.44,9.55,9.35,9.36,172852
2026-09-21,1471,1471.TW,上市,9.37,9.7,9.37,9.6,309641
2026-09-22,1471,1471.TW,上市,9.59,9.6,9.45,9.48,287010
2026-09-23,1471,1471.TW,上市,9.5,9.51,9.32,9.47,260747
2026-09-24,1471,1471.TW,上市,9.32,9.46,9.32,9.4,111248
2026-09-29,1471,1471.TW,上市,9.36,9.4,9.23,9.3,134939
2026-09-30,1471,1471.TW,上市,9.3,9.47,9.3,9.46,257783
2026-10-01,1471,1471.TW,上市,9.46,9.49,9.37,9.49,87929
2026-10-02,1471,1471.TW,上市,9.41,9.47,9.38,9.43,120428
2026-10-05,1471,1471.TW,上市,9.43,9.64,9.43,9.45,284577
2026-10-06,1471,1471.TW,上市,9.46,9.48,9.35,9.4,196950
2026-10-07,1471,1471.TW,上市,9.4,9.47,9.4,9.42,276362
2026-10-08,1471,1471.TW,上市,9.42,9.45,9.31,9.31,213167
