date,symbol,yahoo_symbol,market,open,high,low,close,volume
2024-01-02,7713,7713.TWO,上櫃,66.0,85.0,66.0,82.5,125205
2024-01-03,7713,7713.TWO,上櫃,82.099998,82.099998,70.099998,74.300003,91576
2024-01-04,7713,7713.TWO,上櫃,74.5,74.5,64.699997,67.800003,156138
2024-01-05,7713,7713.TWO,上櫃,66.699997,73.5,66.699997,70.400002,28484
2024-01-08,7713,7713.TWO,上櫃,70.199997,71.5,68.0,71.5,7045
2024-01-09,7713,7713.TWO,上櫃,70.199997,71.300003,69.199997,71.300003,9842
2024-01-10,7713,7713.TWO,上櫃,70.0,70.0,69.0,69.0,17683
2024-01-11,7713,7713.TWO,上櫃,69.300003,69.300003,68.0,68.0,2501
2024-01-12,7713,7713.TWO,上櫃,67.5,67.5,67.5,67.5,1000
2024-01-15,7713,7713.TWO,上櫃,67.5,67.5,67.5,67.5,0
2024-01-16,7713,7713.TWO,上櫃,69.900002,69.900002,69.900002,69.900002,1
2024-01-17,7713,7713.TWO,上櫃,69.300003,69.300003,69.300003,69.300003,3000
2024-01-18,7713,7713.TWO,上櫃,68.199997,68.5,68.0,68.5,5020
2024-01-19,7713,7713.TWO,上櫃,69.5,69.5,68.0,69.0,3101
2024-01-22,7713,7713.TWO,上櫃,68.0,68.900002,67.699997,68.900002,4009
2024-01-23,7713,7713.TWO,上櫃,68.900002,68.900002,68.900002,68.900002,513
2024-01-24,7713,7713.TWO,上櫃,68.900002,68.900002,68.900002,68.900002,4
2024-01-25,7713,7713.TWO,上櫃,67.599998,67.800003,67.400002,67.5,13934
2024-01-26,7713,7713.TWO,上櫃,68.300003,68.300003,68.300003,68.300003,3000
2024-01-29,7713,7713.TWO,上櫃,68.0,68.5,67.699997,68.0,11000
2024-01-30,7713,7713.TWO,上櫃,68.599998,68.599998,68.5,68.5,4005
2024-01-31,7713,7713.TWO,上櫃,68.5,68.5,68.199997,68.199997,2000
2024-02-01,7713,7713.TWO,上櫃,68.199997,68.199997,68.199997,68.199997,0
2024-02-02,7713,7713.TWO,上櫃,69.0,69.199997,68.199997,68.199997,9104
2024-02-05,7713,7713.TWO,上櫃,68.199997,68.5,68.199997,68.5,4000
2024-02-15,7713,7713.TWO,上櫃,68.599998,69.0,68.0,68.0,5000
2024-02-16,7713,7713.TWO,上櫃,68.5,68.5,68.5,68.5,2000
2024-02-19,7713,7713.TWO,上櫃,70.0,70.0,68.5,70.0,3600
2024-02-20,7713,7713.TWO,上櫃,70.300003,70.300003,68.5,70.300003,4900
2024-02-21,7713,7713.TWO,上櫃,70.300003,70.599998,70.300003,70.599998,8029
2024-02-22,7713,7713.TWO,上櫃,68.199997,69.0,68.0,69.0,12000
2024-02-23,7713,7713.TWO,上櫃,70.800003,70.800003,70.800003,70.800003,153
2024-02-26,7713,7713.TWO,上櫃,70.300003,70.300003,69.199997,69.199997,12051
2024-02-27,7713,7713.TWO,上櫃,69.900002,71.0,69.0,69.699997,14000
2024-02-29,7713,7713.TWO,上櫃,69.699997,71.300003,69.699997,71.300003,4320
2024-03-01,7713,7713.TWO,上櫃,70.0,71.300003,70.0,70.5,6000
2024-03-04,7713,7713.TWO,上櫃,71.300003,71.300003,71.0,71.300003,7518
2024-03-05,7713,7713.TWO,上櫃,70.5,70.5,69.699997,70.0,16000
2024-03-06,7713,7713.TWO,上櫃,69.699997,71.800003,69.699997,71.800003,6014
2024-03-07,7713,7713.TWO,上櫃,70.0,71.800003,70.0,70.0,8000
2024-03-08,7713,7713.TWO,上櫃,70.5,71.599998,70.0,71.300003,6156
2024-03-11,7713,7713.TWO,上櫃,71.300003,71.300003,71.300003,71.300003,3015
2024-03-12,7713,7713.TWO,上櫃,71.599998,71.599998,70.0,71.599998,5001
2024-03-13,7713,7713.TWO,上櫃,71.599998,71.599998,71.599998,71.599998,0
2024-03-14,7713,7713.TWO,上櫃,71.800003,74.0,71.699997,72.699997,54441
2024-03-15,7713,7713.TWO,上櫃,72.699997,72.699997,70.0,72.5,36901
2024-03-18,7713,7713.TWO,上櫃,72.5,72.5,72.5,72.5,0
2024-03-19,7713,7713.TWO,上櫃,72.5,72.5,72.5,72.5,0
2024-03-20,7713,7713.TWO,上櫃,72.0,73.0,72.0,73.0,5000
2024-03-21,7713,7713.TWO,上櫃,73.0,73.0,73.0,73.0,0
2024-03-22,7713,7713.TWO,上櫃,72.5,73.0,72.0,72.0,5512
2024-03-25,7713,7713.TWO,上櫃,72.0,72.0,72.0,72.0,0
2024-03-26,7713,7713.TWO,上櫃,73.0,73.0,72.300003,72.300003,8000
2024-03-27,7713,7713.TWO,上櫃,72.300003,72.300003,72.300003,72.300003,0
2024-03-28,7713,7713.TWO,上櫃,73.300003,74.0,72.900002,72.900002,7000
2024-03-29,7713,7713.TWO,上櫃,72.0,72.0,72.0,72.0,1001
2024-04-01,7713,7713.TWO,上櫃,72.0,73.300003,72.0,72.0,7553
2024-04-02,7713,7713.TWO,上櫃,72.0,72.0,72.0,72.0,2500
2024-04-03,7713,7713.TWO,上櫃,71.699997,72.0,71.699997,72.0,4200
2024-04-08,7713,7713.TWO,上櫃,71.699997,71.699997,71.699997,71.699997,2906
2024-04-09,7713,7713.TWO,上櫃,73.0,73.300003,71.699997,71.699997,12400
2024-04-10,7713,7713.TWO,上櫃,71.699997,73.0,71.699997,72.699997,6100
2024-04-11,7713,7713.TWO,上櫃,72.699997,73.0,72.699997,73.0,3150
2024-04-12,7713,7713.TWO,上櫃,73.0,73.0,73.0,73.0,3000
2024-04-15,7713,7713.TWO,上櫃,75.199997,75.199997,75.199997,75.199997,10
2024-04-16,7713,7713.TWO,上櫃,75.199997,75.199997,75.199997,75.199997,0
2024-04-17,7713,7713.TWO,上櫃,75.199997,75.199997,73.0,73.0,1731
2024-04-18,7713,7713.TWO,上櫃,73.0,73.0,73.0,73.0,0
2024-04-19,7713,7713.TWO,上櫃,73.0,74.0,72.699997,72.699997,3121
2024-04-22,7713,7713.TWO,上櫃,74.0,74.0,72.400002,72.400002,6410
2024-04-23,7713,7713.TWO,上櫃,72.400002,73.5,72.400002,73.0,4094
2024-04-24,7713,7713.TWO,上櫃,73.0,73.0,73.0,73.0,0
2024-04-25,7713,7713.TWO,上櫃,73.0,73.0,73.0,73.0,0
2024-04-26,7713,7713.TWO,上櫃,72.0,73.0,72.0,73.0,2000
2024-04-29,7713,7713.TWO,上櫃,74.300003,75.400002,72.5,75.400002,5060
2024-04-30,7713,7713.TWO,上櫃,72.199997,75.400002,72.199997,74.0,1732
2024-05-02,7713,7713.TWO,上櫃,74.0,74.0,74.0,74.0,0
2024-05-03,7713,7713.TWO,上櫃,75.0,75.0,75.0,75.0,15
2024-05-06,7713,7713.TWO,上櫃,75.0,75.0,75.0,75.0,0
2024-05-07,7713,7713.TWO,上櫃,72.699997,73.0,72.5,72.5,6031
2024-05-08,7713,7713.TWO,上櫃,72.5,72.5,72.5,72.5,0
2024-05-09,7713,7713.TWO,上櫃,72.699997,72.699997,72.699997,72.699997,41
2024-05-10,7713,7713.TWO,上櫃,72.699997,72.699997,72.699997,72.699997,0
2024-05-13,7713,7713.TWO,上櫃,75.0,76.0,75.0,76.0,3015
2024-05-14,7713,7713.TWO,上櫃,75.5,75.5,72.699997,75.0,6578
2024-05-15,7713,7713.TWO,上櫃,74.199997,74.5,74.199997,74.5,5000
2024-05-16,7713,7713.TWO,上櫃,75.0,75.0,75.0,75.0,3000
2024-05-17,7713,7713.TWO,上櫃,76.5,76.5,74.0,74.5,7021
2024-05-20,7713,7713.TWO,上櫃,74.5,75.0,74.0,75.0,17533
2024-05-21,7713,7713.TWO,上櫃,75.0,75.0,75.0,75.0,0
2024-05-22,7713,7713.TWO,上櫃,75.0,75.0,75.0,75.0,0
2024-05-23,7713,7713.TWO,上櫃,73.5,73.5,73.5,73.5,50
2024-05-24,7713,7713.TWO,上櫃,73.5,74.0,73.5,74.0,3002
2024-05-27,7713,7713.TWO,上櫃,72.5,74.0,72.5,74.0,4000
2024-05-28,7713,7713.TWO,上櫃,73.699997,74.0,73.199997,74.0,12000
2024-05-29,7713,7713.TWO,上櫃,74.0,74.0,74.0,74.0,0
2024-05-30,7713,7713.TWO,上櫃,74.0,74.0,74.0,74.0,0
2024-05-31,7713,7713.TWO,上櫃,74.0,74.0,74.0,74.0,0
2024-06-03,7713,7713.TWO,上櫃,74.5,74.5,74.5,74.5,3000
2024-06-04,7713,7713.TWO,上櫃,74.800003,74.800003,71.099998,73.0,11513
2024-06-05,7713,7713.TWO,上櫃,73.0,73.0,73.0,73.0,1000
2024-06-06,7713,7713.TWO,上櫃,71.099998,72.0,71.099998,72.0,5160
2024-06-07,7713,7713.TWO,上櫃,72.0,72.0,72.0,72.0,0
2024-06-11,7713,7713.TWO,上櫃,71.0,71.800003,71.0,71.800003,5009
2024-06-12,7713,7713.TWO,上櫃,71.0,73.5,71.0,73.5,5626
2024-06-13,7713,7713.TWO,上櫃,72.0,72.0,71.0,71.5,7000
2024-06-14,7713,7713.TWO,上櫃,73.5,73.5,73.0,73.0,2000
2024-06-17,7713,7713.TWO,上櫃,73.0,73.0,73.0,73.0,0
2024-06-18,7713,7713.TWO,上櫃,73.0,73.0,73.0,73.0,0
2024-06-19,7713,7713.TWO,上櫃,70.699997,70.699997,70.699997,70.699997,500
2024-06-20,7713,7713.TWO,上櫃,70.400002,70.400002,70.400002,70.400002,1000
2024-06-21,7713,7713.TWO,上櫃,70.400002,70.400002,70.400002,70.400002,0
2024-06-24,7713,7713.TWO,上櫃,70.400002,70.400002,70.400002,70.400002,0
2024-06-25,7713,7713.TWO,上櫃,70.400002,70.400002,70.400002,70.400002,0
2024-06-26,7713,7713.TWO,上櫃,71.199997,71.199997,71.199997,71.199997,1000
2024-06-27,7713,7713.TWO,上櫃,71.199997,71.199997,71.199997,71.199997,0
2024-06-28,7713,7713.TWO,上櫃,71.199997,71.199997,71.199997,71.199997,0
2024-07-01,7713,7713.TWO,上櫃,71.699997,72.5,71.699997,72.5,7008
2024-07-02,7713,7713.TWO,上櫃,71.5,73.0,71.5,72.0,4010
2024-07-03,7713,7713.TWO,上櫃,72.0,72.0,72.0,72.0,10
2024-07-04,7713,7713.TWO,上櫃,72.0,72.0,72.0,72.0,1000
2024-07-05,7713,7713.TWO,上櫃,72.0,72.5,72.0,72.5,1300
2024-07-08,7713,7713.TWO,上櫃,72.5,72.5,72.5,72.5,0
2024-07-09,7713,7713.TWO,上櫃,72.5,72.5,72.5,72.5,0
2024-07-10,7713,7713.TWO,上櫃,72.5,72.5,72.5,72.5,0
2024-07-11,7713,7713.TWO,上櫃,72.0,73.0,71.699997,71.699997,10004
2024-07-12,7713,7713.TWO,上櫃,71.699997,71.699997,71.699997,71.699997,0
2024-07-15,7713,7713.TWO,上櫃,71.699997,71.699997,71.699997,71.699997,3
2024-07-16,7713,7713.TWO,上櫃,75.0,75.0,72.0,72.0,1053
2024-07-17,7713,7713.TWO,上櫃,71.699997,73.0,71.699997,73.0,5000
2024-07-18,7713,7713.TWO,上櫃,74.0,74.0,71.699997,73.0,2012
2024-07-19,7713,7713.TWO,上櫃,73.0,73.0,72.0,72.5,6000
2024-07-22,7713,7713.TWO,上櫃,72.599998,72.599998,71.699997,71.699997,3000
2024-07-23,7713,7713.TWO,上櫃,71.699997,71.699997,71.699997,71.699997,0
2024-07-26,7713,7713.TWO,上櫃,72.300003,72.300003,68.900002,72.300003,5336
2024-07-29,7713,7713.TWO,上櫃,72.300003,72.300003,71.5,71.5,4020
2024-07-30,7713,7713.TWO,上櫃,69.400002,72.0,69.400002,72.0,4000
2024-07-31,7713,7713.TWO,上櫃,72.0,72.0,72.0,72.0,0
2024-08-01,7713,7713.TWO,上櫃,72.0,72.0,72.0,72.0,0
2024-08-02,7713,7713.TWO,上櫃,72.0,72.0,72.0,72.0,0
2024-08-05,7713,7713.TWO,上櫃,69.199997,69.5,68.400002,69.5,8000
2024-08-06,7713,7713.TWO,上櫃,68.199997,70.300003,68.199997,70.300003,5028
2024-08-07,7713,7713.TWO,上櫃,70.5,71.0,68.199997,71.0,6101
2024-08-08,7713,7713.TWO,上櫃,71.0,71.0,71.0,71.0,0
2024-08-09,7713,7713.TWO,上櫃,71.0,71.0,67.699997,67.699997,1001
2024-08-12,7713,7713.TWO,上櫃,67.699997,70.5,67.699997,68.699997,4500
2024-08-13,7713,7713.TWO,上櫃,68.699997,68.699997,68.699997,68.699997,0
2024-08-14,7713,7713.TWO,上櫃,68.699997,68.699997,68.699997,68.699997,0
2024-08-15,7713,7713.TWO,上櫃,68.699997,68.699997,68.699997,68.699997,0
2024-08-16,7713,7713.TWO,上櫃,71.0,71.0,71.0,71.0,3000
2024-08-19,7713,7713.TWO,上櫃,71.0,71.0,71.0,71.0,0
2024-08-20,7713,7713.TWO,上櫃,71.0,71.0,71.0,71.0,0
2024-08-21,7713,7713.TWO,上櫃,71.300003,71.300003,70.0,70.0,6000
2024-08-22,7713,7713.TWO,上櫃,71.300003,71.300003,71.300003,71.300003,3000
2024-08-23,7713,7713.TWO,上櫃,71.300003,71.300003,70.0,70.0,9000
2024-08-26,7713,7713.TWO,上櫃,71.300003,71.300003,71.300003,71.300003,5000
2024-08-27,7713,7713.TWO,上櫃,71.5,72.0,71.0,72.0,11503
2024-08-28,7713,7713.TWO,上櫃,72.0,72.0,71.199997,72.0,2005
2024-08-29,7713,7713.TWO,上櫃,69.800003,71.300003,68.0,71.300003,2519
2024-08-30,7713,7713.TWO,上櫃,71.300003,71.300003,68.0,71.300003,3516
2024-09-02,7713,7713.TWO,上櫃,68.0,74.699997,68.0,74.699997,23748
2024-09-03,7713,7713.TWO,上櫃,71.199997,74.0,70.0,71.0,15002
2024-09-04,7713,7713.TWO,上櫃,71.300003,71.300003,71.300003,71.300003,4000
2024-09-05,7713,7713.TWO,上櫃,71.300003,71.300003,71.300003,71.300003,3000
2024-09-06,7713,7713.TWO,上櫃,71.300003,71.300003,71.300003,71.300003,0
2024-09-09,7713,7713.TWO,上櫃,71.300003,71.300003,71.300003,71.300003,0
2024-09-10,7713,7713.TWO,上櫃,71.300003,71.300003,71.300003,71.300003,0
2024-09-11,7713,7713.TWO,上櫃,68.0,68.300003,68.0,68.300003,1640
2024-09-12,7713,7713.TWO,上櫃,68.300003,68.300003,68.300003,68.300003,3000
2024-09-13,7713,7713.TWO,上櫃,71.0,71.5,70.5,71.5,4003
2024-09-16,7713,7713.TWO,上櫃,71.5,71.5,71.5,71.5,0
2024-09-18,7713,7713.TWO,上櫃,71.5,71.5,71.5,71.5,0
2024-09-19,7713,7713.TWO,上櫃,71.300003,71.300003,71.300003,71.300003,3000
2024-09-20,7713,7713.TWO,上櫃,71.300003,71.300003,71.300003,71.300003,0
2024-09-23,7713,7713.TWO,上櫃,71.300003,71.300003,71.300003,71.300003,0
2024-09-24,7713,7713.TWO,上櫃,71.300003,71.300003,71.300003,71.300003,0
2024-09-25,7713,7713.TWO,上櫃,71.300003,71.300003,71.300003,71.300003,0
2024-09-26,7713,7713.TWO,上櫃,71.300003,71.300003,71.300003,71.300003,0
2024-09-27,7713,7713.TWO,上櫃,68.099998,69.800003,68.099998,69.099998,3200
2024-09-30,7713,7713.TWO,上櫃,67.800003,68.099998,67.800003,68.099998,8134
2024-10-01,7713,7713.TWO,上櫃,68.099998,68.099998,68.099998,68.099998,0
2024-10-04,7713,7713.TWO,上櫃,70.0,70.0,70.0,70.0,3000
2024-10-07,7713,7713.TWO,上櫃,70.199997,70.300003,70.0,70.0,9000
2024-10-08,7713,7713.TWO,上櫃,70.300003,70.300003,70.300003,70.300003,1000
2024-10-09,7713,7713.TWO,上櫃,70.300003,70.300003,70.300003,70.300003,0
2024-10-11,7713,7713.TWO,上櫃,70.300003,70.300003,70.300003,70.300003,0
2024-10-14,7713,7713.TWO,上櫃,70.5,70.599998,70.5,70.599998,5000
2024-10-15,7713,7713.TWO,上櫃,70.599998,70.599998,70.599998,70.599998,0
2024-10-16,7713,7713.TWO,上櫃,70.599998,70.599998,70.599998,70.599998,0
2024-10-17,7713,7713.TWO,上櫃,70.599998,70.599998,70.599998,70.599998,0
2024-10-18,7713,7713.TWO,上櫃,70.599998,70.599998,70.599998,70.599998,0
2024-10-21,7713,7713.TWO,上櫃,70.599998,70.599998,70.599998,70.599998,0
2024-10-22,7713,7713.TWO,上櫃,70.5,70.5,70.5,70.5,3
2024-10-23,7713,7713.TWO,上櫃,70.5,70.5,70.5,70.5,6
2024-10-24,7713,7713.TWO,上櫃,70.5,70.5,70.5,70.5,120
2024-10-25,7713,7713.TWO,上櫃,70.5,70.5,70.5,70.5,0
2024-10-28,7713,7713.TWO,上櫃,67.199997,69.5,67.199997,67.800003,3006
2024-10-29,7713,7713.TWO,上櫃,69.0,69.0,68.0,68.0,3000
2024-10-30,7713,7713.TWO,上櫃,66.599998,66.900002,66.599998,66.900002,3504
2024-11-01,7713,7713.TWO,上櫃,66.800003,68.0,66.800003,68.0,9100
2024-11-04,7713,7713.TWO,上櫃,68.0,68.0,68.0,68.0,517
2024-11-05,7713,7713.TWO,上櫃,68.0,69.300003,68.0,69.300003,14002
2024-11-06,7713,7713.TWO,上櫃,70.0,70.0,69.0,70.0,10924
2024-11-07,7713,7713.TWO,上櫃,70.0,71.0,69.5,71.0,5511
2024-11-08,7713,7713.TWO,上櫃,71.0,71.199997,70.0,71.0,15182
2024-11-11,7713,7713.TWO,上櫃,68.0,69.0,68.0,69.0,3200
2024-11-12,7713,7713.TWO,上櫃,71.0,71.0,71.0,71.0,1000
2024-11-13,7713,7713.TWO,上櫃,71.0,71.0,71.0,71.0,3250
2024-11-14,7713,7713.TWO,上櫃,71.199997,71.199997,69.699997,70.0,4250
2024-11-15,7713,7713.TWO,上櫃,70.0,70.0,70.0,70.0,250
2024-11-18,7713,7713.TWO,上櫃,70.0,70.0,70.0,70.0,350
2024-11-19,7713,7713.TWO,上櫃,70.0,70.0,69.0,69.300003,11623
2024-11-20,7713,7713.TWO,上櫃,69.300003,69.300003,69.300003,69.300003,0
2024-11-21,7713,7713.TWO,上櫃,68.900002,71.5,68.900002,71.5,3001
2024-11-22,7713,7713.TWO,上櫃,70.0,71.0,69.800003,71.0,6033
2024-11-25,7713,7713.TWO,上櫃,71.0,71.0,71.0,71.0,30
2024-11-26,7713,7713.TWO,上櫃,71.0,71.0,71.0,71.0,0
2024-11-27,7713,7713.TWO,上櫃,71.5,71.5,69.0,69.800003,4001
2024-11-28,7713,7713.TWO,上櫃,69.0,71.300003,69.0,71.300003,3450
2024-11-29,7713,7713.TWO,上櫃,70.0,72.0,70.0,71.199997,11391
2024-12-02,7713,7713.TWO,上櫃,72.0,74.5,71.5,73.699997,16806
2024-12-03,7713,7713.TWO,上櫃,79.599998,80.699997,74.5,80.5,56672
2024-12-04,7713,7713.TWO,上櫃,80.5,80.5,78.0,78.800003,30971
2024-12-05,7713,7713.TWO,上櫃,79.0,81.699997,79.0,81.0,7528
2024-12-06,7713,7713.TWO,上櫃,81.0,86.0,79.0,83.0,21769
2024-12-09,7713,7713.TWO,上櫃,81.699997,82.0,81.699997,82.0,3001
2024-12-10,7713,7713.TWO,上櫃,81.0,81.900002,81.0,81.900002,4500
2024-12-11,7713,7713.TWO,上櫃,81.900002,81.900002,81.900002,81.900002,100
2024-12-12,7713,7713.TWO,上櫃,81.900002,81.900002,81.900002,81.900002,1280
2024-12-13,7713,7713.TWO,上櫃,80.0,82.0,80.0,82.0,1001
2024-12-16,7713,7713.TWO,上櫃,82.0,82.0,78.0,82.0,1014
2024-12-17,7713,7713.TWO,上櫃,78.0,80.0,77.900002,80.0,13001
2024-12-18,7713,7713.TWO,上櫃,80.0,80.0,78.0,78.0,1001
2024-12-19,7713,7713.TWO,上櫃,80.0,80.0,80.0,80.0,1
2024-12-20,7713,7713.TWO,上櫃,80.0,80.0,79.0,79.0,5000
2024-12-23,7713,7713.TWO,上櫃,78.0,78.0,78.0,78.0,1000
2024-12-24,7713,7713.TWO,上櫃,81.5,83.0,81.099998,81.5,20002
2024-12-25,7713,7713.TWO,上櫃,83.0,83.0,81.5,83.0,4502
2024-12-26,7713,7713.TWO,上櫃,82.0,82.300003,81.199997,82.300003,10001
2024-12-27,7713,7713.TWO,上櫃,79.699997,80.0,79.0,79.0,19602
2024-12-30,7713,7713.TWO,上櫃,77.5,79.0,76.0,77.5,20000
2024-12-31,7713,7713.TWO,上櫃,76.800003,78.0,76.800003,78.0,6000
2025-01-02,7713,7713.TWO,上櫃,79.0,80.0,79.0,80.0,1001
2025-01-03,7713,7713.TWO,上櫃,80.300003,80.300003,80.300003,80.300003,1001
2025-01-06,7713,7713.TWO,上櫃,80.300003,80.300003,80.300003,80.300003,501
2025-01-07,7713,7713.TWO,上櫃,80.099998,80.099998,80.099998,80.099998,2000
2025-01-08,7713,7713.TWO,上櫃,80.099998,80.5,80.099998,80.5,1350
2025-01-09,7713,7713.TWO,上櫃,77.0,78.0,76.5,78.0,13000
2025-01-10,7713,7713.TWO,上櫃,79.300003,80.0,78.5,78.5,16000
2025-01-13,7713,7713.TWO,上櫃,80.0,80.0,80.0,80.0,1000
2025-01-14,7713,7713.TWO,上櫃,80.0,80.0,80.0,80.0,2002
2025-01-15,7713,7713.TWO,上櫃,80.300003,80.300003,80.300003,80.300003,700
2025-01-16,7713,7713.TWO,上櫃,80.300003,80.300003,77.0,78.5,8752
2025-01-17,7713,7713.TWO,上櫃,78.0,78.0,77.0,77.0,3050
2025-01-20,7713,7713.TWO,上櫃,78.0,80.0,76.5,80.0,12030
2025-01-21,7713,7713.TWO,上櫃,78.0,78.0,78.0,78.0,1000
2025-01-22,7713,7713.TWO,上櫃,78.0,80.0,77.699997,78.0,10017
2025-02-03,7713,7713.TWO,上櫃,77.699997,80.699997,77.0,80.699997,20001
2025-02-04,7713,7713.TWO,上櫃,78.0,78.300003,77.400002,78.199997,40199
2025-02-05,7713,7713.TWO,上櫃,77.699997,78.0,77.300003,78.0,15006
2025-02-06,7713,7713.TWO,上櫃,77.300003,77.300003,77.0,77.0,14000
2025-02-07,7713,7713.TWO,上櫃,77.400002,77.599998,77.400002,77.599998,2450
2025-02-10,7713,7713.TWO,上櫃,77.599998,77.900002,77.199997,77.900002,15101
2025-02-11,7713,7713.TWO,上櫃,77.900002,77.900002,76.0,76.0,13013
2025-02-12,7713,7713.TWO,上櫃,76.0,76.300003,75.0,76.300003,16024
2025-02-13,7713,7713.TWO,上櫃,75.800003,77.400002,74.5,77.400002,38402
2025-02-14,7713,7713.TWO,上櫃,76.199997,78.0,76.199997,77.199997,19470
2025-02-17,7713,7713.TWO,上櫃,77.199997,78.300003,75.0,78.300003,18211
2025-02-18,7713,7713.TWO,上櫃,78.300003,78.800003,75.5,76.0,19436
2025-02-19,7713,7713.TWO,上櫃,75.300003,77.0,74.900002,76.0,7309
2025-02-20,7713,7713.TWO,上櫃,76.0,76.0,74.199997,74.300003,9132
2025-02-21,7713,7713.TWO,上櫃,74.300003,78.199997,74.300003,76.199997,26034
2025-02-24,7713,7713.TWO,上櫃,69.699997,69.699997,67.0,68.0,1053202
2025-02-25,7713,7713.TWO,上櫃,68.0,68.0,65.199997,65.5,405100
2025-02-26,7713,7713.TWO,上櫃,65.400002,65.699997,64.0,65.400002,215001
2025-02-27,7713,7713.TWO,上櫃,65.400002,65.5,64.599998,65.199997,101020
2025-03-03,7713,7713.TWO,上櫃,65.199997,65.400002,65.0,65.300003,86004
2025-03-04,7713,7713.TWO,上櫃,64.900002,64.900002,64.400002,64.5,73453
2025-03-05,7713,7713.TWO,上櫃,64.0,64.5,62.700001,64.5,137120
2025-03-06,7713,7713.TWO,上櫃,64.099998,64.099998,63.200001,63.200001,66938
2025-03-07,7713,7713.TWO,上櫃,63.0,63.0,61.799999,62.200001,153160
2025-03-10,7713,7713.TWO,上櫃,62.0,62.0,61.099998,61.599998,57000
2025-03-11,7713,7713.TWO,上櫃,61.299999,61.299999,59.5,60.700001,111004
2025-03-12,7713,7713.TWO,上櫃,60.700001,60.799999,60.299999,60.5,61000
2025-03-13,7713,7713.TWO,上櫃,60.5,61.700001,60.5,60.799999,56000
2025-03-14,7713,7713.TWO,上櫃,59.799999,60.599998,59.799999,60.200001,62000
2025-03-17,7713,7713.TWO,上櫃,61.200001,61.200001,60.700001,60.700001,21005
2025-03-18,7713,7713.TWO,上櫃,60.700001,60.700001,60.299999,60.400002,27000
2025-03-19,7713,7713.TWO,上櫃,60.400002,60.900002,59.900002,60.799999,72000
2025-03-20,7713,7713.TWO,上櫃,60.900002,62.900002,60.900002,62.900002,89000
2025-03-21,7713,7713.TWO,上櫃,62.0,62.799999,61.400002,62.599998,23000
2025-03-24,7713,7713.TWO,上櫃,62.599998,62.599998,61.200001,61.200001,13007
2025-03-25,7713,7713.TWO,上櫃,61.299999,62.0,60.900002,61.900002,37000
2025-03-26,7713,7713.TWO,上櫃,62.299999,62.299999,61.799999,62.099998,4000
2025-03-27,7713,7713.TWO,上櫃,61.5,61.5,60.900002,61.5,24000
2025-03-28,7713,7713.TWO,上櫃,61.200001,61.200001,60.299999,60.900002,56000
2025-03-31,7713,7713.TWO,上櫃,60.299999,60.799999,59.700001,60.799999,103000
2025-04-01,7713,7713.TWO,上櫃,60.799999,60.799999,60.099998,60.200001,30000
2025-04-02,7713,7713.TWO,上櫃,60.299999,60.400002,60.0,60.200001,26000
2025-04-07,7713,7713.TWO,上櫃,54.200001,57.0,54.200001,55.0,168040
2025-04-08,7713,7713.TWO,上櫃,55.799999,58.0,55.0,55.599998,106010
2025-04-09,7713,7713.TWO,上櫃,55.599998,56.0,55.099998,55.099998,76001
2025-04-10,7713,7713.TWO,上櫃,57.0,58.900002,57.0,57.700001,66010
2025-04-11,7713,7713.TWO,上櫃,57.599998,57.599998,57.5,57.5,5000
2025-04-14,7713,7713.TWO,上櫃,58.0,58.0,57.599998,57.700001,37003
2025-04-15,7713,7713.TWO,上櫃,58.0,58.400002,57.799999,57.799999,20000
2025-04-16,7713,7713.TWO,上櫃,57.799999,58.299999,57.799999,57.799999,25000
2025-04-17,7713,7713.TWO,上櫃,58.0,58.400002,58.0,58.400002,38010
2025-04-18,7713,7713.TWO,上櫃,59.0,59.900002,59.0,59.200001,29000
2025-04-21,7713,7713.TWO,上櫃,59.200001,59.200001,59.0,59.0,17010
2025-04-22,7713,7713.TWO,上櫃,58.5,58.799999,57.799999,58.099998,30010
2025-04-23,7713,7713.TWO,上櫃,58.099998,58.400002,57.5,58.200001,55000
2025-04-24,7713,7713.TWO,上櫃,58.0,58.0,57.200001,57.700001,20000
2025-04-25,7713,7713.TWO,上櫃,57.700001,57.700001,57.200001,57.400002,29150
2025-04-28,7713,7713.TWO,上櫃,57.299999,57.299999,56.5,56.5,24030
2025-04-29,7713,7713.TWO,上櫃,56.5,56.5,55.900002,56.200001,32000
2025-04-30,7713,7713.TWO,上櫃,56.200001,56.5,56.200001,56.200001,39000
2025-05-02,7713,7713.TWO,上櫃,56.5,57.200001,56.200001,57.200001,39000
2025-05-05,7713,7713.TWO,上櫃,57.5,57.700001,57.0,57.700001,68001
2025-05-06,7713,7713.TWO,上櫃,58.0,58.200001,58.0,58.099998,35000
2025-05-07,7713,7713.TWO,上櫃,58.0,58.099998,58.0,58.099998,3000
2025-05-08,7713,7713.TWO,上櫃,57.900002,58.200001,57.900002,58.099998,22000
2025-05-09,7713,7713.TWO,上櫃,58.200001,58.5,58.200001,58.5,15000
2025-05-12,7713,7713.TWO,上櫃,58.5,58.5,57.700001,57.799999,26000
2025-05-13,7713,7713.TWO,上櫃,57.599998,58.200001,57.599998,58.0,33000
2025-05-14,7713,7713.TWO,上櫃,60.0,60.0,58.799999,59.099998,19000
2025-05-15,7713,7713.TWO,上櫃,59.200001,59.200001,58.799999,58.799999,24000
2025-05-16,7713,7713.TWO,上櫃,58.799999,59.799999,58.799999,59.0,21000
2025-05-19,7713,7713.TWO,上櫃,58.799999,58.799999,58.099998,58.099998,28000
2025-05-20,7713,7713.TWO,上櫃,58.200001,58.5,58.099998,58.299999,13001
2025-05-21,7713,7713.TWO,上櫃,58.299999,58.599998,58.200001,58.599998,30000
2025-05-22,7713,7713.TWO,上櫃,58.799999,60.0,58.799999,60.0,68000
2025-05-23,7713,7713.TWO,上櫃,60.700001,60.900002,60.099998,60.400002,19000
2025-05-26,7713,7713.TWO,上櫃,60.400002,60.5,58.799999,59.700001,59000
2025-05-27,7713,7713.TWO,上櫃,60.5,61.299999,60.200001,61.0,345060
2025-05-28,7713,7713.TWO,上櫃,62.0,63.5,62.0,62.099998,423142
2025-05-29,7713,7713.TWO,上櫃,62.900002,62.900002,61.200001,62.299999,64171
2025-06-02,7713,7713.TWO,上櫃,62.099998,62.099998,61.0,61.099998,31025
2025-06-03,7713,7713.TWO,上櫃,57.5,59.0,57.5,59.0,46020
2025-06-04,7713,7713.TWO,上櫃,59.700001,59.700001,58.5,58.799999,21000
2025-06-05,7713,7713.TWO,上櫃,59.0,59.5,58.200001,59.5,11000
2025-06-06,7713,7713.TWO,上櫃,58.299999,59.700001,58.099998,58.5,24035
2025-06-09,7713,7713.TWO,上櫃,59.400002,59.400002,58.200001,58.299999,11000
2025-06-10,7713,7713.TWO,上櫃,58.299999,58.900002,58.299999,58.900002,20000
2025-06-11,7713,7713.TWO,上櫃,62.0,62.0,59.700001,60.0,38000
2025-06-12,7713,7713.TWO,上櫃,60.299999,60.900002,59.400002,60.900002,48000
2025-06-13,7713,7713.TWO,上櫃,60.299999,60.299999,59.900002,60.0,12000
2025-06-16,7713,7713.TWO,上櫃,60.299999,60.299999,60.099998,60.200001,23000
2025-06-17,7713,7713.TWO,上櫃,60.400002,60.599998,60.299999,60.599998,30000
2025-06-18,7713,7713.TWO,上櫃,60.599998,60.599998,60.599998,60.599998,1000
2025-06-19,7713,7713.TWO,上櫃,60.400002,60.5,60.299999,60.299999,14000
2025-06-20,7713,7713.TWO,上櫃,60.400002,60.5,60.200001,60.5,15000
2025-06-23,7713,7713.TWO,上櫃,60.5,60.5,60.200001,60.299999,6000
2025-06-24,7713,7713.TWO,上櫃,60.400002,60.5,60.299999,60.5,12000
2025-06-25,7713,7713.TWO,上櫃,60.599998,61.299999,60.5,61.0,60000
2025-06-26,7713,7713.TWO,上櫃,61.200001,61.200001,61.0,61.099998,14000
2025-06-27,7713,7713.TWO,上櫃,61.099998,61.099998,60.900002,60.900002,13000
2025-06-30,7713,7713.TWO,上櫃,60.900002,61.0,60.799999,61.0,35000
2025-07-01,7713,7713.TWO,上櫃,61.400002,61.400002,61.099998,61.200001,36000
2025-07-02,7713,7713.TWO,上櫃,61.5,63.0,61.299999,63.0,32000
2025-07-03,7713,7713.TWO,上櫃,63.400002,63.400002,62.700001,63.0,30000
2025-07-04,7713,7713.TWO,上櫃,63.0,63.0,62.099998,62.5,49056
2025-07-07,7713,7713.TWO,上櫃,62.299999,62.5,62.099998,62.099998,39000
2025-07-08,7713,7713.TWO,上櫃,62.200001,63.099998,62.200001,62.900002,27000
2025-07-09,7713,7713.TWO,上櫃,63.0,63.0,62.900002,62.900002,6000
2025-07-10,7713,7713.TWO,上櫃,62.900002,62.900002,62.700001,62.900002,23000
2025-07-11,7713,7713.TWO,上櫃,62.900002,64.300003,62.900002,63.799999,147000
2025-07-14,7713,7713.TWO,上櫃,65.300003,66.0,63.799999,63.799999,43000
2025-07-15,7713,7713.TWO,上櫃,63.700001,64.0,63.700001,63.900002,8000
2025-07-16,7713,7713.TWO,上櫃,63.900002,64.0,63.799999,63.799999,13000
2025-07-17,7713,7713.TWO,上櫃,63.900002,64.400002,63.799999,63.900002,28000
2025-07-18,7713,7713.TWO,上櫃,63.900002,64.300003,63.900002,63.900002,42000
2025-07-21,7713,7713.TWO,上櫃,64.099998,64.099998,63.900002,64.0,36000
2025-07-22,7713,7713.TWO,上櫃,63.900002,64.0,63.5,64.0,24000
2025-07-23,7713,7713.TWO,上櫃,64.5,65.300003,63.700001,64.800003,84000
2025-07-24,7713,7713.TWO,上櫃,64.0,64.5,64.0,64.5,17000
2025-07-25,7713,7713.TWO,上櫃,64.0,64.5,63.900002,64.0,18000
2025-07-28,7713,7713.TWO,上櫃,64.199997,65.5,63.700001,64.699997,24000
2025-07-29,7713,7713.TWO,上櫃,64.800003,65.400002,64.699997,65.0,16000
2025-07-30,7713,7713.TWO,上櫃,65.0,65.300003,64.699997,65.300003,13000
2025-07-31,7713,7713.TWO,上櫃,65.0,65.300003,64.900002,64.900002,10000
2025-08-04,7713,7713.TWO,上櫃,66.0,66.0,65.300003,65.599998,7000
2025-08-05,7713,7713.TWO,上櫃,65.900002,66.199997,65.599998,65.800003,20010
2025-08-06,7713,7713.TWO,上櫃,66.5,66.5,65.800003,65.900002,7000
2025-08-07,7713,7713.TWO,上櫃,65.800003,66.199997,65.699997,66.099998,28030
2025-08-08,7713,7713.TWO,上櫃,66.300003,66.300003,66.099998,66.199997,13221
2025-08-11,7713,7713.TWO,上櫃,69.5,71.699997,69.5,70.900002,169000
2025-08-12,7713,7713.TWO,上櫃,70.900002,71.199997,70.5,70.800003,31000
2025-08-13,7713,7713.TWO,上櫃,70.800003,70.800003,69.0,69.300003,28536
2025-08-14,7713,7713.TWO,上櫃,69.300003,69.5,69.0,69.300003,24001
2025-08-15,7713,7713.TWO,上櫃,70.0,70.0,69.5,69.5,17020
2025-08-18,7713,7713.TWO,上櫃,69.5,69.900002,68.900002,69.699997,20000
2025-08-19,7713,7713.TWO,上櫃,69.699997,69.699997,69.300003,69.699997,15162
2025-08-20,7713,7713.TWO,上櫃,70.0,70.0,69.400002,69.5,9000
2025-08-21,7713,7713.TWO,上櫃,69.5,69.5,69.300003,69.400002,8000
2025-08-22,7713,7713.TWO,上櫃,69.5,69.5,69.300003,69.300003,8000
2025-08-25,7713,7713.TWO,上櫃,69.5,70.0,69.5,70.0,34000
2025-08-26,7713,7713.TWO,上櫃,70.0,70.099998,70.0,70.099998,10000
2025-08-27,7713,7713.TWO,上櫃,71.599998,71.599998,70.5,70.5,14009
2025-08-28,7713,7713.TWO,上櫃,70.5,70.699997,70.300003,70.699997,9000
2025-08-29,7713,7713.TWO,上櫃,70.5,71.0,69.900002,69.900002,46000
2025-09-01,7713,7713.TWO,上櫃,70.300003,70.800003,70.099998,70.099998,35000
2025-09-02,7713,7713.TWO,上櫃,70.300003,70.300003,70.0,70.0,18000
2025-09-03,7713,7713.TWO,上櫃,70.099998,73.099998,70.099998,73.099998,62010
2025-09-04,7713,7713.TWO,上櫃,73.099998,73.199997,71.400002,72.800003,14080
2025-09-05,7713,7713.TWO,上櫃,72.0,72.199997,71.800003,71.800003,12000
2025-09-08,7713,7713.TWO,上櫃,73.0,73.0,72.5,73.0,22000
2025-09-09,7713,7713.TWO,上櫃,73.0,74.0,72.800003,74.0,27000
2025-09-10,7713,7713.TWO,上櫃,74.0,76.0,73.900002,76.0,48050
2025-09-11,7713,7713.TWO,上櫃,76.400002,83.0,76.099998,81.699997,109037
2025-09-12,7713,7713.TWO,上櫃,78.5,81.0,78.0,79.0,57000
2025-09-15,7713,7713.TWO,上櫃,76.0,76.599998,74.199997,76.0,55000
2025-09-16,7713,7713.TWO,上櫃,72.400002,75.0,72.400002,74.0,8000
2025-09-17,7713,7713.TWO,上櫃,73.0,73.0,72.5,72.699997,17000
2025-09-18,7713,7713.TWO,上櫃,73.0,74.5,72.800003,74.5,18088
2025-09-19,7713,7713.TWO,上櫃,72.599998,73.0,72.5,72.900002,21000
2025-09-22,7713,7713.TWO,上櫃,73.0,73.0,72.199997,72.5,11000
2025-09-23,7713,7713.TWO,上櫃,72.5,72.800003,72.400002,72.400002,17000
2025-09-24,7713,7713.TWO,上櫃,74.099998,74.800003,72.400002,72.400002,26000
2025-09-25,7713,7713.TWO,上櫃,72.5,73.5,72.5,73.099998,15000
2025-09-26,7713,7713.TWO,上櫃,73.900002,73.900002,73.300003,73.900002,20000
2025-09-30,7713,7713.TWO,上櫃,74.699997,77.0,74.699997,76.699997,28000
2025-10-01,7713,7713.TWO,上櫃,80.0,80.0,76.099998,77.900002,33100
2025-10-02,7713,7713.TWO,上櫃,77.900002,79.0,77.5,78.599998,38000
2025-10-03,7713,7713.TWO,上櫃,78.599998,78.599998,76.5,78.0,20000
2025-10-07,7713,7713.TWO,上櫃,77.5,78.0,77.0,77.0,10000
2025-10-08,7713,7713.TWO,上櫃,76.5,76.5,76.5,76.5,2000
2025-10-09,7713,7713.TWO,上櫃,76.599998,78.0,75.5,76.0,10000
2025-10-13,7713,7713.TWO,上櫃,75.0,78.199997,74.699997,77.800003,9010
2025-10-14,7713,7713.TWO,上櫃,76.0,77.5,75.0,75.0,8000
2025-10-15,7713,7713.TWO,上櫃,75.099998,76.300003,75.0,75.0,21000
2025-10-16,7713,7713.TWO,上櫃,75.0,75.0,72.5,75.0,78010
2025-10-17,7713,7713.TWO,上櫃,75.0,77.0,75.0,76.599998,28012
2025-10-20,7713,7713.TWO,上櫃,76.5,76.5,75.5,75.5,3000
2025-10-21,7713,7713.TWO,上櫃,75.0,75.0,73.099998,74.5,37000
2025-10-22,7713,7713.TWO,上櫃,76.400002,76.400002,74.0,74.800003,23000
2025-10-23,7713,7713.TWO,上櫃,74.199997,74.199997,72.800003,73.400002,32000
2025-10-27,7713,7713.TWO,上櫃,73.5,73.5,73.0,73.5,13000
2025-10-28,7713,7713.TWO,上櫃,73.400002,73.400002,73.400002,73.400002,4000
2025-10-29,7713,7713.TWO,上櫃,73.400002,73.800003,73.400002,73.800003,12000
2025-10-30,7713,7713.TWO,上櫃,73.5,74.0,73.300003,73.900002,19000
2025-10-31,7713,7713.TWO,上櫃,74.0,74.5,74.0,74.5,16000
2025-11-03,7713,7713.TWO,上櫃,73.599998,73.599998,73.300003,73.300003,12000
2025-11-04,7713,7713.TWO,上櫃,73.400002,73.400002,73.300003,73.300003,5000
2025-11-05,7713,7713.TWO,上櫃,73.400002,80.400002,73.099998,74.900002,45121
2025-11-06,7713,7713.TWO,上櫃,74.0,74.5,74.0,74.5,4012
2025-11-07,7713,7713.TWO,上櫃,74.400002,74.400002,73.800003,73.800003,3150
2025-11-10,7713,7713.TWO,上櫃,74.099998,74.5,73.800003,74.0,13000
2025-11-11,7713,7713.TWO,上櫃,74.0,74.5,74.0,74.300003,7000
2025-11-12,7713,7713.TWO,上櫃,73.599998,78.800003,73.599998,74.5,20000
2025-11-13,7713,7713.TWO,上櫃,73.5,74.5,73.199997,74.5,16000
2025-11-14,7713,7713.TWO,上櫃,73.599998,73.599998,73.5,73.5,2000
2025-11-17,7713,7713.TWO,上櫃,76.199997,76.199997,73.5,73.5,10000
2025-11-18,7713,7713.TWO,上櫃,73.599998,73.699997,73.599998,73.599998,14000
2025-11-19,7713,7713.TWO,上櫃,73.5,73.5,73.0,73.400002,20005
2025-11-20,7713,7713.TWO,上櫃,73.5,74.5,73.5,74.199997,27000
2025-11-21,7713,7713.TWO,上櫃,73.5,74.0,73.400002,73.5,8000
2025-11-24,7713,7713.TWO,上櫃,74.0,74.0,73.5,73.900002,12000
2025-11-25,7713,7713.TWO,上櫃,73.599998,74.0,73.5,73.800003,10000
2025-11-26,7713,7713.TWO,上櫃,74.0,75.199997,74.0,74.199997,17000
2025-11-27,7713,7713.TWO,上櫃,74.5,74.5,73.5,73.800003,3079
2025-11-28,7713,7713.TWO,上櫃,73.5,73.800003,73.400002,73.800003,11000
2025-12-01,7713,7713.TWO,上櫃,73.5,81.099998,73.5,73.800003,78000
2025-12-02,7713,7713.TWO,上櫃,74.099998,76.900002,74.099998,75.300003,41010
2025-12-03,7713,7713.TWO,上櫃,75.300003,75.300003,73.599998,73.599998,2000
2025-12-04,7713,7713.TWO,上櫃,74.0,74.0,73.800003,74.0,7000
2025-12-05,7713,7713.TWO,上櫃,74.0,74.5,74.0,74.0,17400
2025-12-08,7713,7713.TWO,上櫃,73.800003,75.5,73.5,75.5,5103
2025-12-09,7713,7713.TWO,上櫃,75.5,75.5,75.5,75.5,0
2025-12-10,7713,7713.TWO,上櫃,74.5,75.199997,74.0,74.400002,14000
2025-12-11,7713,7713.TWO,上櫃,74.400002,74.5,74.0,74.5,14088
2025-12-12,7713,7713.TWO,上櫃,73.5,74.199997,73.300003,74.199997,10000
2025-12-15,7713,7713.TWO,上櫃,74.199997,74.199997,74.199997,74.199997,0
2025-12-16,7713,7713.TWO,上櫃,75.300003,75.300003,75.300003,75.300003,6000
2025-12-17,7713,7713.TWO,上櫃,75.300003,75.300003,75.300003,75.300003,0
2025-12-18,7713,7713.TWO,上櫃,74.5,74.5,74.5,74.5,1000
2025-12-19,7713,7713.TWO,上櫃,74.5,74.599998,74.199997,74.199997,5000
2025-12-22,7713,7713.TWO,上櫃,73.5,73.5,73.0,73.199997,32005
2025-12-23,7713,7713.TWO,上櫃,73.699997,74.0,73.5,73.5,8000
2025-12-24,7713,7713.TWO,上櫃,74.0,74.0,74.0,74.0,3000
2025-12-26,7713,7713.TWO,上櫃,73.699997,74.0,73.599998,73.800003,8000
2025-12-29,7713,7713.TWO,上櫃,74.0,74.5,74.0,74.5,3000
2025-12-30,7713,7713.TWO,上櫃,74.5,74.5,74.5,74.5,0
2025-12-31,7713,7713.TWO,上櫃,73.800003,74.0,73.099998,73.400002,25000
2026-01-02,7713,7713.TWO,上櫃,73.300003,73.400002,72.800003,72.800003,13000
2026-01-05,7713,7713.TWO,上櫃,72.800003,72.800003,72.0,72.0,16000
2026-01-06,7713,7713.TWO,上櫃,72.0,72.0,72.0,72.0,3000
2026-01-07,7713,7713.TWO,上櫃,72.0,73.0,72.0,72.0,8000
2026-01-08,7713,7713.TWO,上櫃,70.099998,72.0,70.099998,70.5,28000
2026-01-09,7713,7713.TWO,上櫃,70.199997,71.5,70.199997,70.5,4000
2026-01-12,7713,7713.TWO,上櫃,71.0,71.0,70.099998,70.699997,4000
2026-01-13,7713,7713.TWO,上櫃,71.5,71.5,70.699997,70.800003,22000
2026-01-14,7713,7713.TWO,上櫃,70.800003,71.5,70.800003,71.5,19000
2026-01-15,7713,7713.TWO,上櫃,71.0,71.0,70.599998,70.599998,5000
2026-01-16,7713,7713.TWO,上櫃,71.5,71.5,70.800003,70.800003,15000
2026-01-19,7713,7713.TWO,上櫃,70.099998,74.400002,70.099998,71.300003,15000
2026-01-20,7713,7713.TWO,上櫃,71.300003,71.300003,71.300003,71.300003,0
2026-01-21,7713,7713.TWO,上櫃,71.300003,71.300003,71.300003,71.300003,0
2026-01-22,7713,7713.TWO,上櫃,70.300003,70.800003,70.199997,70.400002,18000
2026-01-23,7713,7713.TWO,上櫃,71.0,71.0,70.199997,70.199997,19000
2026-01-26,7713,7713.TWO,上櫃,71.900002,71.900002,70.300003,70.300003,14000
2026-01-27,7713,7713.TWO,上櫃,70.199997,70.300003,70.199997,70.300003,7000
2026-01-28,7713,7713.TWO,上櫃,70.199997,70.5,70.199997,70.5,12000
2026-01-29,7713,7713.TWO,上櫃,70.699997,70.699997,70.599998,70.599998,4000
2026-01-30,7713,7713.TWO,上櫃,70.199997,70.699997,70.199997,70.599998,7000
2026-02-02,7713,7713.TWO,上櫃,69.800003,72.0,69.599998,72.0,13000
2026-02-03,7713,7713.TWO,上櫃,72.0,72.0,72.0,72.0,0
2026-02-04,7713,7713.TWO,上櫃,72.0,72.0,72.0,72.0,0
2026-02-05,7713,7713.TWO,上櫃,70.599998,70.900002,70.300003,70.300003,6000
2026-02-06,7713,7713.TWO,上櫃,70.400002,70.599998,70.300003,70.5,28001
2026-02-09,7713,7713.TWO,上櫃,70.5,71.0,69.900002,70.900002,5000
2026-02-10,7713,7713.TWO,上櫃,70.900002,70.900002,70.900002,70.900002,0
2026-02-11,7713,7713.TWO,上櫃,70.0,71.0,70.0,71.0,12000
2026-02-23,7713,7713.TWO,上櫃,70.0,70.0,69.900002,70.0,22000
2026-02-24,7713,7713.TWO,上櫃,69.699997,71.5,69.599998,69.599998,10000
2026-02-25,7713,7713.TWO,上櫃,69.599998,71.400002,69.599998,69.900002,7062
2026-02-26,7713,7713.TWO,上櫃,70.0,70.0,69.900002,69.900002,5016
2026-03-02,7713,7713.TWO,上櫃,69.599998,71.0,69.5,70.0,13080
2026-03-03,7713,7713.TWO,上櫃,71.0,71.199997,70.300003,70.300003,24439
2026-03-04,7713,7713.TWO,上櫃,70.0,70.099998,69.199997,69.300003,20000
2026-03-05,7713,7713.TWO,上櫃,71.0,71.0,71.0,71.0,1000
2026-03-06,7713,7713.TWO,上櫃,71.300003,71.300003,70.0,70.199997,8100
2026-03-09,7713,7713.TWO,上櫃,69.199997,70.099998,66.900002,69.5,25000
2026-03-10,7713,7713.TWO,上櫃,70.0,70.5,69.800003,69.800003,15000
2026-03-11,7713,7713.TWO,上櫃,71.5,71.5,71.0,71.0,10097
2026-03-12,7713,7713.TWO,上櫃,70.099998,71.800003,70.099998,71.599998,13000
2026-03-13,7713,7713.TWO,上櫃,71.599998,71.800003,71.099998,71.599998,13000
2026-03-16,7713,7713.TWO,上櫃,73.0,73.0,72.5,72.5,2014
2026-03-17,7713,7713.TWO,上櫃,72.400002,72.5,72.300003,72.300003,29001
2026-03-18,7713,7713.TWO,上櫃,72.5,72.599998,71.699997,72.199997,38000
2026-03-19,7713,7713.TWO,上櫃,72.300003,72.5,72.300003,72.5,9000
2026-03-20,7713,7713.TWO,上櫃,72.5,72.5,72.5,72.5,0
2026-03-23,7713,7713.TWO,上櫃,72.300003,73.0,71.5,73.0,9020
2026-03-24,7713,7713.TWO,上櫃,73.0,73.0,73.0,73.0,6000
2026-03-25,7713,7713.TWO,上櫃,71.0,72.900002,71.0,72.900002,17000
2026-03-26,7713,7713.TWO,上櫃,73.5,73.900002,72.900002,73.5,15015
2026-03-27,7713,7713.TWO,上櫃,69.5,71.0,67.5,68.300003,44010
2026-03-30,7713,7713.TWO,上櫃,67.599998,67.599998,67.099998,67.199997,15010
2026-03-31,7713,7713.TWO,上櫃,67.099998,67.5,66.900002,67.400002,10000
2026-04-01,7713,7713.TWO,上櫃,67.099998,67.300003,67.099998,67.300003,8000
2026-04-02,7713,7713.TWO,上櫃,67.099998,67.699997,66.199997,67.699997,14000
2026-04-07,7713,7713.TWO,上櫃,66.400002,67.199997,66.400002,67.199997,19000
2026-04-08,7713,7713.TWO,上櫃,66.300003,66.300003,66.0,66.099998,8004
2026-04-09,7713,7713.TWO,上櫃,66.099998,66.800003,66.099998,66.5,60000
2026-04-10,7713,7713.TWO,上櫃,67.800003,68.199997,66.5,68.199997,14000
2026-04-13,7713,7713.TWO,上櫃,69.800003,69.800003,68.599998,68.599998,7000
2026-04-14,7713,7713.TWO,上櫃,68.300003,68.300003,67.699997,67.699997,3000
2026-04-15,7713,7713.TWO,上櫃,66.599998,67.0,66.599998,67.0,8000
2026-04-16,7713,7713.TWO,上櫃,67.0,67.0,67.0,67.0,9000
2026-04-17,7713,7713.TWO,上櫃,67.0,67.0,66.900002,67.0,15000
2026-04-20,7713,7713.TWO,上櫃,66.599998,67.5,66.599998,66.599998,11000
2026-04-21,7713,7713.TWO,上櫃,66.599998,67.800003,66.300003,67.800003,27000
2026-04-22,7713,7713.TWO,上櫃,66.400002,67.5,66.400002,66.800003,15000
2026-04-23,7713,7713.TWO,上櫃,66.699997,67.800003,66.599998,67.699997,14000
2026-04-24,7713,7713.TWO,上櫃,67.699997,68.0,67.199997,67.199997,7000
2026-04-27,7713,7713.TWO,上櫃,67.199997,67.5,67.199997,67.5,2000
2026-04-28,7713,7713.TWO,上櫃,67.5,67.5,67.5,67.5,0
2026-04-29,7713,7713.TWO,上櫃,67.0,67.5,67.0,67.5,5000
2026-04-30,7713,7713.TWO,上櫃,67.0,68.400002,67.0,67.900002,13000
2026-05-04,7713,7713.TWO,上櫃,67.900002,67.900002,66.199997,67.5,16000
2026-05-05,7713,7713.TWO,上櫃,66.599998,68.0,66.199997,67.199997,11000
2026-05-06,7713,7713.TWO,上櫃,67.199997,67.199997,66.800003,67.099998,4000
2026-05-07,7713,7713.TWO,上櫃,68.0,69.0,68.0,68.599998,62000
2026-05-08,7713,7713.TWO,上櫃,68.199997,68.900002,68.199997,68.900002,7000
2026-05-11,7713,7713.TWO,上櫃,68.900002,68.900002,68.900002,68.900002,0
2026-05-12,7713,7713.TWO,上櫃,68.0,69.0,68.0,68.5,23000
2026-05-13,7713,7713.TWO,上櫃,67.699997,68.0,67.599998,68.0,4000
2026-05-14,7713,7713.TWO,上櫃,68.0,68.300003,67.900002,68.0,29000
2026-05-15,7713,7713.TWO,上櫃,67.400002,68.199997,67.400002,68.099998,13000
2026-05-18,7713,7713.TWO,上櫃,67.099998,68.0,67.099998,68.0,17000
2026-05-19,7713,7713.TWO,上櫃,67.199997,67.800003,67.199997,67.800003,4000
2026-05-20,7713,7713.TWO,上櫃,67.099998,67.5,66.900002,67.5,21000
2026-05-21,7713,7713.TWO,上櫃,67.199997,67.5,67.099998,67.5,10000
2026-05-22,7713,7713.TWO,上櫃,67.300003,67.900002,67.300003,67.900002,13000
2026-05-25,7713,7713.TWO,上櫃,67.199997,67.199997,66.5,67.0,37000
2026-05-26,7713,7713.TWO,上櫃,66.900002,67.5,66.300003,66.800003,38000
2026-05-27,7713,7713.TWO,上櫃,66.800003,67.800003,66.599998,67.199997,33000
2026-05-28,7713,7713.TWO,上櫃,66.900002,67.5,66.900002,67.099998,7005
2026-05-29,7713,7713.TWO,上櫃,66.900002,67.699997,66.900002,67.199997,24000
2026-06-01,7713,7713.TWO,上櫃,67.199997,73.900002,66.900002,73.900002,212412
2026-06-02,7713,7713.TWO,上櫃,73.900002,73.900002,70.599998,72.900002,89822
2026-06-03,7713,7713.TWO,上櫃,71.900002,73.900002,71.900002,72.400002,41189
2026-06-04,7713,7713.TWO,上櫃,73.0,73.0,70.099998,70.800003,34521
2026-06-05,7713,7713.TWO,上櫃,72.400002,72.400002,71.0,71.900002,23132
2026-06-08,7713,7713.TWO,上櫃,70.599998,70.699997,68.300003,70.699997,24000
2026-06-09,7713,7713.TWO,上櫃,71.5,71.5,71.099998,71.099998,5075
2026-06-10,7713,7713.TWO,上櫃,71.5,71.5,70.0,71.0,21020
2026-06-11,7713,7713.TWO,上櫃,71.5,71.5,70.099998,70.400002,7000
2026-06-12,7713,7713.TWO,上櫃,72.900002,72.900002,70.099998,70.5,12142
2026-06-15,7713,7713.TWO,上櫃,72.0,72.0,70.0,70.400002,6205
2026-06-16,7713,7713.TWO,上櫃,70.099998,71.0,70.099998,71.0,15118
2026-06-17,7713,7713.TWO,上櫃,70.099998,72.0,70.099998,72.0,58441
2026-06-18,7713,7713.TWO,上櫃,71.0,71.0,71.0,71.0,1444
2026-06-22,7713,7713.TWO,上櫃,70.199997,71.699997,69.599998,71.5,25104
2026-06-23,7713,7713.TWO,上櫃,71.5,71.800003,69.800003,71.800003,53025
2026-06-24,7713,7713.TWO,上櫃,71.5,71.5,69.900002,71.300003,62005
2026-06-25,7713,7713.TWO,上櫃,71.5,71.5,70.400002,71.199997,8000
2026-06-26,7713,7713.TWO,上櫃,71.199997,71.199997,70.400002,71.0,4290
2026-06-29,7713,7713.TWO,上櫃,71.0,71.0,71.0,71.0,0
2026-06-30,7713,7713.TWO,上櫃,71.199997,71.199997,71.0,71.199997,17000
2026-07-01,7713,7713.TWO,上櫃,71.5,71.5,70.0,70.099998,16001
2026-07-02,7713,7713.TWO,上櫃,70.099998,70.5,70.099998,70.300003,3001
2026-07-03,7713,7713.TWO,上櫃,70.300003,70.5,70.300003,70.300003,5005
2026-07-06,7713,7713.TWO,上櫃,70.5,70.599998,70.5,70.599998,2000
2026-07-07,7713,7713.TWO,上櫃,70.199997,70.699997,70.099998,70.699997,25022
2026-07-08,7713,7713.TWO,上櫃,71.0,71.199997,70.300003,70.699997,8000
2026-07-09,7713,7713.TWO,上櫃,70.699997,70.699997,70.099998,70.599998,16024
2026-07-10,7713,7713.TWO,上櫃,70.599998,70.599998,70.599998,70.599998,0
2026-07-13,7713,7713.TWO,上櫃,70.5,71.0,70.400002,70.599998,22216
2026-07-14,7713,7713.TWO,上櫃,70.599998,71.0,70.599998,70.599998,7204
2026-07-15,7713,7713.TWO,上櫃,71.0,71.0,70.199997,70.699997,10010
2026-07-16,7713,7713.TWO,上櫃,71.0,71.199997,70.400002,70.699997,6054
2026-07-17,7713,7713.TWO,上櫃,70.300003,70.599998,70.199997,70.599998,10000
2026-07-20,7713,7713.TWO,上櫃,70.199997,70.800003,70.099998,70.599998,10033
2026-07-21,7713,7713.TWO,上櫃,71.5,71.5,70.0,70.699997,12017
2026-07-22,7713,7713.TWO,上櫃,70.300003,70.699997,70.099998,70.699997,13000
2026-07-23,7713,7713.TWO,上櫃,70.099998,70.5,70.0,70.5,11000
2026-07-24,7713,7713.TWO,上櫃,70.599998,70.699997,70.599998,70.599998,12000
2026-07-27,7713,7713.TWO,上櫃,70.599998,70.800003,70.0,70.400002,19000
2026-07-28,7713,7713.TWO,上櫃,70.199997,70.5,70.0,70.0,6000
2026-07-29,7713,7713.TWO,上櫃,70.099998,70.5,70.0,70.0,10000
2026-07-30,7713,7713.TWO,上櫃,70.5,70.5,70.0,70.0,11000
2026-07-31,7713,7713.TWO,上櫃,70.099998,70.5,69.900002,70.0,9050
2026-08-03,7713,7713.TWO,上櫃,71.0,71.0,70.0,70.300003,10000
2026-08-04,7713,7713.TWO,上櫃,70.5,70.5,69.900002,69.900002,9000
2026-08-05,7713,7713.TWO,上櫃,70.0,70.199997,69.300003,69.5,32141
2026-08-06,7713,7713.TWO,上櫃,69.5,69.5,68.599998,69.099998,15000
2026-08-07,7713,7713.TWO,上櫃,69.099998,69.099998,68.900002,68.900002,11100
2026-08-10,7713,7713.TWO,上櫃,69.0,69.5,68.900002,69.5,31064
2026-08-11,7713,7713.TWO,上櫃,70.099998,72.099998,70.099998,70.599998,30152
2026-08-12,7713,7713.TWO,上櫃,70.599998,71.0,70.599998,70.800003,6156
2026-08-13,7713,7713.TWO,上櫃,70.300003,70.800003,70.300003,70.800003,4010
2026-08-14,7713,7713.TWO,上櫃,70.800003,70.800003,70.800003,70.800003,0
2026-08-17,7713,7713.TWO,上櫃,70.699997,70.699997,70.699997,70.699997,2097
2026-08-18,7713,7713.TWO,上櫃,70.699997,71.099998,70.699997,71.099998,5020
2026-08-19,7713,7713.TWO,上櫃,71.099998,71.099998,71.0,71.0,2000
2026-08-20,7713,7713.TWO,上櫃,71.0,71.099998,71.0,71.099998,2000
2026-08-21,7713,7713.TWO,上櫃,72.0,73.0,72.0,73.0,63049
2026-08-24,7713,7713.TWO,上櫃,72.400002,74.0,72.0,72.900002,19181
2026-08-25,7713,7713.TWO,上櫃,72.900002,72.900002,72.900002,72.900002,1056
2026-08-26,7713,7713.TWO,上櫃,74.0,74.400002,73.0,73.5,16109
2026-08-27,7713,7713.TWO,上櫃,74.0,74.0,71.699997,73.5,4020
2026-08-28,7713,7713.TWO,上櫃,73.5,73.699997,73.300003,73.5,13066
2026-08-31,7713,7713.TWO,上櫃,73.5,73.5,73.5,73.5,0
2026-09-01,7713,7713.TWO,上櫃,73.800003,74.0,73.599998,73.800003,6114
2026-09-02,7713,7713.TWO,上櫃,74.0,74.0,74.0,74.0,2032
2026-09-03,7713,7713.TWO,上櫃,73.800003,74.0,73.800003,74.0,20176
2026-09-04,7713,7713.TWO,上櫃,74.0,74.0,73.900002,73.900002,6044
2026-09-07,7713,7713.TWO,上櫃,73.900002,73.900002,73.900002,73.900002,2028
2026-09-08,7713,7713.TWO,上櫃,73.900002,73.900002,73.900002,73.900002,0
2026-09-09,7713,7713.TWO,上櫃,74.0,74.0,73.900002,73.900002,3229
2026-09-10,7713,7713.TWO,上櫃,73.900002,73.900002,73.900002,73.900002,0
2026-09-11,7713,7713.TWO,上櫃,75.0,75.0,75.0,75.0,2282
2026-09-14,7713,7713.TWO,上櫃,73.0,73.5,73.0,73.5,2048
2026-09-15,7713,7713.TWO,上櫃,73.5,73.5,73.5,73.5,3250
2026-09-16,7713,7713.TWO,上櫃,73.5,73.5,73.5,73.5,0
2026-09-17,7713,7713.TWO,上櫃,73.099998,73.099998,73.099998,73.099998,1001
2026-09-18,7713,7713.TWO,上櫃,74.0,74.0,73.800003,73.800003,2194
2026-09-21,7713,7713.TWO,上櫃,74.699997,74.900002,74.699997,74.900002,4019
2026-09-22,7713,7713.TWO,上櫃,74.800003,74.800003,73.800003,73.800003,6000
2026-09-23,7713,7713.TWO,上櫃,73.900002,74.5,73.900002,74.0,12008
2026-09-24,7713,7713.TWO,上櫃,74.0,74.5,73.800003,73.800003,5057
2026-09-29,7713,7713.TWO,上櫃,74.099998,74.099998,74.099998,74.099998,2020
2026-09-30,7713,7713.TWO,上櫃,74.099998,74.300003,74.0,74.300003,5028
2026-10-01,7713,7713.TWO,上櫃,74.400002,74.400002,74.300003,74.300003,2000
2026-10-02,7713,7713.TWO,上櫃,74.300003,74.300003,74.300003,74.300003,0
2026-10-05,7713,7713.TWO,上櫃,73.5,73.5,72.800003,73.0,5148
2026-10-06,7713,7713.TWO,上櫃,72.199997,73.5,72.199997,73.5,13000
2026-10-07,7713,7713.TWO,上櫃,74.0,74.0,71.900002,73.099998,17007
2026-10-08,7713,7713.TWO,上櫃,73.199997,73.5,73.199997,73.5,3000
