date,symbol,yahoo_symbol,market,adj_open,adj_high,adj_low,adj_close,volume,adjustment_factor
2011-09-13,4966,4966.TWO,上櫃,75.929483,96.63753,75.929483,95.044601,4790971,0.7433921436
2011-09-14,4966,4966.TWO,上櫃,94.513634,108.584484,94.513634,105.133148,1642258,0.7433922307
2011-09-15,4966,4966.TWO,上櫃,108.318992,130.619965,104.602167,130.619965,1051437,0.743392212
2011-09-16,4966,4966.TWO,上櫃,132.743872,147.611183,130.61997,140.708511,956234,0.7433922422
2011-09-19,4966,4966.TWO,上櫃,142.832407,144.956309,130.619964,132.743866,645423,0.7433922108
2011-09-20,4966,4966.TWO,上櫃,130.619932,142.035904,130.619932,142.035904,998235,0.7433920239
2011-09-21,4966,4966.TWO,上櫃,151.858994,151.858994,150.26607,151.858994,324811,0.743392276
2011-09-22,4966,4966.TWO,上櫃,162.4785,162.4785,157.168741,162.4785,424215,0.7433922149
2011-09-23,4966,4966.TWO,上櫃,162.743985,173.628983,161.947529,173.628983,582420,0.7433922462
2011-09-26,4966,4966.TWO,上櫃,180.000662,185.575899,161.682007,161.682007,788228,0.7433920945
2011-09-27,4966,4966.TWO,上櫃,163.540433,167.522747,151.593492,155.575806,639822,0.7433921591
2011-09-28,4966,4966.TWO,上櫃,156.637763,166.460815,152.920938,166.460815,344412,0.7433922193
2011-09-29,4966,4966.TWO,上櫃,174.956398,177.876755,174.956398,177.876755,229608,0.743392116
2011-09-30,4966,4966.TWO,上櫃,190.089203,190.089203,181.062619,190.089203,558619,0.7433921436
2011-10-03,4966,4966.TWO,上櫃,185.310457,195.664488,181.062653,191.151184,197407,0.7433922843
2011-10-04,4966,4966.TWO,上櫃,188.496313,196.460942,184.779476,189.558258,261809,0.7433922745
2011-10-05,4966,4966.TWO,上櫃,189.558246,189.558246,176.549347,176.549347,365413,0.7433922264
2011-10-06,4966,4966.TWO,上櫃,173.62898,178.407761,167.522764,172.036057,334611,0.743392235
2011-10-07,4966,4966.TWO,上櫃,169.912183,183.186573,169.912183,180.531693,296810,0.7433923559
2011-10-11,4966,4966.TWO,上櫃,180.531631,180.79712,170.443103,176.283829,163805,0.7433921039
2011-10-12,4966,4966.TWO,上櫃,174.159961,177.345819,171.505081,173.628983,61602,0.7433922462
2011-10-13,4966,4966.TWO,上櫃,164.602415,173.098022,164.602415,173.098022,77002,0.7433922755
2011-10-14,4966,4966.TWO,上櫃,173.098022,183.186553,172.567044,175.221924,112004,0.7433922738
2011-10-17,4966,4966.TWO,上櫃,178.407758,178.407758,168.850207,172.567032,140005,0.7433922224
2011-10-18,4966,4966.TWO,上櫃,172.566991,172.566991,165.398821,167.257233,63002,0.743392047
2011-10-19,4966,4966.TWO,上櫃,167.257258,169.646648,155.575806,155.575806,134404,0.7433921591
2011-10-20,4966,4966.TWO,上櫃,148.673126,150.797028,144.690812,148.673126,375213,0.7433921743
2011-10-21,4966,4966.TWO,上櫃,146.018261,150.797043,139.646556,150.797043,135804,0.743392249
2011-10-24,4966,4966.TWO,上櫃,150.797027,159.027144,150.797027,157.168732,147005,0.7433921722
2011-10-25,4966,4966.TWO,上櫃,153.982887,154.513865,149.204117,151.328018,60202,0.7433922347
2011-10-26,4966,4966.TWO,上櫃,148.142148,148.673126,148.142148,148.673126,19600,0.7433921743
2011-10-27,4966,4966.TWO,上櫃,149.204093,149.204093,143.628845,143.628845,42001,0.7433921188
2011-10-28,4966,4966.TWO,上櫃,143.628844,148.938603,143.628844,143.894333,75602,0.7433921115
2011-10-31,4966,4966.TWO,上櫃,144.425327,144.425327,135.398743,135.398743,137204,0.7433921938
2011-11-01,4966,4966.TWO,上櫃,134.602278,138.053626,130.088986,132.743866,98003,0.7433922108
2011-11-02,4966,4966.TWO,上櫃,132.743833,142.035904,132.743833,142.035904,82602,0.7433920239
2011-11-03,4966,4966.TWO,上櫃,145.752777,151.858994,144.956321,151.858994,37801,0.743392276
2011-11-04,4966,4966.TWO,上櫃,162.478491,162.478491,152.920929,159.292633,410214,0.7433921717
2011-11-07,4966,4966.TWO,上櫃,153.451907,160.354578,153.451907,157.168732,58802,0.7433921722
2011-11-08,4966,4966.TWO,上櫃,155.841319,159.292655,151.858994,151.858994,42001,0.743392276
2011-11-09,4966,4966.TWO,上櫃,151.858988,155.044846,151.328021,152.920944,21000,0.7433922474
2011-11-10,4966,4966.TWO,上櫃,147.611173,152.124465,145.487271,146.01825,25200,0.7433921895
2011-11-11,4966,4966.TWO,上櫃,143.363364,153.982871,143.363364,153.451904,68602,0.7433921594
2011-11-14,4966,4966.TWO,上櫃,151.858988,152.920944,150.797043,152.920944,14000,0.7433922474
2011-11-15,4966,4966.TWO,上櫃,153.45189,153.45189,146.814697,146.814697,7000,0.7433920904
2011-11-16,4966,4966.TWO,上櫃,151.062519,156.903246,148.673129,154.513855,57402,0.7433921865
2011-11-17,4966,4966.TWO,上櫃,149.204125,151.858994,146.549245,151.858994,29401,0.743392276
2011-11-18,4966,4966.TWO,上櫃,151.328009,151.328009,150.266052,150.266052,2800,0.743392188
2011-11-21,4966,4966.TWO,上櫃,147.611183,147.611183,139.912044,140.708511,193206,0.7433922422
2011-11-22,4966,4966.TWO,上櫃,140.708475,140.708475,137.522618,138.850052,39201,0.7433920517
2011-11-23,4966,4966.TWO,上櫃,138.053625,139.646549,136.991669,136.991669,35001,0.7433922085
2011-11-24,4966,4966.TWO,上櫃,130.088981,133.805817,128.496057,133.805817,102203,0.7433921787
2011-11-25,4966,4966.TWO,上櫃,134.867767,138.053625,133.540333,136.991669,33601,0.7433922085
2011-11-28,4966,4966.TWO,上櫃,141.770462,144.425342,137.522659,141.770462,26600,0.7433922711
2011-11-29,4966,4966.TWO,上櫃,144.956315,144.956315,138.053631,140.708511,40601,0.7433922422
2011-11-30,4966,4966.TWO,上櫃,140.708533,140.708533,136.460717,139.646576,21000,0.7433923544
2011-12-01,4966,4966.TWO,上櫃,138.850093,141.770462,138.850093,141.770462,15400,0.7433922711
2011-12-02,4966,4966.TWO,上櫃,140.708468,140.708468,138.584556,140.17749,15400,0.7433920149
2011-12-05,4966,4966.TWO,上櫃,138.053644,138.58461,135.398763,136.460709,11200,0.7433923073
2011-12-06,4966,4966.TWO,上櫃,136.460688,138.053622,135.398743,135.398743,35001,0.7433921938
2011-12-07,4966,4966.TWO,上櫃,138.584585,144.690811,138.584585,144.690811,51801,0.7433921681
2011-12-08,4966,4966.TWO,上櫃,151.593481,154.779327,150.266036,154.779327,250608,0.7433921063
2011-12-09,4966,4966.TWO,上櫃,154.779358,165.398866,151.328022,165.133377,172206,0.7433922519
2011-12-12,4966,4966.TWO,上櫃,164.071396,168.319198,159.823593,159.823593,100803,0.7433920874
2011-12-13,4966,4966.TWO,上櫃,158.230698,158.230698,156.637763,158.230698,18200,0.743392217
2011-12-14,4966,4966.TWO,上櫃,158.761648,169.115677,158.761648,169.115677,119004,0.7433921384
2011-12-15,4966,4966.TWO,上櫃,175.221927,180.797165,175.221927,180.797165,406014,0.743392287
2011-12-16,4966,4966.TWO,上櫃,176.018378,187.168865,172.036064,185.841431,126004,0.7433922659
2011-12-19,4966,4966.TWO,上櫃,185.575911,189.558225,180.531641,181.593597,57402,0.743392144
2011-12-20,4966,4966.TWO,上櫃,182.124605,190.089234,182.124605,185.841431,36401,0.7433922659
2011-12-21,4966,4966.TWO,上櫃,185.841421,190.089224,181.06264,184.779465,71402,0.7433922281
2011-12-22,4966,4966.TWO,上櫃,184.248508,196.991919,184.248508,195.929962,74202,0.7433922699
2011-12-23,4966,4966.TWO,上櫃,195.92994,196.991897,191.416659,194.337006,113404,0.7433921868
2011-12-26,4966,4966.TWO,上櫃,196.460937,201.239718,194.602524,200.70874,64402,0.7433922562
2011-12-27,4966,4966.TWO,上櫃,200.708764,200.708764,189.027298,193.806091,50401,0.743392345
2011-12-28,4966,4966.TWO,上櫃,191.151188,193.806079,188.496319,193.275101,26600,0.7433922977
2011-12-29,4966,4966.TWO,上櫃,193.275082,206.54947,193.275082,202.301666,107803,0.743392224
2011-12-30,4966,4966.TWO,上櫃,208.142398,213.452158,204.425573,207.61142,82602,0.7433922827
2012-01-02,4966,4966.TWO,上櫃,208.142378,209.735312,198.053859,200.17775,53201,0.7433922104
2012-01-03,4966,4966.TWO,上櫃,199.912302,212.390213,199.912302,207.080475,64402,0.7433923213
2012-01-04,4966,4966.TWO,上櫃,208.142356,212.921137,205.487488,205.487488,72802,0.7433921327
2012-01-05,4966,4966.TWO,上櫃,211.859191,211.859191,199.115782,201.505173,137204,0.7433921693
2012-01-06,4966,4966.TWO,上櫃,204.425546,207.080437,194.867983,195.133484,88203,0.7433921853
2012-01-09,4966,4966.TWO,上櫃,192.744122,194.868013,190.089242,193.275101,40601,0.7433922977
2012-01-10,4966,4966.TWO,上櫃,192.213141,193.275097,189.558261,191.151184,63002,0.7433922843
2012-01-11,4966,4966.TWO,上櫃,193.275054,201.505158,193.275054,195.664444,107803,0.7433921165
2012-01-12,4966,4966.TWO,上櫃,200.177773,200.177773,192.744122,193.275101,72802,0.7433922977
2012-01-13,4966,4966.TWO,上櫃,191.151179,193.806071,180.531671,185.841431,124604,0.7433922659
2012-01-16,4966,4966.TWO,上櫃,185.841427,191.682154,185.841427,188.496307,75602,0.7433922529
2012-01-17,4966,4966.TWO,上櫃,185.841428,201.505196,185.841428,200.70874,72802,0.7433922562
2012-01-18,4966,4966.TWO,上櫃,198.053859,210.26629,195.929946,204.425552,86803,0.7433922088
2012-01-30,4966,4966.TWO,上櫃,212.390183,218.496399,209.735315,218.496399,170806,0.7433922186
2012-01-31,4966,4966.TWO,上櫃,219.823839,230.974313,219.823839,221.682251,56002,0.7433921603
2012-02-01,4966,4966.TWO,上櫃,216.903468,218.230902,214.514077,217.168945,65802,0.7433921523
2012-02-02,4966,4966.TWO,上櫃,228.053957,228.053957,217.699938,221.416763,44801,0.7433922032
2012-02-03,4966,4966.TWO,上櫃,221.416779,229.381407,221.416779,228.319473,53201,0.7433922543
2012-02-06,4966,4966.TWO,上櫃,233.098255,233.098255,221.416779,228.319473,54601,0.7433922543
2012-02-07,4966,4966.TWO,上櫃,228.319478,237.877019,228.319478,231.505325,70002,0.7433922709
2012-02-08,4966,4966.TWO,上櫃,231.505334,238.408006,224.071683,230.708878,127404,0.7433922977
2012-02-09,4966,4966.TWO,上櫃,230.708879,235.22216,228.319488,232.567291,75602,0.7433923009
2012-02-10,4966,4966.TWO,上櫃,232.567267,236.284092,226.726529,227.257507,63002,0.7433922235
2012-02-13,4966,4966.TWO,上櫃,227.257502,230.443349,222.478721,224.071655,58802,0.743392206
2012-02-14,4966,4966.TWO,上櫃,230.974347,234.160194,227.257522,231.505325,37801,0.7433922709
2012-02-15,4966,4966.TWO,上櫃,229.381412,236.284107,227.7885,231.505325,33601,0.7433922709
2012-02-16,4966,4966.TWO,上櫃,227.257484,230.974309,215.310532,215.310532,159605,0.7433921475
2012-02-17,4966,4966.TWO,上櫃,219.823888,224.868148,216.10704,223.009735,60202,0.7433923269
2012-02-20,4966,4966.TWO,上櫃,222.478683,223.009662,220.354794,222.478683,5600,0.7433920819
2012-02-21,4966,4966.TWO,上櫃,220.3548,223.540647,218.761866,219.027344,16800,0.7433921052
2012-02-22,4966,4966.TWO,上櫃,204.956513,226.195527,204.956513,224.602615,43401,0.7433921459
2012-02-23,4966,4966.TWO,上櫃,218.761832,223.009634,218.761832,221.947678,51801,0.7433919891
2012-02-24,4966,4966.TWO,上櫃,223.009662,232.036245,223.009662,230.974289,133004,0.7433920839
2012-02-29,4966,4966.TWO,上櫃,231.505343,246.903624,231.505343,243.186798,147005,0.7433923284
2012-03-01,4966,4966.TWO,上櫃,243.186729,253.540746,243.186729,249.027466,85403,0.7433921162
2012-03-02,4966,4966.TWO,上櫃,256.461115,257.523071,245.576119,249.027466,77002,0.7433921162
2012-03-05,4966,4966.TWO,上櫃,252.213351,252.744329,245.576157,245.576157,33601,0.7433922298
2012-03-06,4966,4966.TWO,上櫃,240.000918,240.000918,233.363724,239.46994,67202,0.7433922278
2012-03-07,4966,4966.TWO,上櫃,234.956659,245.310678,234.956659,239.46994,82602,0.7433922278
2012-03-08,4966,4966.TWO,上櫃,240.797362,243.186753,238.93895,238.93895,25200,0.7433921894
2012-03-09,4966,4966.TWO,上櫃,242.124815,254.337246,242.124815,252.213333,86803,0.7433921782
2012-03-12,4966,4966.TWO,上櫃,254.868246,254.868246,240.797379,240.797379,88203,0.7433922404
2012-03-13,4966,4966.TWO,上櫃,243.717784,244.248762,234.691198,240.531937,47601,0.7433923514
2012-03-14,4966,4966.TWO,上櫃,241.062834,241.593812,223.806123,225.664536,863830,0.7433921014
2012-03-15,4966,4966.TWO,上櫃,225.664573,234.691157,218.761901,227.257507,312211,0.7433922235
2012-03-16,4966,4966.TWO,上櫃,225.664571,228.850441,224.337137,225.399094,117604,0.7433922196
2012-03-19,4966,4966.TWO,上櫃,224.071611,225.399045,220.354787,225.133545,259009,0.7433920603
2012-03-20,4966,4966.TWO,上櫃,222.478724,223.009702,219.292877,222.744202,175006,0.743392217
2012-03-21,4966,4966.TWO,上櫃,219.823829,219.823829,211.328224,212.12468,259009,0.7433921278
2012-03-22,4966,4966.TWO,上櫃,211.062758,211.062758,199.115804,209.204346,571220,0.7433922513
2012-03-23,4966,4966.TWO,上櫃,207.080447,210.797272,202.301666,210.000793,233808,0.7433922219
2012-03-26,4966,4966.TWO,上櫃,209.735302,209.735302,206.018477,208.407867,131604,0.743392172
2012-03-27,4966,4966.TWO,上櫃,207.611388,210.266279,202.832629,205.752975,214207,0.7433921686
2012-03-28,4966,4966.TWO,上櫃,203.363602,203.629103,198.850321,199.115799,163805,0.743392232
2012-03-29,4966,4966.TWO,上櫃,199.115762,199.115762,185.31041,185.31041,424215,0.743392094
2012-03-30,4966,4966.TWO,上櫃,183.717522,184.2485,172.567035,180.266174,453616,0.7433922363
2012-04-02,4966,4966.TWO,上櫃,178.407786,178.407786,168.053765,171.239624,350012,0.7433923371
2012-04-03,4966,4966.TWO,上櫃,170.177653,180.000705,168.850218,177.345825,420015,0.7433922722
2012-04-05,4966,4966.TWO,上櫃,173.894478,189.558258,172.036066,189.558258,319211,0.7433922745
2012-04-06,4966,4966.TWO,上櫃,195.398967,202.567139,195.398967,202.567139,229608,0.7433922043
2012-04-09,4966,4966.TWO,上櫃,205.487509,208.673356,192.478599,204.425552,365413,0.7433922088
2012-04-10,4966,4966.TWO,上櫃,204.425539,206.018473,195.398955,202.036148,231008,0.7433921588
2012-04-11,4966,4966.TWO,上櫃,191.151178,199.115806,191.151178,196.460938,147005,0.7433922588
2012-04-12,4966,4966.TWO,上櫃,194.337016,201.23971,194.337016,198.053864,100803,0.7433922259
2012-04-13,4966,4966.TWO,上櫃,198.319341,207.080448,196.460928,202.301666,176406,0.743392224
2012-04-16,4966,4966.TWO,上櫃,201.239716,201.770694,196.991913,196.991913,92403,0.7433922478
2012-04-17,4966,4966.TWO,上櫃,197.522863,198.319319,188.49628,190.089203,141405,0.7433921436
2012-04-18,4966,4966.TWO,上櫃,190.089233,195.398982,190.089233,192.213135,93803,0.7433922616
2012-04-19,4966,4966.TWO,上櫃,190.620203,193.275095,186.372411,189.558258,99403,0.7433922745
2012-04-20,4966,4966.TWO,上櫃,189.558254,190.089232,177.876788,182.124603,128804,0.743392257
2012-04-23,4966,4966.TWO,上櫃,181.85908,182.124569,172.567007,177.876755,176406,0.743392116
2012-04-24,4966,4966.TWO,上櫃,175.22192,181.062647,172.56704,180.000702,179206,0.7433922584
2012-04-25,4966,4966.TWO,上櫃,180.531671,185.841431,180.000704,183.717529,338812,0.7433922674
2012-04-26,4966,4966.TWO,上櫃,183.717502,187.168837,181.5936,183.186523,277209,0.7433921555
2012-04-27,4966,4966.TWO,上櫃,185.310458,190.08924,178.673264,178.673264,282810,0.7433922888
2012-04-30,4966,4966.TWO,上櫃,180.531693,182.390105,175.221943,180.531693,301010,0.7433923559
2012-05-02,4966,4966.TWO,上櫃,182.655563,193.009583,182.655563,193.009583,891831,0.7433922296
2012-05-03,4966,4966.TWO,上櫃,193.806018,199.115754,191.151128,197.522842,1198442,0.7433920645
2012-05-04,4966,4966.TWO,上櫃,194.867995,211.062752,192.213127,210.266296,1174641,0.7433922307
2012-05-07,4966,4966.TWO,上櫃,208.142401,210.266315,205.487533,209.735336,379413,0.743392295
2012-05-08,4966,4966.TWO,上櫃,209.735329,224.337152,209.735329,219.292892,1233444,0.7433922688
2012-05-09,4966,4966.TWO,上櫃,215.045067,220.354827,212.390176,217.699936,382213,0.7433921947
2012-05-10,4966,4966.TWO,上櫃,217.699921,217.699921,210.266272,213.452118,275809,0.7433921427
2012-05-11,4966,4966.TWO,上櫃,212.921159,213.452137,202.301662,204.425552,380813,0.7433922088
2012-05-14,4966,4966.TWO,上櫃,204.425576,204.425576,195.664491,196.726425,186206,0.7433922962
2012-05-15,4966,4966.TWO,上櫃,194.867983,206.01848,194.867983,203.629089,236608,0.7433921832
2012-05-16,4966,4966.TWO,上櫃,204.956507,209.20431,197.257358,200.974182,385013,0.7433921234
2012-05-17,4966,4966.TWO,上櫃,198.053877,201.505202,195.398986,199.64679,336012,0.743392278
2012-05-18,4966,4966.TWO,上櫃,195.398988,196.991923,190.089239,191.151184,239408,0.7433922843
2012-05-21,4966,4966.TWO,上櫃,191.151158,195.929939,190.62018,192.478592,170806,0.7433921819
2012-05-22,4966,4966.TWO,上櫃,194.867963,205.752959,194.867963,203.894547,525018,0.7433921081
2012-05-23,4966,4966.TWO,上櫃,200.7087,209.735284,199.115766,203.894547,484417,0.7433921081
2012-05-24,4966,4966.TWO,上櫃,206.018476,208.142366,199.64676,201.505173,439615,0.7433921693
2012-05-25,4966,4966.TWO,上櫃,200.70874,203.629109,199.115805,200.70874,222607,0.7433922562
2012-05-28,4966,4966.TWO,上櫃,201.770703,201.770703,197.257399,199.64679,247808,0.743392278
2012-05-29,4966,4966.TWO,上櫃,201.505183,213.452136,200.708727,212.921158,1092039,0.7433922059
2012-05-30,4966,4966.TWO,上櫃,211.859167,216.637947,210.797233,211.593689,492817,0.7433920842
2012-05-31,4966,4966.TWO,上櫃,208.673365,226.195557,208.142387,226.195557,1353848,0.7433922426
2012-06-01,4966,4966.TWO,上櫃,220.3548,224.071625,210.531738,210.531738,1066838,0.743392104
2012-06-04,4966,4966.TWO,上櫃,195.929962,195.929962,195.929962,195.929962,205807,0.7433922699
2012-06-05,4966,4966.TWO,上櫃,195.664474,204.425559,195.398974,199.115799,994035,0.743392232
2012-06-06,4966,4966.TWO,上櫃,201.770685,210.531769,195.398969,206.283966,1162041,0.7433922133
2012-06-07,4966,4966.TWO,上櫃,209.735325,210.000803,198.584827,200.70874,660823,0.7433922562
2012-06-08,4966,4966.TWO,上櫃,198.584816,207.080445,198.584816,202.832642,476017,0.7433922134
2012-06-11,4966,4966.TWO,上櫃,206.549469,211.859206,204.160078,210.000793,634222,0.7433922219
2012-06-12,4966,4966.TWO,上櫃,207.080462,218.761917,205.487528,216.107025,877831,0.7433922769
2012-06-13,4966,4966.TWO,上櫃,216.107005,216.107005,210.266289,212.921158,501217,0.7433922059
2012-06-14,4966,4966.TWO,上櫃,210.797256,214.248581,208.673344,210.797256,259009,0.7433921666
2012-06-15,4966,4966.TWO,上櫃,211.06278,217.168996,211.06278,214.248627,704225,0.7433923261
2012-06-18,4966,4966.TWO,上櫃,218.761879,228.85042,215.841511,222.213226,1209643,0.7433921508
2012-06-19,4966,4966.TWO,上櫃,222.213239,224.60263,217.699936,217.699936,446615,0.7433921947
2012-06-20,4966,4966.TWO,上櫃,217.699943,219.558355,213.983118,215.045074,359812,0.7433922187
2012-06-21,4966,4966.TWO,上櫃,213.983111,219.558348,213.983111,217.699936,397614,0.7433921947
2012-06-22,4966,4966.TWO,上櫃,214.514113,217.168982,213.452156,216.107025,168006,0.7433922769
2012-06-25,4966,4966.TWO,上櫃,215.045087,220.354847,215.045087,215.576065,315011,0.7433922614
2012-06-26,4966,4966.TWO,上櫃,215.576062,215.576062,206.549477,209.204346,390613,0.7433922513
2012-06-27,4966,4966.TWO,上櫃,208.142348,213.452107,207.080414,210.531738,365413,0.743392104
2012-06-28,4966,4966.TWO,上櫃,210.797237,213.717606,205.752956,208.673325,218407,0.7433920986
2012-06-29,4966,4966.TWO,上櫃,208.673344,210.797256,206.018475,210.797256,221207,0.7433921666
2012-07-02,4966,4966.TWO,上櫃,211.859214,213.452149,208.142389,209.204346,320611,0.7433922513
2012-07-03,4966,4966.TWO,上櫃,212.390205,213.186684,208.67338,209.735336,333211,0.743392295
2012-07-04,4966,4966.TWO,上櫃,213.452157,222.478742,213.452157,218.761917,1457452,0.7433922788
2012-07-05,4966,4966.TWO,上櫃,219.292873,224.602633,219.292873,221.416763,1422450,0.7433922032
2012-07-06,4966,4966.TWO,上櫃,221.416773,223.009708,213.717645,218.230927,576820,0.7433922368
2012-07-09,4966,4966.TWO,上櫃,217.168979,219.292892,215.576067,216.638,219807,0.7433922668
2012-07-10,4966,4966.TWO,上櫃,216.372496,216.372496,201.505174,203.363586,1040237,0.7433921742
2012-07-11,4966,4966.TWO,上櫃,200.177741,205.222,200.177741,205.222,316411,0.743392179
2012-07-12,4966,4966.TWO,上櫃,205.222021,205.222021,198.584827,200.70874,249208,0.7433922562
2012-07-13,4966,4966.TWO,上櫃,199.646751,202.301641,198.319316,201.239685,193206,0.7433921327
2012-07-16,4966,4966.TWO,上櫃,202.301662,202.301662,187.168851,187.699829,781227,0.7433922098
2012-07-17,4966,4966.TWO,上櫃,186.372397,193.540558,181.593616,193.540558,593621,0.7433922184
2012-07-18,4966,4966.TWO,上櫃,191.682146,200.708731,190.88569,196.19545,728026,0.7433922214
2012-07-19,4966,4966.TWO,上櫃,191.682125,195.398949,187.699811,190.354691,763027,0.7433921381
2012-07-20,4966,4966.TWO,上櫃,190.354731,196.991926,189.027286,193.275101,653823,0.7433922977
2012-07-23,4966,4966.TWO,上櫃,191.682148,193.806061,189.027268,193.009583,291210,0.7433922296
2012-07-24,4966,4966.TWO,上櫃,191.15117,193.009583,189.558247,193.009583,170806,0.7433922296
2012-07-25,4966,4966.TWO,上櫃,190.620192,193.009583,189.027268,193.009583,102203,0.7433922296
2012-07-26,4966,4966.TWO,上櫃,190.620152,190.620152,179.735168,179.735168,596421,0.7433920751
2012-07-27,4966,4966.TWO,上櫃,169.912121,177.345781,167.257241,174.95639,2812700,0.7433920856
2012-07-30,4966,4966.TWO,上櫃,173.628968,175.487392,162.743971,163.00946,1421050,0.7433921838
2012-07-31,4966,4966.TWO,上櫃,161.94751,163.009455,151.858969,161.94751,2147676,0.7433921581
2012-08-01,4966,4966.TWO,上櫃,164.602373,173.097978,164.602373,172.832489,1925068,0.7433920849
2012-08-02,4966,4966.TWO,上櫃,172.832489,172.832489,172.832489,172.832489,0,0.7433920849
2012-08-03,4966,4966.TWO,上櫃,171.505035,171.505035,165.398821,167.257233,967434,0.743392047
2012-08-06,4966,4966.TWO,上櫃,170.177658,171.505092,163.540463,164.071442,911432,0.7433922961
2012-08-07,4966,4966.TWO,上櫃,165.664355,168.850213,160.620084,161.151062,960434,0.7433922482
2012-08-08,4966,4966.TWO,上櫃,161.947486,168.319189,158.761628,167.257233,1458852,0.743392047
2012-08-09,4966,4966.TWO,上櫃,168.850226,169.381193,163.805954,167.788269,1051437,0.7433923051
2012-08-10,4966,4966.TWO,上櫃,167.788241,179.469705,167.788241,175.752869,1884467,0.7433921803
2012-08-13,4966,4966.TWO,上櫃,177.345814,186.372398,173.09801,182.921051,1374849,0.7433922233
2012-08-14,4966,4966.TWO,上櫃,185.310422,185.310422,181.062619,181.593597,730826,0.743392144
2012-08-15,4966,4966.TWO,上櫃,181.593618,187.434345,180.531661,184.779465,1439251,0.7433922281
2012-08-16,4966,4966.TWO,上櫃,183.717511,186.106902,182.124588,184.248489,795228,0.743392194
2012-08-17,4966,4966.TWO,上櫃,184.779456,187.434336,183.717511,184.248489,564220,0.743392194
2012-08-20,4966,4966.TWO,上櫃,184.248503,184.248503,171.505081,171.505081,1622657,0.7433922476
2012-08-21,4966,4966.TWO,上櫃,167.52273,176.814802,166.195296,172.832489,1443451,0.7433920849
2012-08-22,4966,4966.TWO,上櫃,172.832493,177.080296,171.505048,176.283829,1111639,0.7433921039
2012-08-23,4966,4966.TWO,上櫃,180.293472,184.049594,178.147122,180.025177,1523254,0.751249644
2012-08-24,4966,4966.TWO,上櫃,180.025174,187.805702,180.025174,183.513,1349648,0.7512496301
2012-08-27,4966,4966.TWO,上櫃,186.195934,191.8301,184.586163,187.000809,1502253,0.7512496015
2012-08-28,4966,4966.TWO,上櫃,187.000819,191.025225,179.220303,181.366653,1099039,0.7512496446
2012-08-29,4966,4966.TWO,上櫃,181.634937,183.781287,177.07394,178.14711,1157841,0.7512495947
2012-08-30,4966,4966.TWO,上櫃,178.683712,185.659355,178.683712,181.366653,1372049,0.7512496446
2012-08-31,4966,4966.TWO,上櫃,184.58622,185.391106,179.756927,180.830109,987035,0.7512498345
2012-09-03,4966,4966.TWO,上櫃,180.561776,186.195953,180.561776,185.122772,1106039,0.7512496775
2012-09-04,4966,4966.TWO,上櫃,186.732544,192.098427,186.732544,188.342316,1796264,0.7512497242
2012-09-05,4966,4966.TWO,上櫃,188.342316,191.025246,187.53743,187.805725,1199842,0.7512497242
2012-09-06,4966,4966.TWO,上櫃,188.610587,189.952052,183.513,183.513,1050037,0.7512496301
2012-09-07,4966,4966.TWO,上櫃,186.195914,186.464198,178.683682,181.634918,2213479,0.7512495185
2012-09-10,4966,4966.TWO,上櫃,182.439862,183.513043,176.537399,177.07399,2220479,0.7512498042
2012-09-11,4966,4966.TWO,上櫃,178.683704,178.951999,176.000763,176.537354,840030,0.7512496096
2012-09-12,4966,4966.TWO,上櫃,178.683735,185.927673,178.147144,184.586197,2290481,0.7512497395
2012-09-13,4966,4966.TWO,上櫃,187.805744,189.415505,185.122803,185.659393,1754262,0.7512498012
2012-09-14,4966,4966.TWO,上櫃,188.342355,188.878934,182.171585,182.43988,1489653,0.7512498809
2012-09-17,4966,4966.TWO,上櫃,183.513062,187.000878,181.635006,182.43988,931033,0.7512498809
2012-09-18,4966,4966.TWO,上櫃,185.122753,188.878864,183.781289,187.000809,1940469,0.7512496015
2012-09-19,4966,4966.TWO,上櫃,188.878902,199.878952,188.878902,199.878952,3486124,0.7512497538
2012-09-20,4966,4966.TWO,上櫃,203.903351,208.196052,200.952114,202.293579,4040544,0.7512496828
2012-09-21,4966,4966.TWO,上櫃,205.513115,205.513115,201.220413,204.439957,1524654,0.7512497394
2012-09-24,4966,4966.TWO,上櫃,204.439926,204.439926,200.147225,203.366745,1209643,0.7512496267
2012-09-25,4966,4966.TWO,上櫃,203.366776,210.342407,201.220413,201.220413,1825665,0.7512497395
2012-09-26,4966,4966.TWO,上櫃,199.074089,200.147271,193.171616,193.708206,1188642,0.7512497986
2012-09-27,4966,4966.TWO,上櫃,193.708191,197.196018,192.366726,195.317963,834429,0.7512497394
2012-09-28,4966,4966.TWO,上櫃,196.391117,198.805763,193.708187,195.049652,998235,0.7512497248
2012-10-01,4966,4966.TWO,上櫃,198.000881,198.000881,191.561829,192.366714,392014,0.7512496947
2012-10-02,4966,4966.TWO,上櫃,194.781338,197.464268,193.976464,196.659393,806428,0.7512496083
2012-10-03,4966,4966.TWO,上櫃,197.464286,197.464286,192.098415,192.634995,814829,0.75124968
2012-10-04,4966,4966.TWO,上櫃,193.171589,193.171589,188.878887,191.025238,578220,0.7512496945
2012-10-05,4966,4966.TWO,上櫃,188.342308,188.342308,178.147133,182.976425,1780863,0.7512496925
2012-10-08,4966,4966.TWO,上櫃,181.366638,182.976398,177.610516,179.756866,631422,0.7512495801
2012-10-09,4966,4966.TWO,上櫃,179.756897,180.830078,172.244675,172.244675,838629,0.7512497062
2012-10-11,4966,4966.TWO,上櫃,169.025154,176.537388,167.951984,173.854446,735026,0.751249756
2012-10-12,4966,4966.TWO,上櫃,174.927628,177.342274,174.122742,174.927628,455016,0.7512497558
2012-10-15,4966,4966.TWO,上櫃,174.927604,176.000774,170.634903,170.634903,341612,0.7512496555
2012-10-16,4966,4966.TWO,上櫃,173.317829,173.586124,170.098309,172.512955,460616,0.7512496398
2012-10-17,4966,4966.TWO,上櫃,174.391037,177.610558,173.049572,173.854446,676224,0.751249756
2012-10-18,4966,4966.TWO,上櫃,174.927647,176.000817,170.634945,171.171524,464816,0.7512498399
2012-10-19,4966,4966.TWO,上櫃,171.171525,171.171525,159.90319,162.586121,1409850,0.7512498452
2012-10-22,4966,4966.TWO,上櫃,159.903168,159.903168,156.683636,157.756805,1244644,0.7512497395
2012-10-23,4966,4966.TWO,上櫃,159.098282,162.317802,157.220226,158.293396,1096239,0.7512497395
2012-10-24,4966,4966.TWO,上櫃,156.68364,158.82999,155.610458,156.147049,1295046,0.7512497578
2012-10-25,4966,4966.TWO,上櫃,156.147029,158.82997,150.244568,150.244568,1234844,0.7512496632
2012-10-26,4966,4966.TWO,上櫃,151.854331,152.927512,139.781113,139.781113,2137876,0.7512496779
2012-10-29,4966,4966.TWO,上櫃,139.781095,139.781095,130.122513,130.122513,1876067,0.7512495853
2012-10-30,4966,4966.TWO,上櫃,131.464001,137.366474,131.464001,135.220123,1393049,0.7512497182
2012-10-31,4966,4966.TWO,上櫃,135.220123,141.122585,133.073772,135.220123,2877102,0.7512497182
2012-11-01,4966,4966.TWO,上櫃,133.610352,135.756702,128.781071,134.146942,1360848,0.7512497181
2012-11-02,4966,4966.TWO,上櫃,136.02502,143.26896,135.756725,139.512848,2689496,0.7512498421
2012-11-05,4966,4966.TWO,上櫃,137.903045,138.17134,129.854233,129.854233,1640858,0.7512496733
2012-11-06,4966,4966.TWO,上櫃,127.171283,127.171283,121.000527,124.756638,2762298,0.7512496247
2012-11-07,4966,4966.TWO,上櫃,122.878578,126.09811,118.317582,123.683464,2095874,0.7512496004
2012-11-08,4966,4966.TWO,上櫃,119.927379,131.195725,119.659084,126.634727,3802535,0.751249762
2012-11-09,4966,4966.TWO,上櫃,125.561546,135.220131,125.561546,131.195724,4023743,0.7512497612
2012-11-12,4966,4966.TWO,上櫃,132.53717,136.024986,131.195706,133.073761,2576092,0.7512496533
2012-11-13,4966,4966.TWO,上櫃,133.073768,134.146938,127.43959,127.707886,1352448,0.7512496946
2012-11-14,4966,4966.TWO,上櫃,127.707882,130.927414,127.707882,129.317642,1010836,0.751249673
2012-11-15,4966,4966.TWO,上櫃,128.781055,128.781055,123.415173,125.293228,1349648,0.7512496251
2012-11-16,4966,4966.TWO,上櫃,125.293236,132.537174,125.293236,129.317642,2758098,0.751249673
2012-11-19,4966,4966.TWO,上櫃,126.098121,126.098121,120.463943,120.463943,373813,0.7512496681
2012-11-20,4966,4966.TWO,上櫃,112.146805,112.146805,112.146805,112.146805,434015,0.7512494584
2012-11-21,4966,4966.TWO,上櫃,104.366336,111.610264,104.366336,110.537094,5252987,0.7512497913
2012-11-22,4966,4966.TWO,上櫃,113.488319,115.902954,111.878548,113.220024,2914904,0.7512497141
2012-11-23,4966,4966.TWO,上櫃,114.829785,121.000542,114.293194,121.000542,2714696,0.7512497158
2012-11-26,4966,4966.TWO,上櫃,122.878597,126.63472,122.878597,126.098129,3078709,0.7512497167
2012-11-27,4966,4966.TWO,上櫃,126.903,127.707885,122.878593,123.146889,1722061,0.7512496929
2012-11-28,4966,4966.TWO,上櫃,122.341999,124.48835,120.732228,123.415169,1297846,0.7512496001
2012-11-29,4966,4966.TWO,上櫃,125.293235,126.634712,121.80542,121.80542,1992271,0.7512496688
2012-11-30,4966,4966.TWO,上櫃,121.805431,126.634724,121.805431,124.488373,2440287,0.7512497394
2012-12-03,4966,4966.TWO,上櫃,126.903015,127.439606,123.683495,123.95179,1351048,0.7512497857
2012-12-04,4966,4966.TWO,上櫃,123.951778,126.098129,122.342018,126.098129,1402850,0.7512497167
2012-12-05,4966,4966.TWO,上櫃,126.634706,134.683517,126.098115,134.683517,4145548,0.7512496331
2012-12-06,4966,4966.TWO,上櫃,134.683525,136.024989,129.317642,129.317642,3203314,0.751249673
2012-12-07,4966,4966.TWO,上櫃,129.854233,134.146934,129.585938,130.390823,3012907,0.7512496735
2012-12-10,4966,4966.TWO,上櫃,130.390831,131.195717,124.488369,126.098129,2123875,0.7512497167
2012-12-11,4966,4966.TWO,上櫃,125.56155,125.56155,122.610313,123.95179,1089238,0.7512497857
2012-12-12,4966,4966.TWO,上櫃,125.293251,129.317658,125.293251,126.366432,1892867,0.7512497621
2012-12-13,4966,4966.TWO,上櫃,127.707893,133.073776,127.171303,131.7323,2688096,0.7512497395
2012-12-14,4966,4966.TWO,上櫃,131.464024,134.683556,130.122558,130.927444,2157477,0.7512498489
2012-12-17,4966,4966.TWO,上櫃,130.927421,130.927421,126.098129,126.098129,1198442,0.7512497167
2012-12-18,4966,4966.TWO,上櫃,127.171299,128.24448,125.293243,126.098129,1016436,0.7512497167
2012-12-19,4966,4966.TWO,上櫃,128.24448,129.31765,125.561539,126.098129,1110239,0.7512497167
2012-12-20,4966,4966.TWO,上櫃,117.512741,117.512741,117.512741,117.512741,376613,0.7512498126
2012-12-21,4966,4966.TWO,上櫃,109.463902,113.756603,109.463902,111.878548,2725897,0.7512497139
2012-12-24,4966,4966.TWO,上櫃,110.000472,111.341937,104.634602,105.439476,2177077,0.7512495764
2012-12-25,4966,4966.TWO,上櫃,105.707783,108.659019,105.171192,107.049248,1936269,0.7512496592
2012-12-26,4966,4966.TWO,上櫃,107.854141,109.463901,106.780972,108.390732,1012236,0.751249713
2012-12-27,4966,4966.TWO,上櫃,108.659013,115.902939,108.390718,115.902939,2674095,0.7512496159
2012-12-28,4966,4966.TWO,上櫃,116.439537,119.122478,114.293187,117.781013,2739897,0.7512496664
2013-01-02,4966,4966.TWO,上櫃,119.390767,123.683468,118.854176,122.342003,1884467,0.7512496223
2013-01-03,4966,4966.TWO,上櫃,122.878582,126.366409,122.342003,122.342003,2258280,0.7512496223
2013-01-04,4966,4966.TWO,上櫃,122.878589,123.95177,120.195648,120.195648,1409850,0.751249668
2013-01-07,4966,4966.TWO,上櫃,123.146904,128.512787,122.878608,128.512787,1673059,0.751249784
2013-01-08,4966,4966.TWO,上櫃,129.31767,129.585965,122.342037,122.878616,2279281,0.7512498328
2013-01-09,4966,4966.TWO,上櫃,122.342029,126.366436,121.805439,123.95179,1519054,0.7512497857
2013-01-10,4966,4966.TWO,上櫃,125.293247,126.634724,124.220078,124.488373,1460252,0.7512497394
2013-01-11,4966,4966.TWO,上櫃,126.098133,132.26889,125.293247,131.464005,3588328,0.7512497395
2013-01-14,4966,4966.TWO,上櫃,131.464019,140.049423,130.390849,140.049423,4450758,0.7512498214
2013-01-15,4966,4966.TWO,上櫃,141.659168,145.146984,135.220116,139.781113,4064345,0.7512496779
2013-01-16,4966,4966.TWO,上櫃,139.512817,141.390873,135.220116,138.171341,2385685,0.7512496773
2013-01-17,4966,4966.TWO,上櫃,140.317703,141.927475,128.781075,131.464005,2626493,0.7512497395
2013-01-18,4966,4966.TWO,上櫃,134.146957,137.36649,133.073787,135.488434,2417886,0.7512498029
2013-01-21,4966,4966.TWO,上櫃,135.756695,139.512817,135.488411,138.171341,1541455,0.7512496773
2013-01-22,4966,4966.TWO,上櫃,138.439636,138.439636,135.756695,138.171341,865230,0.7512496773
2013-01-23,4966,4966.TWO,上櫃,140.049423,143.805546,138.976253,140.049423,2384285,0.7512498214
2013-01-24,4966,4966.TWO,上櫃,138.439625,140.049385,136.293274,136.829865,1138240,0.7512496138
2013-01-25,4966,4966.TWO,上櫃,136.829895,138.707951,135.756714,137.366486,1107439,0.7512497812
2013-01-28,4966,4966.TWO,上櫃,137.903065,139.244541,136.293304,137.366486,656623,0.7512497812
2013-01-29,4966,4966.TWO,上櫃,138.171382,141.927506,137.903087,141.12262,1633858,0.7512499019
2013-01-30,4966,4966.TWO,上櫃,143.268951,147.293358,143.000656,144.342133,3640130,0.751249799
2013-01-31,4966,4966.TWO,上櫃,146.220173,146.220173,142.46405,143.268936,1667459,0.7512497195
2013-02-01,4966,4966.TWO,上櫃,133.342083,136.025013,133.342083,133.610367,3859937,0.7512498039
2013-02-04,4966,4966.TWO,上櫃,133.610355,135.488422,129.585949,132.000595,1999271,0.7512497395
2013-02-05,4966,4966.TWO,上櫃,130.122521,134.683517,130.122521,134.415222,1271245,0.7512496329
2013-02-06,4966,4966.TWO,上櫃,135.756706,136.025002,131.464005,131.464005,1258644,0.7512497395
2013-02-18,4966,4966.TWO,上櫃,132.000614,132.537205,128.781093,130.927444,918432,0.7512498489
2013-02-19,4966,4966.TWO,上櫃,132.268883,138.43964,132.000588,137.098175,2305882,0.7512496976
2013-02-20,4966,4966.TWO,上櫃,138.707932,140.585987,136.561581,139.781113,2013271,0.7512496779
2013-02-21,4966,4966.TWO,上櫃,138.976246,139.512837,136.025009,137.366486,826029,0.7512497812
2013-02-22,4966,4966.TWO,上櫃,137.903006,137.903006,134.683487,134.951782,1104639,0.7512494634
2013-02-25,4966,4966.TWO,上櫃,135.48843,139.244541,135.220135,137.366486,1603057,0.7512497812
2013-02-26,4966,4966.TWO,上櫃,135.220123,136.293293,134.146942,134.146942,1281045,0.7512497181
2013-02-27,4966,4966.TWO,上櫃,134.68354,135.75671,130.659134,131.195724,1626858,0.7512497612
2013-03-01,4966,4966.TWO,上櫃,134.146917,140.317673,134.146917,140.317673,2808500,0.7512495761
2013-03-04,4966,4966.TWO,上櫃,141.122597,142.195778,135.48843,136.5616,3039508,0.7512497814
2013-03-05,4966,4966.TWO,上櫃,137.366463,141.659164,135.220112,140.585983,2881302,0.7512496579
2013-03-06,4966,4966.TWO,上櫃,142.195785,150.244598,140.586013,149.439713,5219386,0.7512498162
2013-03-07,4966,4966.TWO,上櫃,150.244568,158.29338,147.561627,149.976273,6251223,0.751249663
2013-03-08,4966,4966.TWO,上櫃,151.317749,156.415337,149.171398,152.927521,3619129,0.7512497207
2013-03-11,4966,4966.TWO,上櫃,156.68364,158.2934,154.000698,156.951935,2343683,0.7512497577
2013-03-12,4966,4966.TWO,上櫃,158.025129,158.293424,150.7812,151.31778,2432970,0.7512498721
2013-03-13,4966,4966.TWO,上櫃,151.586075,154.269017,149.439724,151.31778,1559655,0.7512498721
2013-03-14,4966,4966.TWO,上櫃,150.244564,152.65921,148.098214,151.854324,968757,0.7512496451
2013-03-15,4966,4966.TWO,上櫃,151.854343,152.927525,148.366528,149.707993,1110995,0.7512497395
2013-03-18,4966,4966.TWO,上櫃,148.634808,151.317737,146.488457,150.244568,1543185,0.7512496632
2013-03-19,4966,4966.TWO,上櫃,151.854313,151.854313,149.439667,150.781143,956165,0.7512495874
2013-03-20,4966,4966.TWO,上櫃,149.171372,154.805549,149.171372,150.781143,1780178,0.7512495874
2013-03-21,4966,4966.TWO,上櫃,152.659245,152.659245,149.171417,149.171417,875031,0.7512498163
2013-03-22,4966,4966.TWO,上櫃,151.317753,152.659229,148.634823,149.707993,1552795,0.7512497395
2013-03-25,4966,4966.TWO,上櫃,151.85434,152.39093,150.78117,151.049454,808605,0.7512497205
2013-03-26,4966,4966.TWO,上櫃,150.781177,157.22023,150.781177,156.951935,2644606,0.7512497577
2013-03-27,4966,4966.TWO,上櫃,157.756813,157.756813,154.000702,154.537292,1196394,0.7512497765
2013-03-28,4966,4966.TWO,上櫃,155.610462,156.683643,153.464111,154.537292,984400,0.7512497765
2013-03-29,4966,4966.TWO,上櫃,155.610431,157.220203,154.000671,154.268967,922975,0.751249628
2013-04-01,4966,4966.TWO,上櫃,154.537289,154.805584,147.025055,148.098236,1641522,0.7512497588
2013-04-02,4966,4966.TWO,上櫃,148.098236,149.976292,146.488476,148.634827,712919,0.7512497587
2013-04-03,4966,4966.TWO,上櫃,151.317737,151.317737,148.634808,150.512863,681824,0.7512496633
2013-04-08,4966,4966.TWO,上櫃,146.488461,148.366516,144.878689,147.02504,1035703,0.751249681
2013-04-09,4966,4966.TWO,上櫃,145.95187,149.707981,145.683575,147.02504,906201,0.751249681
2013-04-10,4966,4966.TWO,上櫃,147.025035,148.366511,138.707928,140.585983,1934747,0.7512496579
2013-04-11,4966,4966.TWO,上櫃,141.122577,142.464042,137.366467,138.439636,1520385,0.7512496774
2013-04-12,4966,4966.TWO,上櫃,138.976268,141.12262,137.903087,141.12262,823936,0.7512499019
2013-04-15,4966,4966.TWO,上櫃,142.195724,143.805484,141.659134,141.659134,1283480,0.7512494967
2013-04-16,4966,4966.TWO,上櫃,139.512829,142.19577,138.707943,142.19577,430264,0.7512497394
2013-04-17,4966,4966.TWO,上櫃,143.268894,144.073779,141.659134,141.659134,458339,0.7512494967
2013-04-18,4966,4966.TWO,上櫃,140.049393,141.659164,138.976223,140.585983,594672,0.7512496579
2013-04-19,4966,4966.TWO,上櫃,141.122589,144.8787,141.122589,142.19577,1140181,0.7512497394
2013-04-22,4966,4966.TWO,上櫃,142.73238,143.000676,141.12262,141.12262,416213,0.7512499019
2013-04-23,4966,4966.TWO,上櫃,141.122577,142.732338,138.439636,138.439636,656784,0.7512496774
2013-04-24,4966,4966.TWO,上櫃,140.049396,140.585987,138.707932,138.707932,649880,0.7512496775
2013-04-25,4966,4966.TWO,上櫃,137.903027,141.927444,137.634743,140.317673,1126214,0.7512495761
2013-04-26,4966,4966.TWO,上櫃,141.927453,148.903083,141.659157,145.146973,2416536,0.751249621
2013-04-29,4966,4966.TWO,上櫃,147.561603,147.561603,144.878662,145.415253,1166878,0.7512495424
2013-04-30,4966,4966.TWO,上櫃,147.02504,148.903095,146.220165,147.02504,1301636,0.751249681
2013-05-02,4966,4966.TWO,上櫃,147.025055,148.634827,143.537239,148.098236,1215029,0.7512497588
2013-05-03,4966,4966.TWO,上櫃,137.903013,142.195724,137.903013,141.659134,2485620,0.7512494967
2013-05-06,4966,4966.TWO,上櫃,141.65918,142.19577,139.781124,141.390884,524602,0.7512497394
2013-05-07,4966,4966.TWO,上櫃,141.390881,144.610401,141.122585,142.732346,759597,0.7512497194
2013-05-08,4966,4966.TWO,上櫃,143.000645,143.805531,141.122589,142.19577,473811,0.7512497394
2013-05-09,4966,4966.TWO,上櫃,143.000676,143.805562,141.12262,141.12262,552319,0.7512499019
2013-05-10,4966,4966.TWO,上櫃,141.659164,143.268924,140.585983,140.585983,393923,0.7512496579
2013-05-13,4966,4966.TWO,上櫃,140.585976,146.756733,140.049386,144.610382,1823432,0.7512496206
2013-05-14,4966,4966.TWO,上櫃,146.488487,149.439713,144.61042,149.439713,1916193,0.7512498162
2013-05-15,4966,4966.TWO,上櫃,150.512848,151.317722,147.829907,150.781143,1441049,0.7512495874
2013-05-16,4966,4966.TWO,上櫃,149.171387,150.512863,147.829922,150.244568,1195432,0.7512496632
2013-05-17,4966,4966.TWO,上櫃,151.31778,158.293424,150.24461,151.31778,3904409,0.7512498721
2013-05-20,4966,4966.TWO,上櫃,152.390912,156.951908,152.390912,155.342148,2483247,0.7512496287
2013-05-21,4966,4966.TWO,上櫃,155.610443,156.415329,153.464092,156.415329,1630029,0.7512496845
2013-05-22,4966,4966.TWO,上櫃,156.68361,165.269012,156.68361,165.269012,3358907,0.7512496181
2013-05-23,4966,4966.TWO,上櫃,165.269051,166.073937,160.708054,161.781235,2141071,0.7512497926
2013-05-24,4966,4966.TWO,上櫃,163.659259,165.26902,160.171433,160.976318,1518344,0.7512496504
2013-05-27,4966,4966.TWO,上櫃,163.122669,163.122669,160.171433,160.976318,601577,0.7512496504
2013-05-28,4966,4966.TWO,上櫃,160.439784,165.269078,160.171489,163.927612,1380561,0.7512499143
2013-05-29,4966,4966.TWO,上櫃,164.195862,164.195862,161.781216,162.854385,677064,0.7512497043
2013-05-30,4966,4966.TWO,上櫃,163.659271,165.269031,162.0495,162.317795,1069932,0.7512497042
2013-05-31,4966,4966.TWO,上櫃,164.19585,164.19585,159.366558,160.976318,924441,0.7512496504
2013-06-03,4966,4966.TWO,上櫃,160.439728,162.586078,159.098263,160.708023,494602,0.7512496503
2013-06-04,4966,4966.TWO,上櫃,161.512909,164.19585,161.512909,161.512909,802039,0.7512496507
2013-06-05,4966,4966.TWO,上櫃,162.317806,162.586102,155.342175,156.68364,1075686,0.7512497577
2013-06-06,4966,4966.TWO,上櫃,155.610459,155.878754,147.561645,148.634827,2026611,0.7512497587
2013-06-07,4966,4966.TWO,上櫃,148.634808,151.049442,146.488457,150.244568,1272490,0.7512496632
2013-06-10,4966,4966.TWO,上櫃,152.122639,152.390934,149.171402,149.707993,459380,0.7512497395
2013-06-11,4966,4966.TWO,上櫃,148.634835,148.634835,144.073837,144.073837,1109856,0.7512497991
2013-06-13,4966,4966.TWO,上櫃,141.659184,142.195774,137.366482,137.903061,1646822,0.7512497603
2013-06-14,4966,4966.TWO,上櫃,138.976257,139.781143,136.293315,139.512848,851482,0.7512498421
2013-06-17,4966,4966.TWO,上櫃,139.512848,139.781143,138.171371,139.512848,514126,0.7512498421
2013-06-18,4966,4966.TWO,上櫃,139.512814,142.195755,139.512814,140.585983,1180723,0.7512496579
2013-06-19,4966,4966.TWO,上櫃,142.195743,142.195743,138.976212,139.244507,529239,0.7512495954
2013-06-20,4966,4966.TWO,上櫃,137.903046,141.122577,137.903046,138.171341,380506,0.7512496773
2013-06-21,4966,4966.TWO,上櫃,135.220135,135.220135,128.512787,128.781082,1737096,0.7512497839
2013-06-24,4966,4966.TWO,上櫃,128.781091,128.781091,119.927391,119.927391,1959862,0.751249835
2013-06-25,4966,4966.TWO,上櫃,119.927368,119.927368,111.610249,118.854187,2326201,0.7512496912
2013-06-26,4966,4966.TWO,上櫃,120.463947,123.951775,120.195652,123.146889,1480548,0.7512496929
2013-06-27,4966,4966.TWO,上櫃,126.098122,126.902996,124.756645,125.561531,907722,0.751249671
2013-06-28,4966,4966.TWO,上櫃,128.244476,130.927418,126.634716,127.707886,1072795,0.7512496946
2013-07-01,4966,4966.TWO,上櫃,132.000603,132.000603,127.439606,128.244492,568883,0.7512497841
2013-07-02,4966,4966.TWO,上櫃,128.244492,128.781082,123.683495,123.95179,487854,0.7512497857
2013-07-03,4966,4966.TWO,上櫃,125.561558,125.561558,119.122505,119.927391,457210,0.751249835
2013-07-04,4966,4966.TWO,上櫃,119.927354,123.415169,113.756586,123.415169,730324,0.7512496001
2013-07-05,4966,4966.TWO,上櫃,124.488369,124.488369,121.805428,122.073723,273709,0.7512497159
2013-07-08,4966,4966.TWO,上櫃,122.073731,122.073731,116.976143,117.244438,394335,0.7512497639
2013-07-09,4966,4966.TWO,上櫃,116.439531,125.293228,115.366361,125.293228,863753,0.7512496251
2013-07-10,4966,4966.TWO,上櫃,126.098107,130.659103,126.098107,130.122513,1345952,0.7512495853
2013-07-11,4966,4966.TWO,上櫃,132.000599,132.000599,128.781078,131.195724,834917,0.7512497612
2013-07-12,4966,4966.TWO,上櫃,131.195694,131.463978,129.585922,130.122513,250608,0.7512495853
2013-07-15,4966,4966.TWO,上櫃,128.781085,136.025013,128.781085,135.488434,1066944,0.7512498029
2013-07-16,4966,4966.TWO,上櫃,135.488434,136.561604,133.610367,133.878662,398037,0.7512498037
2013-07-17,4966,4966.TWO,上櫃,133.342075,133.878655,129.585953,129.585953,433318,0.7512497616
2013-07-18,4966,4966.TWO,上櫃,129.585941,131.195713,127.171295,127.171295,405720,0.7512496944
2013-07-19,4966,4966.TWO,上櫃,128.244492,128.781082,122.610313,123.95179,516493,0.7512497857
2013-07-22,4966,4966.TWO,上櫃,124.488388,125.024967,121.805447,122.878616,289110,0.7512498328
2013-07-23,4966,4966.TWO,上櫃,123.415199,128.512787,123.415199,128.244492,552179,0.7512497841
2013-07-24,4966,4966.TWO,上櫃,128.512756,132.268867,127.17128,127.976166,617716,0.7512496051
2013-07-25,4966,4966.TWO,上櫃,129.585937,129.585937,126.902996,129.049347,330467,0.7512496729
2013-07-26,4966,4966.TWO,上櫃,129.049351,129.317646,126.903,127.43959,399644,0.7512496945
2013-07-29,4966,4966.TWO,上櫃,127.976165,130.390811,121.000523,123.683464,907961,0.7512496004
2013-07-30,4966,4966.TWO,上櫃,125.02494,125.02494,120.195648,121.80542,570485,0.7512496688
2013-07-31,4966,4966.TWO,上櫃,123.41518,123.41518,115.366368,117.781013,776425,0.7512496664
2013-08-01,4966,4966.TWO,上櫃,118.049301,123.415184,112.68343,123.146889,969114,0.7512496929
2013-08-02,4966,4966.TWO,上櫃,123.951775,127.707886,122.342015,127.707886,1848679,0.7512496946
2013-08-05,4966,4966.TWO,上櫃,130.390813,136.293274,128.781053,136.293274,2126960,0.7512496133
2013-08-06,4966,4966.TWO,上櫃,136.293274,137.63475,132.268868,137.63475,1178492,0.7512496145
2013-08-07,4966,4966.TWO,上櫃,135.220077,137.098132,133.610306,134.951782,751091,0.7512494634
2013-08-08,4966,4966.TWO,上櫃,134.951824,138.707935,134.683529,135.756699,824600,0.7512496973
2013-08-09,4966,4966.TWO,上櫃,137.36647,137.903049,134.415234,135.756699,600901,0.7512496973
2013-08-12,4966,4966.TWO,上櫃,135.756685,145.146973,135.756685,145.146973,2274879,0.751249621
2013-08-13,4966,4966.TWO,上櫃,146.756729,148.634796,144.610379,147.29332,1817838,0.7512496033
2013-08-14,4966,4966.TWO,上櫃,149.171375,149.171375,145.415264,146.756729,598494,0.7512496028
2013-08-15,4966,4966.TWO,上櫃,145.683586,146.488472,140.585999,142.19577,929893,0.7512497394
2013-08-16,4966,4966.TWO,上櫃,140.049371,145.951843,140.049371,145.415253,1518760,0.7512495424
2013-08-19,4966,4966.TWO,上櫃,145.951858,146.488449,142.195748,145.146973,1015751,0.751249621
2013-08-20,4966,4966.TWO,上櫃,144.342109,144.610393,139.781113,139.781113,670079,0.7512496779
2013-08-22,4966,4966.TWO,上櫃,138.439644,142.732346,137.903053,142.732346,940263,0.7512497194
2013-08-23,4966,4966.TWO,上櫃,143.268917,146.488449,143.000622,145.146973,1129729,0.751249621
2013-08-26,4966,4966.TWO,上櫃,145.415253,147.025013,144.073788,145.415253,686182,0.7512495424
2013-08-27,4966,4966.TWO,上櫃,145.415244,145.951834,139.512784,141.659134,857362,0.7512494967
2013-08-28,4966,4966.TWO,上櫃,141.122604,141.92749,138.976253,140.854309,445693,0.7512498209
2013-08-29,4966,4966.TWO,上櫃,143.268944,148.90311,141.122593,148.634827,1955269,0.7512497587
2013-08-30,4966,4966.TWO,上櫃,148.634827,148.634827,148.634827,148.634827,0,0.7512497587
2013-09-02,4966,4966.TWO,上櫃,153.258086,163.577209,151.347138,163.577209,4821924,0.7643794835
2013-09-03,4966,4966.TWO,上櫃,166.634744,173.51416,164.341605,173.51416,3285751,0.7643795602
2013-09-04,4966,4966.TWO,上櫃,172.749725,172.749725,165.870311,168.545639,1680423,0.7643793154
2013-09-05,4966,4966.TWO,上櫃,168.163463,171.98536,166.634705,166.634705,1228698,0.7643793789
2013-09-06,4966,4966.TWO,上櫃,166.634732,168.927871,165.105973,167.016922,1260585,0.7643795057
2013-09-09,4966,4966.TWO,上櫃,167.016917,171.221004,165.105969,169.692245,1820336,0.7643794842
2013-09-10,4966,4966.TWO,上櫃,172.749741,174.2785,164.341568,164.341568,2320401,0.764379386
2013-09-11,4966,4966.TWO,上櫃,164.341581,165.87034,159.373115,160.519684,1216800,0.7643794468
2013-09-12,4966,4966.TWO,上櫃,160.901861,165.488137,160.137481,164.341568,798415,0.764379386
2013-09-13,4966,4966.TWO,上櫃,165.488179,165.870369,160.901901,160.901901,791703,0.7643795784
2013-09-16,4966,4966.TWO,上櫃,158.608765,162.048473,156.697816,158.608765,429817,0.7643795887
2013-09-17,4966,4966.TWO,上櫃,159.755288,165.105943,158.608719,162.812805,1487720,0.764379367
2013-09-18,4966,4966.TWO,上櫃,165.488115,165.870304,162.812787,163.194977,750489,0.7643792825
2013-09-23,4966,4966.TWO,上櫃,164.3416,165.105979,159.755322,160.137512,666300,0.7643795332
2013-09-24,4966,4966.TWO,上櫃,160.519649,165.105925,160.519649,163.194977,723188,0.7643792825
2013-09-25,4966,4966.TWO,上櫃,164.341622,164.341622,161.284103,161.284103,415900,0.7643796369
2013-09-26,4966,4966.TWO,上櫃,162.81285,163.19504,159.755332,160.901901,409600,0.7643795784
2013-09-27,4966,4966.TWO,上櫃,160.901849,162.812797,157.844331,159.75528,370100,0.7643793279
2013-09-30,4966,4966.TWO,上櫃,158.608743,160.519691,157.462173,157.462173,269061,0.7643794828
2013-10-01,4966,4966.TWO,上櫃,158.226549,159.373118,155.933411,155.933411,357830,0.7643794639
2013-10-02,4966,4966.TWO,上櫃,157.462195,159.373144,156.697816,158.608765,316788,0.7643795887
2013-10-03,4966,4966.TWO,上櫃,158.608701,165.870304,157.462132,163.194977,1093022,0.7643792825
2013-10-04,4966,4966.TWO,上櫃,163.57723,167.016938,160.901901,160.901901,1088805,0.7643795784
2013-10-07,4966,4966.TWO,上櫃,162.048461,162.812841,160.137512,160.137512,524285,0.7643795332
2013-10-08,4966,4966.TWO,上櫃,164.341546,166.634684,162.812787,163.194977,1720415,0.7643792825
2013-10-09,4966,4966.TWO,上櫃,163.194993,167.78127,161.666235,165.105942,1920354,0.7643793601
2013-10-11,4966,4966.TWO,上櫃,167.781274,169.692222,166.634705,166.634705,2128170,0.7643793789
2013-10-14,4966,4966.TWO,上櫃,166.634713,166.634713,155.169022,155.169022,2620592,0.7643794168
2013-10-15,4966,4966.TWO,上櫃,157.079988,158.608748,154.02247,154.78685,1684334,0.7643795061
2013-10-16,4966,4966.TWO,上櫃,155.551214,156.697783,144.085523,144.467712,2692732,0.7643794307
2013-10-17,4966,4966.TWO,上櫃,146.760868,154.404663,144.467729,154.404663,2063480,0.7643795202
2013-10-18,4966,4966.TWO,上櫃,156.697769,165.105942,156.697769,165.105942,3693677,0.7643793601
2013-10-21,4966,4966.TWO,上櫃,168.163464,169.310033,161.666239,162.430618,2270936,0.7643793802
2013-10-22,4966,4966.TWO,上櫃,162.048428,166.634705,161.284049,166.634705,1975172,0.7643793789
2013-10-23,4966,4966.TWO,上櫃,168.163504,175.04292,167.399124,167.399124,4827349,0.7643795623
2013-10-24,4966,4966.TWO,上櫃,168.927844,172.749741,167.016895,172.749741,2280659,0.7643793832
2013-10-25,4966,4966.TWO,上櫃,172.749727,173.514106,169.692209,170.456589,1524125,0.7643793217
2013-10-28,4966,4966.TWO,上櫃,171.985401,176.571678,171.985401,173.51416,3193554,0.7643795602
2013-10-29,4966,4966.TWO,上櫃,173.51413,174.660699,168.927854,169.310043,1307811,0.7643794281
2013-10-30,4966,4966.TWO,上櫃,170.074454,171.221024,167.781315,171.221024,936989,0.7643795695
2013-10-31,4966,4966.TWO,上櫃,170.456606,171.603175,166.634709,168.163467,712825,0.7643793973
2013-11-01,4966,4966.TWO,上櫃,169.692245,170.838815,166.634728,169.692245,1196483,0.7643794842
2013-11-04,4966,4966.TWO,上櫃,168.163484,169.692243,164.341587,165.870346,1483863,0.764379475
2013-11-05,4966,4966.TWO,上櫃,154.404663,154.404663,154.404663,154.404663,564250,0.7643795202
2013-11-06,4966,4966.TWO,上櫃,143.703354,143.703354,143.703354,143.703354,716786,0.7643795419
2013-11-07,4966,4966.TWO,上櫃,133.766378,142.174551,133.766378,137.206085,4429448,0.7643793048
2013-11-08,4966,4966.TWO,上櫃,136.059525,138.734853,127.651352,127.651352,3775160,0.7643793529
2013-11-11,4966,4966.TWO,上櫃,127.651389,127.651389,121.918542,123.829491,1889107,0.764379572
2013-11-12,4966,4966.TWO,上櫃,124.211651,127.651358,115.421288,118.478806,4499717,0.7643793906
2013-11-13,4966,4966.TWO,上櫃,117.332233,121.536319,116.185664,120.007561,3109619,0.7643793677
2013-11-14,4966,4966.TWO,上櫃,120.77195,128.033554,119.62538,128.033554,2259074,0.7643794273
2013-11-15,4966,4966.TWO,上櫃,132.23763,136.823907,131.473251,135.677338,4120324,0.764379367
2013-11-18,4966,4966.TWO,上櫃,137.588272,139.11703,133.001996,133.384186,1875899,0.7643792882
2013-11-19,4966,4966.TWO,上櫃,133.3842,139.881424,131.855441,135.677338,1410484,0.764379367
2013-11-20,4966,4966.TWO,上櫃,136.059533,138.734861,134.530774,134.912964,928550,0.7643793987
2013-11-21,4966,4966.TWO,上櫃,134.530796,134.530796,126.122621,129.944519,1561122,0.7643795238
2013-11-22,4966,4966.TWO,上櫃,129.944494,132.237632,128.797925,129.180115,577662,0.7643793772
2013-11-25,4966,4966.TWO,上櫃,131.473282,133.76642,129.562333,131.473282,700363,0.7643795457
2013-11-26,4966,4966.TWO,上櫃,132.237635,133.766394,129.944497,133.002014,414901,0.7643793917
2013-11-27,4966,4966.TWO,上櫃,133.766416,139.499263,133.766416,136.059555,1609921,0.7643795228
2013-11-28,4966,4966.TWO,上櫃,138.352694,138.734883,136.059555,136.059555,731509,0.7643795228
2013-11-29,4966,4966.TWO,上櫃,136.05954,136.82392,131.473264,131.855453,1119202,0.7643794405
2013-12-02,4966,4966.TWO,上櫃,131.855431,139.117035,131.473242,139.117035,1782569,0.7643793127
2013-12-03,4966,4966.TWO,上櫃,139.117043,142.174561,137.588285,137.970474,1167736,0.7643793587
2013-12-04,4966,4966.TWO,上櫃,140.645808,147.525223,139.117049,147.525223,1545081,0.7643793926
2013-12-05,4966,4966.TWO,上櫃,151.347091,152.11147,141.79235,142.938919,3353916,0.7643792463
2013-12-06,4966,4966.TWO,上櫃,143.321153,147.52524,143.321153,145.232101,1582693,0.7643794813
2013-12-09,4966,4966.TWO,上櫃,148.289619,149.818378,144.085532,145.232101,1034170,0.7643794813
2013-12-10,4966,4966.TWO,上櫃,149.054021,149.054021,142.556795,146.378693,925675,0.764379596
2013-12-11,4966,4966.TWO,上櫃,147.143062,147.143062,143.321164,143.703354,719844,0.7643795419
2013-12-12,4966,4966.TWO,上櫃,142.938955,145.232094,140.645817,142.174576,915864,0.7643794398
2013-12-13,4966,4966.TWO,上櫃,142.174565,144.085513,138.734858,139.499237,733935,0.7643793812
2013-12-16,4966,4966.TWO,上櫃,139.49924,140.645809,133.766395,134.912964,1134442,0.7643793987
2013-12-17,4966,4966.TWO,上櫃,136.823909,139.881427,135.29515,139.499237,892835,0.7643793812
2013-12-18,4966,4966.TWO,上櫃,138.352668,141.410186,138.352668,139.499237,452911,0.7643793812
2013-12-19,4966,4966.TWO,上櫃,141.410213,148.289629,141.410213,145.99649,1893554,0.7643795313
2013-12-20,4966,4966.TWO,上櫃,148.289608,149.053988,142.556763,142.556763,1201769,0.7643794246
2013-12-23,4966,4966.TWO,上櫃,144.085523,146.378661,143.321143,144.467712,681593,0.7643794307
2013-12-24,4966,4966.TWO,上櫃,145.996488,154.404663,145.232109,154.404663,2615011,0.7643795202
2013-12-25,4966,4966.TWO,上櫃,155.933405,162.81282,154.404646,156.697784,4688873,0.7643794362
2013-12-26,4966,4966.TWO,上櫃,158.226569,167.399124,158.226569,167.399124,4376471,0.7643795623
2013-12-27,4966,4966.TWO,上櫃,170.456615,178.482599,166.634718,173.131943,5917203,0.7643794382
2013-12-30,4966,4966.TWO,上櫃,175.807271,178.100409,171.220994,173.131943,3026864,0.7643794382
2013-12-31,4966,4966.TWO,上櫃,173.514111,183.833233,171.220973,178.100388,4868447,0.7643793458
2014-01-02,4966,4966.TWO,上櫃,179.629185,187.655169,178.100426,187.27298,4475643,0.7643795091
2014-01-03,4966,4966.TWO,上櫃,187.655148,189.566096,181.922302,181.922302,3413323,0.7643794212
2014-01-06,4966,4966.TWO,上櫃,181.922292,185.744188,171.60317,175.042877,3487704,0.7643793764
2014-01-07,4966,4966.TWO,上櫃,175.425097,187.27298,175.425097,187.27298,4130197,0.7643795091
2014-01-08,4966,4966.TWO,上櫃,191.094842,192.623601,180.775721,181.5401,6132935,0.7643793688
2014-01-09,4966,4966.TWO,上櫃,181.540113,185.36201,178.482595,181.922302,2242516,0.7643794212
2014-01-10,4966,4966.TWO,上櫃,183.451092,185.362041,174.660727,175.807297,2234658,0.7643795511
2014-01-13,4966,4966.TWO,上櫃,177.336056,178.864815,172.749779,175.807297,1757551,0.7643795511
2014-01-14,4966,4966.TWO,上櫃,175.807297,178.864815,174.278538,175.807297,1406748,0.7643795511
2014-01-15,4966,4966.TWO,上櫃,178.100393,179.629152,171.985358,177.336014,2334255,0.7643793698
2014-01-16,4966,4966.TWO,上櫃,178.100389,180.011337,175.042871,180.011337,2069798,0.7643793515
2014-01-17,4966,4966.TWO,上櫃,181.922302,192.241425,180.011354,192.241425,5639013,0.7643794217
2014-01-20,4966,4966.TWO,上櫃,192.241435,193.770194,188.419538,188.801727,3270320,0.7643794627
2014-01-21,4966,4966.TWO,上櫃,188.419535,190.712673,178.482602,178.864792,3864993,0.7643794524
2014-01-22,4966,4966.TWO,上櫃,176.57166,183.068886,173.514142,173.896332,3270085,0.7643794804
2014-01-23,4966,4966.TWO,上櫃,175.807247,180.011333,175.807247,178.482574,1546080,0.7643793339
2014-01-24,4966,4966.TWO,上櫃,179.246971,180.01135,173.514125,176.189453,1629963,0.7643794062
2014-01-27,4966,4966.TWO,上櫃,173.131925,174.278494,163.959373,165.105942,2820631,0.7643793601
2014-02-05,4966,4966.TWO,上櫃,159.755328,175.807299,159.755328,173.51416,2010395,0.7643795602
2014-02-06,4966,4966.TWO,上櫃,175.807281,176.953851,168.927866,169.692245,1688793,0.7643794842
2014-02-07,4966,4966.TWO,上櫃,168.163486,168.163486,162.430639,167.781296,2877705,0.7643794796
2014-02-10,4966,4966.TWO,上櫃,167.781277,171.985364,162.048431,162.048431,2333021,0.7643793934
2014-02-11,4966,4966.TWO,上櫃,162.048426,166.252512,161.284046,162.812805,2220513,0.764379367
2014-02-12,4966,4966.TWO,上櫃,164.341589,166.634727,162.81283,163.577209,1711300,0.7643794835
2014-02-13,4966,4966.TWO,上櫃,164.341606,170.838832,163.577226,167.399124,2414302,0.7643795623
2014-02-14,4966,4966.TWO,上櫃,171.221003,173.131952,167.781296,167.781296,2654010,0.7643794796
2014-02-17,4966,4966.TWO,上櫃,170.074467,170.074467,165.48819,165.48819,1001300,0.7643796291
2014-02-18,4966,4966.TWO,上櫃,166.252494,167.399063,161.284029,163.194977,2073372,0.7643792825
2014-02-19,4966,4966.TWO,上櫃,162.048436,163.959384,158.990918,159.373108,2184654,0.7643794144
2014-02-20,4966,4966.TWO,上櫃,159.373115,165.87034,159.373115,160.519684,1564380,0.7643794468
2014-02-21,4966,4966.TWO,上櫃,162.048408,164.723735,160.901839,163.194977,1103187,0.7643792825
2014-02-24,4966,4966.TWO,上櫃,163.577176,164.341556,158.9909,159.75528,1484912,0.7643793279
2014-02-25,4966,4966.TWO,上櫃,160.519684,163.195012,160.137494,160.519684,2014892,0.7643794468
2014-02-26,4966,4966.TWO,上櫃,163.195006,171.60318,163.195006,171.60318,4949120,0.7643794206
2014-02-27,4966,4966.TWO,上櫃,177.718223,182.686689,177.336033,178.864792,4935872,0.7643794524
2014-03-03,4966,4966.TWO,上櫃,178.864772,185.744187,178.864772,181.5401,3848011,0.7643793688
2014-03-04,4966,4966.TWO,上櫃,183.451054,190.330468,181.922295,184.979813,4126289,0.764379391
2014-03-05,4966,4966.TWO,上櫃,188.80173,189.18392,182.304504,182.304504,2088093,0.7643794734
2014-03-06,4966,4966.TWO,上櫃,182.304483,194.152363,180.011345,191.477036,4860488,0.7643793833
2014-03-07,4966,4966.TWO,上櫃,191.477079,204.853721,188.419561,199.885254,8651537,0.764379556
2014-03-10,4966,4966.TWO,上櫃,203.324931,212.497484,194.534567,210.204346,6391801,0.7643794389
2014-03-11,4966,4966.TWO,上櫃,210.968748,212.497507,204.853712,207.146851,3198778,0.7643795225
2014-03-12,4966,4966.TWO,上櫃,204.853683,212.497478,204.471494,204.853683,2639358,0.7643794159
2014-03-13,4966,4966.TWO,上櫃,207.146831,210.968729,204.853693,205.618073,2411080,0.7643794517
2014-03-14,4966,4966.TWO,上櫃,204.853714,215.172837,203.324955,210.96875,4041753,0.764379529
2014-03-17,4966,4966.TWO,上櫃,214.026205,217.848101,211.733067,213.261826,2548642,0.7643793031
2014-03-18,4966,4966.TWO,上櫃,217.465916,217.848106,206.382416,206.382416,2533532,0.7643793177
2014-03-19,4966,4966.TWO,上櫃,206.382424,208.293373,192.623596,192.623596,4927481,0.76437935
2014-03-20,4966,4966.TWO,上櫃,189.948282,196.445507,189.948282,194.916748,1850634,0.7643794041
2014-03-21,4966,4966.TWO,上櫃,196.445508,198.356457,189.566093,196.827698,2179780,0.7643794088
2014-03-24,4966,4966.TWO,上櫃,194.916734,198.356441,190.712648,192.623596,1384103,0.76437935
2014-03-25,4966,4966.TWO,上櫃,194.916729,206.000229,194.152349,206.000229,2809605,0.7643793279
2014-03-26,4966,4966.TWO,上櫃,207.529041,210.968748,201.031815,201.031815,2878829,0.7643795231
2014-03-27,4966,4966.TWO,上櫃,201.031822,205.23591,197.592114,204.08934,2395521,0.7643795513
2014-03-28,4966,4966.TWO,上櫃,204.089307,205.618066,189.948288,189.948288,4096915,0.7643794284
2014-03-31,4966,4966.TWO,上櫃,191.094846,196.445502,190.330466,191.477036,1732754,0.7643793833
2014-04-01,4966,4966.TWO,上櫃,191.859225,195.681122,189.948277,191.477036,1365530,0.7643793833
2014-04-02,4966,4966.TWO,上櫃,192.623599,200.649582,192.623599,196.445496,3235844,0.7643793603
2014-04-03,4966,4966.TWO,上櫃,196.445532,199.12086,193.005824,195.681152,1809639,0.7643795013
2014-04-07,4966,4966.TWO,上櫃,193.005797,199.503022,192.623607,195.298935,1451540,0.7643793931
2014-04-08,4966,4966.TWO,上櫃,196.06332,198.356458,191.859233,194.534561,1285262,0.7643794152
2014-04-09,4966,4966.TWO,上櫃,197.97427,206.382444,196.445511,202.560547,4008113,0.7643794222
2014-04-10,4966,4966.TWO,上櫃,204.853683,206.764631,198.738647,198.738647,2166852,0.7643794133
2014-04-11,4966,4966.TWO,上櫃,196.827699,198.738647,194.152371,198.738647,1296259,0.7643794133
2014-04-14,4966,4966.TWO,上櫃,201.031807,201.031807,191.859253,191.859253,1022782,0.7643794937
2014-04-15,4966,4966.TWO,上櫃,194.916731,194.916731,191.477024,193.005783,736347,0.7643793389
2014-04-16,4966,4966.TWO,上櫃,194.534557,203.70711,193.387988,197.209885,1817050,0.7643793978
2014-04-17,4966,4966.TWO,上櫃,201.031779,203.324917,197.592072,197.592072,1756650,0.764379387
2014-04-18,4966,4966.TWO,上櫃,198.738647,204.853683,197.974268,198.738647,1793201,0.7643794133
2014-04-21,4966,4966.TWO,上櫃,201.031803,211.733116,199.885234,208.675598,4784227,0.7643794804
2014-04-22,4966,4966.TWO,上櫃,209.05777,211.350909,204.853683,204.853683,3533556,0.7643794159
2014-04-23,4966,4966.TWO,上櫃,206.382471,210.204369,198.738676,201.031815,3188329,0.7643795231
2014-04-24,4966,4966.TWO,上櫃,202.942737,203.707117,191.859235,198.356461,2495910,0.7643794242
2014-04-25,4966,4966.TWO,上櫃,197.209896,197.592086,184.979825,185.362015,3123910,0.7643794424
2014-04-28,4966,4966.TWO,上櫃,179.629189,191.859262,179.629189,190.712692,1534126,0.7643795281
2014-04-29,4966,4966.TWO,上櫃,192.623614,203.707116,192.623614,202.560547,3651389,0.7643794222
2014-04-30,4966,4966.TWO,上櫃,202.178354,203.324923,196.827698,196.827698,1918517,0.7643794088
2014-05-02,4966,4966.TWO,上櫃,197.974304,205.618099,197.974304,204.08934,2175183,0.7643795513
2014-05-05,4966,4966.TWO,上櫃,207.911219,213.261875,207.529029,208.675598,3136501,0.7643794804
2014-05-06,4966,4966.TWO,上櫃,206.382426,207.528995,200.64958,202.942719,2507524,0.7643793541
2014-05-07,4966,4966.TWO,上櫃,201.796167,205.618065,199.503029,202.560547,1127126,0.7643794222
2014-05-08,4966,4966.TWO,上櫃,204.853721,204.853721,198.738685,199.885254,1318361,0.764379556
2014-05-09,4966,4966.TWO,上櫃,200.649589,206.382434,199.50302,201.796158,1318070,0.7643793857
2014-05-12,4966,4966.TWO,上櫃,204.089309,204.853688,201.031791,202.17836,767640,0.7643794328
2014-05-13,4966,4966.TWO,上櫃,203.32492,207.146817,195.298936,197.209885,1886722,0.7643793978
2014-05-14,4966,4966.TWO,上櫃,197.974268,200.649596,197.974268,198.738647,692102,0.7643794133
2014-05-15,4966,4966.TWO,上櫃,198.738647,201.031786,197.592078,198.738647,373600,0.7643794133
2014-05-16,4966,4966.TWO,上櫃,198.73865,199.885219,197.592081,198.356461,288646,0.7643794242
2014-05-19,4966,4966.TWO,上櫃,200.267409,206.000254,199.503029,202.560547,1317564,0.7643794222
2014-05-20,4966,4966.TWO,上櫃,203.324917,206.764624,201.796158,201.796158,1494646,0.7643793857
2014-05-21,4966,4966.TWO,上櫃,202.178357,204.089306,201.031788,202.560547,598470,0.7643794222
2014-05-22,4966,4966.TWO,上櫃,204.471512,216.701584,204.471512,216.701584,4345146,0.7643794845
2014-05-23,4966,4966.TWO,上櫃,223.198805,231.606979,221.287857,231.606979,6708115,0.7643794699
2014-05-26,4966,4966.TWO,上櫃,234.664494,240.779529,230.078217,236.193253,5084501,0.7643794581
2014-05-27,4966,4966.TWO,上櫃,240.397318,242.690457,236.957611,236.957611,3218030,0.7643793906
2014-05-28,4966,4966.TWO,上櫃,240.01514,250.334262,239.63295,245.747986,3154477,0.7643794272
2014-05-29,4966,4966.TWO,上櫃,247.276757,248.805516,240.779532,246.130188,2166098,0.7643794658
2014-05-30,4966,4966.TWO,上櫃,251.480853,263.328735,249.187715,263.328735,3632128,0.764379493
2014-06-03,4966,4966.TWO,上櫃,266.004018,275.55876,257.595845,259.124603,4444878,0.7643793607
2014-06-04,4966,4966.TWO,上櫃,262.946564,277.087585,260.653425,277.087585,2657513,0.7643795461
2014-06-05,4966,4966.TWO,上櫃,282.820411,296.197052,282.820411,296.197052,1790645,0.764379489
2014-06-06,4966,4966.TWO,上櫃,316.835344,316.835344,302.694321,312.631256,4124763,0.7643795993
2014-06-09,4966,4966.TWO,上櫃,312.631215,312.631215,297.343625,303.840851,2699494,0.7643794989
2014-06-10,4966,4966.TWO,上櫃,307.662722,319.510603,301.165497,301.165497,3058973,0.7643794336
2014-06-11,4966,4966.TWO,上櫃,305.751779,321.803747,305.751779,321.039368,3507347,0.7643794468
2014-06-12,4966,4966.TWO,上櫃,327.154374,332.50503,311.866786,314.542114,3796562,0.7643793785
2014-06-13,4966,4966.TWO,上櫃,309.573679,316.835283,298.872366,304.223022,3828842,0.7643794534
2014-06-16,4966,4966.TWO,上櫃,305.751744,305.751744,292.757295,294.668243,3421422,0.7643793603
2014-06-17,4966,4966.TWO,上櫃,299.636729,311.8668,296.579211,306.516144,3730725,0.764379411
2014-06-18,4966,4966.TWO,上櫃,308.809263,314.924298,295.814814,296.579193,4339576,0.7643793637
2014-06-19,4966,4966.TWO,上櫃,300.401116,301.929875,290.081994,299.254547,2446964,0.7643794307
2014-06-20,4966,4966.TWO,上櫃,299.636716,303.458613,295.814819,295.814819,1545375,0.7643793781
2014-06-23,4966,4966.TWO,上櫃,297.343678,299.636816,278.234187,280.909515,3825257,0.7643796337
2014-06-24,4966,4966.TWO,上櫃,278.234169,289.317673,272.883512,281.291687,4021796,0.7643795843
2014-06-25,4966,4966.TWO,上櫃,281.291677,300.783356,280.145108,300.783356,4588596,0.7643795571
2014-06-26,4966,4966.TWO,上櫃,302.694257,309.191482,301.929877,303.076447,3735380,0.7643794364
2014-06-27,4966,4966.TWO,上櫃,305.751786,317.981857,303.458647,311.866821,3486691,0.7643794639
2014-06-30,4966,4966.TWO,上櫃,314.924306,319.128392,308.044891,308.044891,2076000,0.764379383
2014-07-01,4966,4966.TWO,上櫃,308.044912,316.453085,300.783307,301.165497,2397867,0.7643794336
2014-07-02,4966,4966.TWO,上櫃,306.516192,308.427141,284.349186,291.992981,2792171,0.7643795313
2014-07-03,4966,4966.TWO,上櫃,291.992928,297.343584,288.171031,295.050446,1350975,0.7643793926
2014-07-04,4966,4966.TWO,上櫃,299.636738,309.95586,293.521702,301.165497,2880750,0.7643794336
2014-07-07,4966,4966.TWO,上櫃,304.223042,304.223042,288.171072,293.521729,1974890,0.7643795013
2014-07-08,4966,4966.TWO,上櫃,293.52168,297.343577,289.699783,293.90387,814903,0.7643793748
2014-07-09,4966,4966.TWO,上櫃,295.050474,300.40113,291.228577,291.228577,1385357,0.7643794663
2014-07-10,4966,4966.TWO,上櫃,294.286144,301.92994,291.993006,292.757385,1661498,0.764379596
2014-07-11,4966,4966.TWO,上櫃,295.814836,296.197026,278.616299,283.202576,3096938,0.7643794215
2014-07-14,4966,4966.TWO,上櫃,286.642262,288.553211,277.08752,279.762848,1353150,0.7643793658
2014-07-15,4966,4966.TWO,上櫃,285.113466,292.757259,281.29157,287.024414,2252555,0.7643792651
2014-07-16,4966,4966.TWO,上櫃,286.642295,286.642295,278.234121,281.673828,987500,0.7643794522
2014-07-17,4966,4966.TWO,上櫃,281.673853,286.64232,277.087576,282.438232,1340885,0.7643795194
2014-07-18,4966,4966.TWO,上櫃,280.527233,287.406647,277.469715,278.998474,1524145,0.7643793812
2014-07-21,4966,4966.TWO,上櫃,282.820376,286.642273,271.354685,286.642273,2816000,0.7643793945
2014-07-22,4966,4966.TWO,上櫃,288.171059,295.050474,288.171059,291.228577,2287344,0.7643794663
2014-07-23,4966,4966.TWO,上櫃,291.228577,291.228577,291.228577,291.228577,0,0.7643794663
2014-07-24,4966,4966.TWO,上櫃,290.464197,295.814853,287.788869,291.228577,1675265,0.7643794663
2014-07-25,4966,4966.TWO,上櫃,295.814793,309.95581,295.814793,301.547638,4336208,0.7643793104
2014-07-28,4966,4966.TWO,上櫃,303.07651,311.866875,292.757385,292.757385,3718010,0.764379596
2014-07-29,4966,4966.TWO,上櫃,296.579273,299.636791,278.998543,282.056061,2582015,0.7643795685
2014-07-30,4966,4966.TWO,上櫃,283.584755,288.553221,275.940961,286.642273,1658900,0.7643793945
2014-07-31,4966,4966.TWO,上櫃,288.171037,294.286072,282.056001,294.286072,2186628,0.7643794072
2014-08-01,4966,4966.TWO,上櫃,293.521693,301.929866,275.558777,275.558777,4954270,0.7643794088
2014-08-04,4966,4966.TWO,上櫃,275.558785,278.616302,271.354698,278.616302,2109432,0.7643794307
2014-08-05,4966,4966.TWO,上櫃,278.616234,282.438131,272.88339,277.469666,1843440,0.7643792439
2014-08-06,4966,4966.TWO,上櫃,278.998473,279.762852,258.360229,258.360229,3395653,0.7643793772
2014-08-07,4966,4966.TWO,上櫃,253.009568,253.009568,240.397308,240.397308,4155960,0.7643793588
2014-08-08,4966,4966.TWO,上櫃,236.957604,243.072639,230.842569,240.015121,3705119,0.7643793677
2014-08-11,4966,4966.TWO,上櫃,246.130188,256.44931,242.30829,256.44931,2596169,0.7643794644
2014-08-12,4966,4966.TWO,上櫃,256.067143,256.067143,250.716486,251.480865,1318590,0.7643795303
2014-08-13,4966,4966.TWO,上櫃,251.480856,260.27122,251.480856,256.831512,1844341,0.7643795013
2014-08-14,4966,4966.TWO,上櫃,260.653408,263.328736,251.863044,253.009613,1908200,0.7643794956
2014-08-15,4966,4966.TWO,上櫃,253.773998,266.00407,253.009619,264.475311,2059825,0.7643795124
2014-08-18,4966,4966.TWO,上櫃,267.532804,271.354701,262.182148,263.710907,2166980,0.7643794405
2014-08-19,4966,4966.TWO,上櫃,268.679399,268.679399,262.946552,264.475311,1261859,0.7643795124
2014-08-20,4966,4966.TWO,上櫃,267.532813,269.825951,246.130188,246.130188,1277111,0.7643794658
2014-08-21,4966,4966.TWO,上櫃,233.13568,256.831438,228.931594,243.83699,4124630,0.7643792801
2014-08-22,4966,4966.TWO,上櫃,248.423298,260.653368,244.601401,258.360229,2361890,0.7643793772
2014-08-25,4966,4966.TWO,上櫃,262.828145,267.452688,259.745117,264.369659,1968688,0.7707570246
2014-08-26,4966,4966.TWO,上櫃,269.765013,280.555613,266.681984,279.014099,3068463,0.7707571799
2014-08-27,4966,4966.TWO,上櫃,280.555562,282.867833,274.004128,277.472534,2072521,0.7707570394
2014-08-28,4966,4966.TWO,上櫃,279.784841,283.638627,275.160298,276.701813,2050458,0.7707571386
2014-08-29,4966,4966.TWO,上櫃,280.555581,282.097095,274.389524,274.774902,1633168,0.7707570893
2014-09-01,4966,4966.TWO,上櫃,277.47257,279.784842,272.077271,272.077271,1265811,0.7707571402
2014-09-02,4966,4966.TWO,上櫃,262.828116,268.994171,262.828116,268.994171,1589500,0.7707569374
2014-09-03,4966,4966.TWO,上櫃,270.535765,275.160308,264.369707,266.2966,923282,0.7707571645
2014-09-04,4966,4966.TWO,上櫃,265.140472,269.379637,264.369715,265.140472,660529,0.7707571872
2014-09-05,4966,4966.TWO,上櫃,274.389511,277.857918,267.452698,267.452698,2051597,0.770757054
2014-09-09,4966,4966.TWO,上櫃,270.535765,272.848036,265.911222,266.2966,753686,0.7707571645
2014-09-10,4966,4966.TWO,上櫃,270.150312,270.150312,262.828121,268.223419,715000,0.7707569517
2014-09-11,4966,4966.TWO,上櫃,270.535718,279.784803,268.608826,268.608826,2232585,0.7707570321
2014-09-12,4966,4966.TWO,上櫃,271.306446,272.077203,258.203578,258.974335,2005178,0.7707569486
2014-09-15,4966,4966.TWO,上櫃,254.349782,255.891296,249.72524,251.266754,1224229,0.7707569146
2014-09-16,4966,4966.TWO,上櫃,252.037549,257.432849,252.037549,254.735199,1051984,0.7707570317
2014-09-17,4966,4966.TWO,上櫃,256.662092,258.974363,254.735199,254.735199,716000,0.7707570317
2014-09-18,4966,4966.TWO,上櫃,256.662065,270.921069,256.276686,268.223419,2019152,0.7707569517
2014-09-19,4966,4966.TWO,上櫃,269.764944,273.618728,266.296537,271.306458,1313099,0.7707569816
2014-09-22,4966,4966.TWO,上櫃,271.306473,279.014043,268.608823,273.618744,2778044,0.7707570251
2014-09-23,4966,4966.TWO,上櫃,277.087192,279.784842,272.077271,272.077271,1586708,0.7707571402
2014-09-24,4966,4966.TWO,上櫃,276.70173,276.70173,265.911133,265.911133,1488405,0.7707569067
2014-09-25,4966,4966.TWO,上櫃,268.223474,270.535745,252.037574,255.505981,1991119,0.7707571084
2014-09-26,4966,4966.TWO,上櫃,252.808314,259.745127,248.183772,258.203613,894831,0.7707570546
2014-09-29,4966,4966.TWO,上櫃,260.901339,262.057475,257.432932,260.515961,679100,0.7707572802
2014-09-30,4966,4966.TWO,上櫃,260.515961,261.672097,254.735281,260.515961,823100,0.7707572802
2014-10-01,4966,4966.TWO,上櫃,260.515884,268.223455,258.203613,262.828156,1261000,0.7707570543
2014-10-02,4966,4966.TWO,上櫃,262.828201,267.067365,261.286686,265.140472,692042,0.7707571872
2014-10-03,4966,4966.TWO,上櫃,266.681904,280.555529,266.681904,277.85788,2938822,0.7707569477
2014-10-06,4966,4966.TWO,上櫃,279.784785,285.950841,275.160243,285.180084,3404538,0.7707569844
2014-10-07,4966,4966.TWO,上櫃,283.638507,284.409264,275.930939,275.930939,2170727,0.7707568121
2014-10-08,4966,4966.TWO,上櫃,269.764974,272.848003,256.662104,257.432861,3648060,0.7707570698
2014-10-09,4966,4966.TWO,上櫃,262.057388,265.140416,251.26679,255.120575,2411265,0.770757024
2014-10-13,4966,4966.TWO,上櫃,242.788455,250.496025,237.778534,240.090805,2242160,0.7707569986
2014-10-14,4966,4966.TWO,上櫃,241.246928,249.725255,241.246928,246.642227,1657500,0.7707569599
2014-10-15,4966,4966.TWO,上櫃,248.183772,249.725286,242.017715,244.329987,1174092,0.7707570554
2014-10-16,4966,4966.TWO,上櫃,240.476206,257.432861,231.227121,257.432861,2129361,0.7707570698
2014-10-17,4966,4966.TWO,上櫃,255.891375,255.891375,239.705475,239.705475,2189085,0.7707571539
2014-10-20,4966,4966.TWO,上櫃,243.559224,245.871496,228.144084,233.539383,2677150,0.7707570394
2014-10-21,4966,4966.TWO,上櫃,233.539398,242.017726,232.383262,235.851669,1698255,0.7707570893
2014-10-22,4966,4966.TWO,上櫃,241.632369,243.559262,230.45639,232.768661,1722545,0.7707571573
2014-10-23,4966,4966.TWO,上櫃,232.768618,235.080889,223.519534,227.758698,2740788,0.7707570136
2014-10-24,4966,4966.TWO,上櫃,228.914824,229.685581,214.65582,215.041199,2726475,0.7707569847
2014-10-27,4966,4966.TWO,上櫃,215.811947,217.353461,204.635972,209.260513,3156307,0.7707569551
2014-10-28,4966,4966.TWO,上櫃,214.270489,223.904953,211.958217,223.904953,1941012,0.7707571532
2014-10-29,4966,4966.TWO,上櫃,225.831846,230.841767,223.904953,223.904953,2425160,0.7707571532
2014-10-30,4966,4966.TWO,上櫃,221.207295,225.061081,218.895024,225.061081,1692896,0.7707571265
2014-10-31,4966,4966.TWO,上櫃,210.416672,221.978027,210.416672,221.978027,3158400,0.7707570394
2014-11-03,4966,4966.TWO,上櫃,223.519554,232.768639,222.748797,226.987961,2131772,0.7707570826
2014-11-04,4966,4966.TWO,上櫃,228.914825,229.300204,224.675662,226.602554,787376,0.7707569875
2014-11-05,4966,4966.TWO,上櫃,228.914846,230.45636,223.134168,225.831818,1105110,0.7707570567
2014-11-06,4966,4966.TWO,上櫃,227.373305,227.373305,216.968086,218.124222,1501060,0.7707569675
2014-11-07,4966,4966.TWO,上櫃,218.509655,223.519577,212.728977,223.519577,1698105,0.7707571622
2014-11-10,4966,4966.TWO,上櫃,223.519564,226.217214,221.97805,223.134186,677207,0.7707571184
2014-11-11,4966,4966.TWO,上櫃,225.446467,229.685632,223.904953,223.904953,1306312,0.7707571532
2014-11-12,4966,4966.TWO,上櫃,223.904923,225.061058,217.738866,219.28038,989966,0.7707570483
2014-11-13,4966,4966.TWO,上櫃,219.280385,223.134171,216.968114,218.509628,1052050,0.7707570663
2014-11-14,4966,4966.TWO,上櫃,218.894999,222.748784,218.124242,219.665756,762007,0.7707570394
2014-11-17,4966,4966.TWO,上櫃,222.363414,222.748792,218.12425,218.509628,680010,0.7707570663
2014-11-18,4966,4966.TWO,上櫃,219.665738,220.051116,206.562869,210.802032,1846831,0.7707569743
2014-11-19,4966,4966.TWO,上櫃,211.572789,213.499682,208.489762,210.802032,688086,0.7707569743
2014-11-20,4966,4966.TWO,上櫃,211.958171,220.436498,211.958171,217.35347,1486281,0.7707569853
2014-11-21,4966,4966.TWO,上櫃,220.436506,232.38324,220.051128,232.38324,2048004,0.7707570141
2014-11-24,4966,4966.TWO,上櫃,235.466294,241.246972,230.841751,230.841751,3012136,0.7707570988
2014-11-25,4966,4966.TWO,上櫃,231.227094,238.934664,228.914823,233.924744,1277453,0.7707569807
2014-11-26,4966,4966.TWO,上櫃,233.924744,238.549286,232.38323,233.924744,713620,0.7707569807
2014-11-27,4966,4966.TWO,上櫃,237.00781,245.10076,235.851674,237.393188,2571980,0.7707571054
2014-11-28,4966,4966.TWO,上櫃,239.705439,240.476196,233.539383,233.539383,855174,0.7707570394
2014-12-01,4966,4966.TWO,上櫃,227.373366,236.622452,227.373366,236.622452,882060,0.7707571719
2014-12-02,4966,4966.TWO,上櫃,235.851669,235.851669,235.851669,235.851669,1256104,0.7707570893
2014-12-03,4966,4966.TWO,上櫃,240.476257,240.476257,240.476257,240.476257,4904150,0.770757235
2014-12-04,4966,4966.TWO,上櫃,238.16394,238.16394,238.16394,238.16394,1703648,0.7707570888
2014-12-05,4966,4966.TWO,上櫃,242.017658,247.798334,236.62236,246.256821,1688185,0.7707568722
2014-12-08,4966,4966.TWO,上櫃,249.725283,252.808312,243.559227,244.715363,1065362,0.7707570474
2014-12-09,4966,4966.TWO,上櫃,242.788478,245.100749,240.476206,241.246964,648900,0.7707570719
2014-12-10,4966,4966.TWO,上櫃,241.246943,244.329971,238.934672,242.0177,701116,0.770757007
2014-12-11,4966,4966.TWO,上櫃,242.017695,248.183751,238.934667,247.412994,1079181,0.7707569919
2014-12-12,4966,4966.TWO,上櫃,250.496066,253.579095,245.486145,245.486145,1444747,0.7707571272
2014-12-15,4966,4966.TWO,上櫃,242.78848,243.944616,240.476209,243.173859,546400,0.7707570797
2014-12-16,4966,4966.TWO,上櫃,243.173841,245.100733,238.549299,238.934677,726400,0.770757023
2014-12-17,4966,4966.TWO,上櫃,239.705396,242.403045,237.393125,237.778503,376110,0.7707568992
2014-12-18,4966,4966.TWO,上櫃,241.246995,242.403131,236.622452,236.622452,511775,0.7707571719
2014-12-19,4966,4966.TWO,上櫃,240.861601,241.24698,226.602595,229.685623,1113109,0.7707571247
2014-12-22,4966,4966.TWO,上櫃,229.685554,232.768582,225.061013,228.529419,973000,0.7707568936
2014-12-23,4966,4966.TWO,上櫃,230.45638,233.539409,228.144109,229.685623,897074,0.7707571247
2014-12-24,4966,4966.TWO,上櫃,231.227127,233.539398,228.914856,231.227127,502030,0.7707570903
2014-12-25,4966,4966.TWO,上櫃,233.539399,233.539399,227.75872,228.914856,489186,0.7707570908
2014-12-26,4966,4966.TWO,上櫃,230.456337,231.997851,228.144066,229.300201,410401,0.7707569795
2014-12-29,4966,4966.TWO,上櫃,228.914825,231.612475,226.217176,226.602554,635778,0.7707569875
2014-12-30,4966,4966.TWO,上櫃,227.373342,228.144099,223.134178,224.290314,842850,0.7707570918
2014-12-31,4966,4966.TWO,上櫃,224.290293,229.300214,223.519536,227.373322,530010,0.7707570221
2015-01-05,4966,4966.TWO,上櫃,227.373322,232.768621,226.602565,227.373322,818000,0.7707570221
2015-01-06,4966,4966.TWO,上櫃,224.290291,225.831805,214.655828,216.197342,1555764,0.7707570122
2015-01-07,4966,4966.TWO,上櫃,215.811971,219.665756,215.811971,219.665756,610920,0.7707570394
2015-01-08,4966,4966.TWO,上櫃,221.978027,223.519541,219.665756,219.665756,553181,0.7707570394
2015-01-09,4966,4966.TWO,上櫃,222.36338,223.519515,216.582703,216.582703,577404,0.7707569489
2015-01-12,4966,4966.TWO,上櫃,216.582736,218.509628,212.72895,213.885086,442980,0.7707570669
2015-01-13,4966,4966.TWO,上櫃,214.270432,217.35346,213.885053,216.582703,354020,0.7707569489
2015-01-14,4966,4966.TWO,上櫃,214.270482,220.436539,214.270482,220.436539,449200,0.7707571283
2015-01-15,4966,4966.TWO,上櫃,221.20727,223.519541,219.665756,219.665756,579130,0.7707570394
2015-01-16,4966,4966.TWO,上櫃,220.821917,224.290324,219.665782,220.436539,706437,0.7707571283
2015-01-19,4966,4966.TWO,上櫃,222.748774,223.519531,220.051125,221.20726,379240,0.7707570039
2015-01-20,4966,4966.TWO,上櫃,223.134217,233.539439,221.978081,231.997925,1705264,0.7707572253
2015-01-21,4966,4966.TWO,上櫃,234.310163,234.695542,228.914863,230.070999,893259,0.7707571161
2015-01-22,4966,4966.TWO,上櫃,230.45639,236.237069,230.45639,232.768661,892471,0.7707571573
2015-01-23,4966,4966.TWO,上櫃,237.393184,237.393184,231.227127,231.227127,598128,0.7707570903
2015-01-26,4966,4966.TWO,上櫃,232.768618,234.695511,228.914833,234.695511,429000,0.7707570143
2015-01-27,4966,4966.TWO,上櫃,235.466258,236.237015,230.070959,233.924744,1505010,0.7707569807
2015-01-28,4966,4966.TWO,上櫃,234.310138,250.110657,231.997866,250.110657,4243008,0.7707570316
2015-01-29,4966,4966.TWO,上櫃,251.266774,253.579045,245.871475,245.871475,2639736,0.7707569756
2015-01-30,4966,4966.TWO,上櫃,245.87148,250.881401,243.944588,245.100723,1507238,0.7707569914
2015-02-02,4966,4966.TWO,上櫃,245.100684,247.412954,238.934629,239.320007,994082,0.7707568674
2015-02-03,4966,4966.TWO,上櫃,240.476181,247.412994,240.476181,245.100723,1697099,0.7707569914
2015-02-04,4966,4966.TWO,上櫃,245.87148,247.798373,243.559209,245.100723,995600,0.7707569914
2015-02-05,4966,4966.TWO,上櫃,243.559235,243.559235,233.539393,234.31015,2381559,0.7707570729
2015-02-06,4966,4966.TWO,上櫃,230.456355,233.539383,227.373327,233.539383,1659733,0.7707570394
2015-02-09,4966,4966.TWO,上櫃,233.539401,233.539401,228.52948,230.841751,896175,0.7707570988
2015-02-10,4966,4966.TWO,上櫃,230.456328,230.456328,215.041189,216.582703,2833569,0.7707569489
2015-02-11,4966,4966.TWO,上櫃,219.665746,225.061045,218.894989,221.20726,1770579,0.7707570039
2015-02-12,4966,4966.TWO,上櫃,223.134181,223.904938,215.041231,221.592667,1416100,0.7707571013
2015-02-13,4966,4966.TWO,上櫃,221.978027,226.987948,221.978027,221.978027,883600,0.7707570394
2015-02-24,4966,4966.TWO,上櫃,226.602552,229.68558,224.290281,229.300201,876988,0.7707569795
2015-02-25,4966,4966.TWO,上櫃,231.227127,234.310155,229.685613,231.227127,817139,0.7707570903
2015-02-26,4966,4966.TWO,上櫃,231.227107,231.227107,226.987943,227.373322,396600,0.7707570221
2015-03-02,4966,4966.TWO,上櫃,228.144089,233.539388,225.446439,230.45636,816602,0.7707570564
2015-03-03,4966,4966.TWO,上櫃,231.997853,231.997853,226.602554,226.602554,627015,0.7707569875
2015-03-04,4966,4966.TWO,上櫃,226.602585,228.144099,223.904935,224.290314,679170,0.7707570918
2015-03-05,4966,4966.TWO,上櫃,227.373352,228.144109,225.061081,225.061081,377774,0.7707571265
2015-03-06,4966,4966.TWO,上櫃,230.456375,240.476217,229.685617,237.393188,3463883,0.7707571054
2015-03-09,4966,4966.TWO,上櫃,236.622426,239.320076,235.080912,238.16394,1052541,0.7707570888
2015-03-10,4966,4966.TWO,上櫃,238.934698,242.017726,235.851669,235.851669,809850,0.7707570893
2015-03-11,4966,4966.TWO,上櫃,235.851646,239.705432,235.080889,237.007782,897260,0.7707570146
2015-03-12,4966,4966.TWO,上櫃,237.393209,238.549345,235.851695,236.622452,614005,0.7707571719
2015-03-13,4966,4966.TWO,上櫃,238.163953,242.403118,236.237061,236.237061,1133670,0.7707571307
2015-03-16,4966,4966.TWO,上櫃,236.237061,236.237061,236.237061,236.237061,0,0.7707571307
2015-03-17,4966,4966.TWO,上櫃,238.934703,240.090838,232.768646,237.393188,974525,0.7707571054
2015-03-18,4966,4966.TWO,上櫃,237.393183,240.090833,235.466291,235.851669,754168,0.7707570893
2015-03-19,4966,4966.TWO,上櫃,237.393203,243.559261,236.237068,239.705475,1664200,0.7707571539
2015-03-20,4966,4966.TWO,上櫃,240.476221,248.569171,238.934707,243.55925,2431072,0.7707571199
2015-03-23,4966,4966.TWO,上櫃,245.100741,246.642255,241.246956,242.403091,760602,0.7707570475
2015-03-24,4966,4966.TWO,上櫃,242.788457,246.642242,242.0177,242.0177,998681,0.770757007
2015-03-25,4966,4966.TWO,上櫃,241.632324,243.944595,232.38324,234.695511,1142407,0.7707570143
2015-03-26,4966,4966.TWO,上櫃,233.53938,235.851651,231.227109,231.612488,673201,0.7707570309
2015-03-27,4966,4966.TWO,上櫃,232.768621,234.310135,226.987943,227.373322,593250,0.7707570221
2015-03-30,4966,4966.TWO,上櫃,227.373363,229.300256,219.665791,223.519577,560060,0.7707571622
2015-03-31,4966,4966.TWO,上櫃,226.217186,228.914836,225.831807,227.373322,439500,0.7707570221
2015-04-01,4966,4966.TWO,上櫃,226.602554,230.456339,225.06104,226.602554,607177,0.7707569875
2015-04-02,4966,4966.TWO,上櫃,228.144096,229.685611,226.602582,226.987961,626050,0.7707570826
2015-04-07,4966,4966.TWO,上櫃,230.070974,234.310137,227.758703,231.612488,742380,0.7707570309
2015-04-08,4966,4966.TWO,上櫃,233.539399,233.539399,228.914856,228.914856,482560,0.7707570908
2015-04-09,4966,4966.TWO,上櫃,233.539398,239.705455,231.227127,231.227127,1573225,0.7707570903
2015-04-10,4966,4966.TWO,上櫃,234.310166,235.080923,228.914866,229.685623,595007,0.7707571247
2015-04-13,4966,4966.TWO,上櫃,231.227107,231.997864,226.987943,227.373322,546717,0.7707570221
2015-04-14,4966,4966.TWO,上櫃,227.373352,228.914867,224.675702,225.061081,538201,0.7707571265
2015-04-15,4966,4966.TWO,上櫃,225.061068,226.987961,222.748797,224.67569,599273,0.770757083
2015-04-16,4966,4966.TWO,上櫃,225.446449,233.924777,225.446449,228.914856,1266131,0.7707570908
2015-04-17,4966,4966.TWO,上櫃,228.914867,228.914867,224.290324,225.061081,875497,0.7707571265
2015-04-20,4966,4966.TWO,上櫃,231.227112,235.851654,228.144084,233.539383,1707238,0.7707570394
2015-04-21,4966,4966.TWO,上櫃,235.851659,236.622416,223.519546,225.831818,1591336,0.7707570567
2015-04-22,4966,4966.TWO,上櫃,228.529467,228.914846,224.675682,225.831818,744560,0.7707570567
2015-04-23,4966,4966.TWO,上櫃,226.602552,230.841715,226.602552,229.300201,918510,0.7707569795
2015-04-24,4966,4966.TWO,上櫃,229.685622,245.100764,229.685622,243.55925,3899378,0.7707571199
2015-04-27,4966,4966.TWO,上櫃,245.100726,245.871483,239.705427,240.090805,1581151,0.7707569986
2015-04-28,4966,4966.TWO,上櫃,240.861521,244.329927,238.934629,239.320007,1865300,0.7707568674
2015-04-29,4966,4966.TWO,上櫃,242.017752,243.944645,236.237073,236.622452,1375974,0.7707571719
2015-04-30,4966,4966.TWO,上櫃,235.85172,238.163992,231.997934,235.080963,692166,0.7707572562
2015-05-04,4966,4966.TWO,上櫃,236.622439,239.320089,233.924789,236.237061,787201,0.7707571307
2015-05-05,4966,4966.TWO,上櫃,236.622401,236.622401,225.061045,228.144073,1745235,0.770757005
2015-05-06,4966,4966.TWO,上櫃,228.144109,231.612516,225.831838,229.685623,571634,0.7707571247
2015-05-07,4966,4966.TWO,上櫃,233.539375,238.549296,232.38324,232.38324,1678150,0.7707570141
2015-05-08,4966,4966.TWO,上櫃,235.080897,236.622411,233.539383,233.539383,962139,0.7707570394
2015-05-11,4966,4966.TWO,上櫃,235.080902,237.393173,225.831818,230.45636,974200,0.7707570564
2015-05-12,4966,4966.TWO,上櫃,230.456382,237.393196,228.144111,236.237061,851173,0.7707571307
2015-05-13,4966,4966.TWO,上櫃,236.23702,241.632319,231.2271,240.090805,2402124,0.7707569986
2015-05-14,4966,4966.TWO,上櫃,240.476191,242.788462,237.393163,238.934677,1265755,0.770757023
2015-05-15,4966,4966.TWO,上櫃,242.403131,242.403131,236.622452,236.622452,744000,0.7707571719
2015-05-18,4966,4966.TWO,上櫃,238.163917,238.549296,232.768618,234.695511,528220,0.7707570143
2015-05-19,4966,4966.TWO,上櫃,234.695578,240.861636,234.695578,240.476257,831169,0.770757235
2015-05-20,4966,4966.TWO,上櫃,240.861536,255.891296,238.163887,251.266754,3790962,0.7707569146
2015-05-21,4966,4966.TWO,上櫃,248.183716,250.110608,244.71531,248.183716,1556854,0.7707568814
2015-05-22,4966,4966.TWO,上櫃,252.037596,257.432896,247.413053,247.798431,2963050,0.7707571739
2015-05-25,4966,4966.TWO,上櫃,248.183819,256.662148,247.027683,253.193741,2162647,0.770757202
2015-05-26,4966,4966.TWO,上櫃,256.276713,265.911176,256.276713,263.984283,3982992,0.770757032
2015-05-27,4966,4966.TWO,上櫃,265.525841,274.774926,263.984326,266.681976,5016432,0.770757157
2015-05-28,4966,4966.TWO,上櫃,271.691836,273.618728,268.22343,271.306458,2125145,0.7707569816
2015-05-29,4966,4966.TWO,上櫃,274.389545,278.628709,271.306516,271.691895,1704825,0.7707571476
2015-06-01,4966,4966.TWO,上櫃,273.618808,275.931079,263.984343,273.233429,1734281,0.7707572044
2015-06-02,4966,4966.TWO,上櫃,273.618728,282.867812,271.306458,271.306458,2597519,0.7707569816
2015-06-03,4966,4966.TWO,上櫃,274.389559,275.160316,264.369715,265.140472,1970111,0.7707571872
2015-06-04,4966,4966.TWO,上櫃,265.140472,268.2235,250.496085,256.276764,2330079,0.7707571847
2015-06-05,4966,4966.TWO,上櫃,260.515845,268.994171,258.203574,268.994171,2139637,0.7707569374
2015-06-08,4966,4966.TWO,上櫃,269.765005,272.077276,264.755083,266.681976,1341145,0.770757157
2015-06-09,4966,4966.TWO,上櫃,266.681946,271.306489,255.505969,257.432861,1450826,0.7707570698
2015-06-10,4966,4966.TWO,上櫃,262.057401,263.213537,260.130508,262.44278,799308,0.7707570618
2015-06-11,4966,4966.TWO,上櫃,265.911143,273.233334,265.140386,268.994171,1916426,0.7707569374
2015-06-12,4966,4966.TWO,上櫃,280.940907,291.731505,277.472501,277.85788,4361300,0.7707569477
2015-06-15,4966,4966.TWO,上櫃,279.78477,283.638555,275.545607,282.867798,1820085,0.7707569424
2015-06-16,4966,4966.TWO,上櫃,282.867798,283.638555,275.930985,282.867798,1159800,0.7707569424
2015-06-17,4966,4966.TWO,上櫃,282.867833,284.409348,276.701777,277.472534,1358049,0.7707570394
2015-06-18,4966,4966.TWO,上櫃,275.931,280.555542,271.306458,280.555542,1455206,0.7707569835
2015-06-22,4966,4966.TWO,上櫃,283.253212,285.950862,279.014048,282.097076,1109471,0.7707570394
2015-06-23,4966,4966.TWO,上櫃,284.409381,284.409381,279.784838,281.711731,830603,0.7707571298
2015-06-24,4966,4966.TWO,上櫃,281.326324,288.648516,281.326324,285.950867,2164601,0.7707570531
2015-06-25,4966,4966.TWO,上櫃,285.950882,288.263153,282.097097,283.638611,1396530,0.7707570947
2015-06-26,4966,4966.TWO,上櫃,284.409348,287.877754,282.097076,282.097076,923030,0.7707570394
2015-06-29,4966,4966.TWO,上櫃,276.701736,277.857871,270.535681,274.389465,982080,0.7707569251
2015-06-30,4966,4966.TWO,上櫃,272.847992,279.014048,272.847992,277.472534,772099,0.7707570394
2015-07-01,4966,4966.TWO,上櫃,280.170189,285.950867,278.628675,285.950867,910519,0.7707570531
2015-07-02,4966,4966.TWO,上櫃,289.033935,296.741506,289.033935,293.658478,2482206,0.7707571595
2015-07-03,4966,4966.TWO,上櫃,294.42926,296.741532,292.502367,294.42926,1097189,0.7707572258
2015-07-06,4966,4966.TWO,上櫃,290.960746,293.658395,280.555527,282.867798,1074976,0.7707569424
2015-07-07,4966,4966.TWO,上櫃,286.336264,286.721642,275.160286,278.628693,1087817,0.7707571027
2015-07-08,4966,4966.TWO,上櫃,278.243299,278.628678,258.203616,262.44278,1408854,0.7707570618
2015-07-09,4966,4966.TWO,上櫃,258.203574,269.37955,250.110626,268.994171,1076965,0.7707569374
2015-07-10,4966,4966.TWO,上櫃,268.994171,268.994171,268.994171,268.994171,0,0.7707569374
2015-07-13,4966,4966.TWO,上櫃,273.233334,273.233334,264.755008,268.994171,646665,0.7707569374
2015-07-14,4966,4966.TWO,上櫃,270.535716,279.014043,270.535716,273.618744,1141815,0.7707570251
2015-07-15,4966,4966.TWO,上櫃,278.24326,278.24326,270.921069,272.847961,662150,0.7707569532
2015-07-16,4966,4966.TWO,上櫃,272.077279,274.004172,266.2966,266.2966,855510,0.7707571645
2015-07-17,4966,4966.TWO,上櫃,268.223445,270.150337,264.369659,264.369659,354695,0.7707570246
2015-07-20,4966,4966.TWO,上櫃,267.838109,269.379624,262.442809,267.067352,518791,0.7707571495
2015-07-21,4966,4966.TWO,上櫃,268.99416,272.077188,261.286591,265.911133,608540,0.7707569067
2015-07-22,4966,4966.TWO,上櫃,262.057409,264.369681,252.037567,252.037567,1306286,0.7707570861
2015-07-23,4966,4966.TWO,上櫃,248.954548,252.808334,226.987971,230.070999,2518470,0.7707571161
2015-07-24,4966,4966.TWO,上櫃,233.154032,240.476225,231.612518,236.237061,1194843,0.7707571307
2015-07-27,4966,4966.TWO,上櫃,237.39316,240.476188,227.373319,227.758698,955747,0.7707570136
2015-07-28,4966,4966.TWO,上櫃,231.227152,237.00783,223.134201,236.622452,1023113,0.7707571719
2015-07-29,4966,4966.TWO,上櫃,236.622439,241.63236,230.456382,236.237061,814935,0.7707571307
2015-07-30,4966,4966.TWO,上櫃,238.934696,242.017724,225.446447,226.987961,1221200,0.7707570826
2015-07-31,4966,4966.TWO,上櫃,219.665732,219.665732,204.635971,204.635971,4584903,0.7707569532
2015-08-03,4966,4966.TWO,上櫃,196.928406,203.47984,191.918485,196.928406,2148150,0.7707569697
2015-08-04,4966,4966.TWO,上櫃,198.855356,202.709142,177.274155,177.274155,2315797,0.7707571942
2015-08-05,4966,4966.TWO,上櫃,171.108097,182.669455,171.108097,177.274155,2770805,0.7707571942
2015-08-06,4966,4966.TWO,上櫃,179.586362,180.357119,159.546682,163.400467,4875905,0.7707569194
2015-08-07,4966,4966.TWO,上櫃,161.088217,174.191086,156.463674,174.191086,3350832,0.7707570169
2015-08-10,4966,4966.TWO,上櫃,171.878825,183.054802,166.483525,181.898666,2187457,0.7707570609
2015-08-11,4966,4966.TWO,上櫃,180.357132,187.293945,179.586375,180.357132,2489931,0.7707569742
2015-08-12,4966,4966.TWO,上櫃,174.576452,180.742507,171.878802,176.117966,1903350,0.7707569615
2015-08-13,4966,4966.TWO,上櫃,179.201002,184.596301,177.274109,184.210922,1292231,0.7707569968
2015-08-14,4966,4966.TWO,上櫃,186.908574,187.293953,180.35714,183.825546,716150,0.7707570074
2015-08-17,4966,4966.TWO,上櫃,183.825549,187.293955,173.03495,176.503357,1646350,0.7707570172
2015-08-18,4966,4966.TWO,上櫃,177.659493,183.054792,176.888736,181.127899,1032021,0.7707570177
2015-08-19,4966,4966.TWO,上櫃,182.669413,184.596306,174.961843,178.815628,848139,0.7707570175
2015-08-20,4966,4966.TWO,上櫃,179.971769,181.127904,166.098142,168.795792,992184,0.7707570394
2015-08-21,4966,4966.TWO,上櫃,161.858981,162.24436,152.224518,152.224518,1868422,0.7707570523
2015-08-24,4966,4966.TWO,上櫃,142.204653,145.28768,137.194733,137.194733,2387197,0.7707569251
2015-08-25,4966,4966.TWO,上櫃,133.215593,150.660492,133.215593,150.660492,2425204,0.7929499576
2015-08-26,4966,4966.TWO,上櫃,150.660497,165.726547,148.678123,165.726547,2623213,0.7929499868
2015-08-27,4966,4966.TWO,上櫃,170.484236,179.999635,168.501861,176.827835,3341759,0.7929499331
2015-08-28,4966,4966.TWO,上櫃,181.585535,186.343234,172.46661,176.827835,2835958,0.7929499331
2015-08-31,4966,4966.TWO,上櫃,174.845472,181.189072,174.052522,176.034897,1422200,0.7929499858
2015-09-01,4966,4966.TWO,上櫃,175.638404,179.999629,174.845454,177.224304,1303403,0.7929499069
2015-09-02,4966,4966.TWO,上櫃,174.448995,194.66922,171.277196,194.66922,3255153,0.7929499795
2015-09-03,4966,4966.TWO,上櫃,200.616333,202.995183,195.065683,195.462158,3798348,0.7929499319
2015-09-04,4966,4966.TWO,上櫃,195.462124,200.219823,183.171402,183.171402,2379722,0.7929497921
2015-09-07,4966,4966.TWO,上櫃,187.532646,187.532646,176.034873,180.792572,2006346,0.7929498773
2015-09-08,4966,4966.TWO,上櫃,180.792562,195.065659,179.999612,195.065659,2808111,0.7929498316
2015-09-09,4966,4966.TWO,上櫃,202.202227,214.49295,198.633952,214.49295,4712495,0.7929499092
2015-09-10,4966,4966.TWO,上櫃,212.907051,212.907051,202.202227,206.166977,2584350,0.7929499113
2015-09-11,4966,4966.TWO,上櫃,208.149374,215.682399,206.563474,212.907074,2503501,0.7929499962
2015-09-14,4966,4966.TWO,上櫃,218.061226,219.25065,205.374027,206.166977,2427813,0.7929499113
2015-09-15,4966,4966.TWO,上櫃,210.131724,210.131724,200.616325,202.202225,1950100,0.7929499009
2015-09-16,4966,4966.TWO,上櫃,206.166974,206.563449,201.80575,202.202225,1374510,0.7929499009
2015-09-17,4966,4966.TWO,上櫃,205.770478,208.942277,202.202204,202.598679,1416034,0.7929498184
2015-09-18,4966,4966.TWO,上櫃,204.581033,208.149307,202.202184,208.149307,1379568,0.7929497419
2015-09-21,4966,4966.TWO,上櫃,205.770494,205.770494,199.03042,199.426895,1280150,0.7929498813
2015-09-22,4966,4966.TWO,上櫃,201.012803,205.374028,196.255104,197.841003,1528025,0.7929499135
2015-09-23,4966,4966.TWO,上櫃,195.065666,197.444515,193.083291,196.651566,1095081,0.7929498611
2015-09-24,4966,4966.TWO,上櫃,199.030432,199.823382,179.603159,185.153809,2314714,0.7929499297
2015-09-25,4966,4966.TWO,上櫃,187.13618,190.704455,183.567906,189.51503,1557616,0.7929499159
2015-09-29,4966,4966.TWO,上櫃,189.51503,189.51503,189.51503,189.51503,0,0.7929499159
2015-09-30,4966,4966.TWO,上櫃,185.550284,190.307983,185.153809,190.307983,957072,0.7929499308
2015-10-01,4966,4966.TWO,上櫃,193.083291,208.545813,193.083291,204.977539,3548369,0.792949861
2015-10-02,4966,4966.TWO,上櫃,203.788148,205.770523,199.426923,200.616348,1629076,0.7929499931
2015-10-05,4966,4966.TWO,上櫃,203.788125,208.545824,202.202225,202.202225,1789120,0.7929499009
2015-10-06,4966,4966.TWO,上櫃,206.959914,211.321138,204.977539,204.977539,1931193,0.792949861
2015-10-07,4966,4966.TWO,上櫃,206.959915,207.752865,200.219841,206.959915,1217269,0.7929498665
2015-10-08,4966,4966.TWO,上櫃,209.33875,213.303499,202.995151,203.788101,2198707,0.7929498101
2015-10-12,4966,4966.TWO,上櫃,211.7176,212.907025,206.563427,208.942276,1927297,0.792949814
2015-10-13,4966,4966.TWO,上櫃,209.735283,216.078883,209.338808,213.303558,2690833,0.792950031
2015-10-14,4966,4966.TWO,上櫃,213.699999,213.699999,206.56345,207.3564,1147036,0.7929499026
2015-10-15,4966,4966.TWO,上櫃,209.735232,209.735232,203.391634,205.374008,991684,0.7929498385
2015-10-16,4966,4966.TWO,上櫃,206.959926,210.131726,206.166976,209.338776,986421,0.7929499077
2015-10-19,4966,4966.TWO,上櫃,209.338775,210.131725,201.012801,204.184601,1245409,0.7929499061
2015-10-20,4966,4966.TWO,上櫃,205.374001,206.9599,202.598676,203.788101,631230,0.7929498101
2015-10-21,4966,4966.TWO,上櫃,205.374026,208.545825,204.184601,204.184601,902000,0.7929499061
2015-10-22,4966,4966.TWO,上櫃,204.184649,206.959974,202.598749,202.995224,549380,0.7929500937
2015-10-23,4966,4966.TWO,上櫃,207.356383,211.717607,205.374008,205.374008,1432040,0.7929498385
2015-10-26,4966,4966.TWO,上櫃,209.73524,220.440063,208.149341,220.440063,4318848,0.7929498686
2015-10-27,4966,4966.TWO,上櫃,220.440086,220.440086,210.924686,211.717636,2247716,0.792949948
2015-10-28,4966,4966.TWO,上櫃,213.303511,216.078836,209.338762,211.321136,1652919,0.7929498554
2015-10-29,4966,4966.TWO,上櫃,215.682376,218.061226,206.166977,206.166977,2127130,0.7929499113
2015-10-30,4966,4966.TWO,上櫃,202.598701,204.581075,187.532652,199.030426,3970423,0.7929499045
2015-11-02,4966,4966.TWO,上櫃,198.63394,201.01279,194.669191,196.651566,1350465,0.7929498611
2015-11-03,4966,4966.TWO,上櫃,199.030424,203.391648,199.030424,200.219849,1104756,0.7929498956
2015-11-04,4966,4966.TWO,上櫃,201.409275,204.581074,201.0128,202.202225,1509248,0.7929499009
2015-11-05,4966,4966.TWO,上櫃,205.770511,206.166986,201.409286,201.409286,1173300,0.7929499468
2015-11-06,4966,4966.TWO,上櫃,203.788125,203.788125,197.048051,199.030426,827254,0.7929499045
2015-11-09,4966,4966.TWO,上櫃,200.616321,201.409271,195.065672,196.255096,674640,0.7929498846
2015-11-10,4966,4966.TWO,上櫃,195.065684,199.823384,195.065684,197.444534,383189,0.792949937
2015-11-11,4966,4966.TWO,上櫃,197.444551,198.237501,187.929151,189.118576,1269840,0.7929500044
2015-11-12,4966,4966.TWO,上櫃,190.30799,194.27274,187.929141,191.89389,1328368,0.7929499603
2015-11-13,4966,4966.TWO,上櫃,191.893901,193.479801,186.343251,189.118576,1921110,0.7929500044
2015-11-16,4966,4966.TWO,上櫃,184.757311,185.946736,179.603137,183.567886,1399049,0.7929498331
2015-11-17,4966,4966.TWO,上櫃,186.739699,188.722074,184.757324,184.757324,1172324,0.7929498894
2015-11-18,4966,4966.TWO,上櫃,185.946749,187.532649,181.982,184.757324,643533,0.7929498894
2015-11-19,4966,4966.TWO,上櫃,187.929133,188.722083,184.360859,185.153809,669944,0.7929499297
2015-11-20,4966,4966.TWO,上櫃,185.550286,187.136186,183.964386,183.964386,385638,0.7929499396
2015-11-23,4966,4966.TWO,上櫃,185.550286,185.550286,181.585536,183.964386,676165,0.7929499396
2015-11-24,4966,4966.TWO,上櫃,181.585574,183.567949,172.863123,173.259598,1701560,0.7929501042
2015-11-25,4966,4966.TWO,上櫃,173.656023,178.017247,173.656023,175.638397,895145,0.7929498746
2015-11-26,4966,4966.TWO,上櫃,177.620768,181.981992,175.638393,178.017242,1081500,0.7929498549
2015-11-27,4966,4966.TWO,上櫃,183.171425,186.343225,181.189051,181.585526,1411252,0.7929498931
2015-11-30,4966,4966.TWO,上櫃,181.982,182.77495,176.431351,176.431351,690361,0.7929498908
2015-12-01,4966,4966.TWO,上櫃,177.620776,182.77495,177.224301,181.585526,977101,0.7929498931
2015-12-02,4966,4966.TWO,上櫃,183.964408,183.964408,178.413757,178.413757,838334,0.7929500326
2015-12-03,4966,4966.TWO,上櫃,179.206672,185.550271,175.241923,180.792572,1172100,0.7929498773
2015-12-04,4966,4966.TWO,上櫃,179.60319,197.841041,179.60319,194.272766,3585428,0.7929500658
2015-12-07,4966,4966.TWO,上櫃,196.651561,197.444511,189.911487,190.704437,1653200,0.7929498431
2015-12-08,4966,4966.TWO,上櫃,191.893879,194.272729,184.360855,184.360855,1125209,0.7929499144
2015-12-09,4966,4966.TWO,上櫃,185.946775,186.34325,181.189075,181.982025,921180,0.7929500006
2015-12-10,4966,4966.TWO,上櫃,179.206686,184.757336,176.827837,183.964386,853213,0.7929499396
2015-12-11,4966,4966.TWO,上櫃,183.964386,187.136185,172.070137,173.656036,1608595,0.7929499378
2015-12-14,4966,4966.TWO,上櫃,167.708894,172.466593,166.122995,169.691269,1028600,0.7929498548
2015-12-15,4966,4966.TWO,上櫃,173.25956,174.05251,171.277185,171.67366,529300,0.792949932
2015-12-16,4966,4966.TWO,上櫃,174.448959,176.431334,172.86306,174.448959,781221,0.7929498152
2015-12-17,4966,4966.TWO,上櫃,177.620793,181.585543,176.431368,180.396118,1226259,0.79294997
2015-12-18,4966,4966.TWO,上櫃,180.396112,187.929137,179.999637,185.946762,1577569,0.7929499449
2015-12-21,4966,4966.TWO,上櫃,183.171458,188.325633,182.774983,185.550308,958146,0.7929500352
2015-12-22,4966,4966.TWO,上櫃,188.722056,188.722056,182.774933,182.774933,654480,0.7929498172
2015-12-23,4966,4966.TWO,上櫃,184.75735,187.532675,181.982025,181.982025,918100,0.7929500006
2015-12-24,4966,4966.TWO,上櫃,184.757343,185.550293,175.241943,175.241943,1217452,0.79294997
2015-12-25,4966,4966.TWO,上櫃,177.224321,179.206696,175.241946,179.206696,465200,0.7929499803
2015-12-28,4966,4966.TWO,上櫃,179.60315,180.792575,176.034876,176.431351,302134,0.7929498908
2015-12-29,4966,4966.TWO,上櫃,176.431376,178.810226,172.070151,178.810226,451158,0.7929500064
2015-12-30,4966,4966.TWO,上櫃,180.396122,180.396122,176.034897,176.034897,302002,0.7929499858
2015-12-31,4966,4966.TWO,上櫃,176.827865,176.827865,174.052539,174.84549,327100,0.7929500658
2016-01-04,4966,4966.TWO,上櫃,174.84546,175.63841,170.08776,171.67366,454020,0.792949932
2016-01-05,4966,4966.TWO,上櫃,171.277153,173.259527,169.691253,172.863052,492905,0.7929497815
2016-01-06,4966,4966.TWO,上櫃,172.070143,172.070143,159.382944,164.933594,1661214,0.79294997
2016-01-07,4966,4966.TWO,上櫃,162.554724,165.726523,148.678101,153.832275,1792488,0.7929498731
2016-01-08,4966,4966.TWO,上櫃,151.849898,168.89832,150.660473,166.51947,1753355,0.7929498582
2016-01-11,4966,4966.TWO,上櫃,166.519494,176.034893,164.933594,175.241943,1869687,0.79294997
2016-01-12,4966,4966.TWO,上櫃,175.241902,175.241902,169.691253,172.863052,1702500,0.7929497815
2016-01-13,4966,4966.TWO,上櫃,173.656039,178.413739,171.673664,177.620789,1450182,0.792949949
2016-01-14,4966,4966.TWO,上櫃,172.863064,184.757311,171.673639,183.567886,2214438,0.7929498331
2016-01-15,4966,4966.TWO,上櫃,186.343238,186.343238,176.034889,177.620789,1177135,0.792949949
2016-01-18,4966,4966.TWO,上櫃,173.25956,185.153809,173.25956,185.153809,1621510,0.7929499297
2016-01-19,4966,4966.TWO,上櫃,184.757318,188.722067,180.396093,188.325592,1626500,0.7929498612
2016-01-20,4966,4966.TWO,上櫃,186.343216,189.91149,175.638393,178.017242,2960186,0.7929498549
2016-01-21,4966,4966.TWO,上櫃,180.396132,181.585557,175.638432,178.413757,1329015,0.7929500326
2016-01-22,4966,4966.TWO,上櫃,180.792607,185.946783,176.827857,178.413757,1179090,0.7929500326
2016-01-25,4966,4966.TWO,上櫃,181.58555,188.7221,181.58555,187.1362,1332102,0.7929499998
2016-01-26,4966,4966.TWO,上櫃,185.946761,186.739711,183.964386,183.964386,746460,0.7929499396
2016-01-27,4966,4966.TWO,上櫃,185.550288,201.805761,179.603163,201.409286,4267340,0.7929499468
2016-01-28,4966,4966.TWO,上櫃,201.409266,212.114089,200.219841,206.959915,5147069,0.7929498665
2016-01-29,4966,4966.TWO,上櫃,216.475349,221.233049,205.374049,207.752899,5358361,0.7929499968
2016-02-01,4966,4966.TWO,上櫃,217.664735,223.611859,210.924662,211.321136,3222580,0.7929498554
2016-02-02,4966,4966.TWO,上櫃,212.114098,232.33432,210.131723,232.33432,5074637,0.7929498978
2016-02-03,4966,4966.TWO,上櫃,230.351966,232.334341,220.440092,221.629517,3251592,0.79294997
2016-02-15,4966,4966.TWO,上櫃,219.647115,227.180139,218.45769,222.42244,1990428,0.7929498737
2016-02-16,4966,4966.TWO,上櫃,229.162508,244.625031,228.369558,244.625031,4102757,0.7929498558
2016-02-17,4966,4966.TWO,上櫃,246.607414,246.607414,234.713165,234.713165,3050672,0.7929498827
2016-02-18,4966,4966.TWO,上櫃,238.677915,242.642664,234.713165,234.713165,2334911,0.7929498827
2016-02-19,4966,4966.TWO,上櫃,233.920237,248.986286,233.127287,239.470886,3266092,0.7929499544
2016-02-22,4966,4966.TWO,上櫃,243.435666,250.572216,239.86739,242.642715,2176758,0.7929500505
2016-02-23,4966,4966.TWO,上櫃,245.418041,247.003941,238.28149,242.642715,1566931,0.7929500505
2016-02-24,4966,4966.TWO,上櫃,246.210974,255.726374,242.642699,245.814499,3774923,0.7929499965
2016-02-25,4966,4966.TWO,上櫃,250.175682,250.572157,243.039133,243.435608,1571227,0.7929498629
2016-02-26,4966,4966.TWO,上櫃,245.814452,247.003876,237.884953,243.832077,1106522,0.792949844
2016-03-01,4966,4966.TWO,上櫃,244.228599,248.986299,241.849749,245.814499,1046743,0.7929499965
2016-03-02,4966,4966.TWO,上櫃,247.003936,250.968686,244.228611,245.021561,1091759,0.7929500345
2016-03-03,4966,4966.TWO,上櫃,245.021508,248.193307,240.660283,243.435608,1145650,0.7929498629
2016-03-04,4966,4966.TWO,上櫃,242.642681,243.039156,233.920232,236.695557,1767782,0.7929499385
2016-03-07,4966,4966.TWO,上櫃,233.920257,240.660332,233.127307,239.074432,1396517,0.7929500245
2016-03-08,4966,4966.TWO,上櫃,239.0744,241.453249,230.351951,240.263824,1621814,0.7929499157
2016-03-09,4966,4966.TWO,上櫃,241.056754,264.0523,240.660279,262.4664,5069736,0.7929498494
2016-03-10,4966,4966.TWO,上櫃,256.915795,260.48407,252.55457,255.329895,2674335,0.7929499845
2016-03-11,4966,4966.TWO,上櫃,253.74399,260.88054,252.554565,257.70874,1704930,0.79294997
2016-03-14,4966,4966.TWO,上櫃,260.087615,276.739566,258.501715,270.395966,4127740,0.7929500457
2016-03-15,4966,4966.TWO,上櫃,270.395913,270.395913,258.89814,260.484039,2038964,0.7929498913
2016-03-16,4966,4966.TWO,上櫃,262.466457,267.224157,258.501707,259.691132,911791,0.7929500201
2016-03-17,4966,4966.TWO,上櫃,261.673458,263.655832,246.60741,247.40036,2097331,0.7929498721
2016-03-18,4966,4966.TWO,上櫃,247.400385,252.951035,247.400385,252.951035,1089829,0.7929499516
2016-03-21,4966,4966.TWO,上櫃,253.347499,261.673474,248.193325,260.880524,1446767,0.79294992
2016-03-22,4966,4966.TWO,上櫃,261.67344,261.67344,253.743942,256.915741,931502,0.7929498178
2016-03-23,4966,4966.TWO,上櫃,258.501694,258.501694,247.796869,248.193344,1259259,0.7929499812
2016-03-24,4966,4966.TWO,上櫃,246.607449,252.554574,242.246224,245.814499,1311547,0.7929499965
2016-03-25,4966,4966.TWO,上櫃,246.21093,251.365104,245.021505,247.796829,627303,0.7929498535
2016-03-28,4966,4966.TWO,上櫃,250.17568,250.17568,241.849706,244.625031,836060,0.7929498558
2016-03-29,4966,4966.TWO,上櫃,244.625049,250.572173,239.470875,240.263824,1259408,0.7929499157
2016-03-30,4966,4966.TWO,上櫃,243.435619,253.743968,241.056769,250.968643,1317287,0.7929498995
2016-03-31,4966,4966.TWO,上櫃,254.536934,256.122834,250.572185,252.951035,1058140,0.7929499516
2016-04-01,4966,4966.TWO,上櫃,251.365123,254.140448,249.779223,253.743973,630838,0.7929499149
2016-04-06,4966,4966.TWO,上櫃,253.743986,262.86291,248.589811,260.087585,1293504,0.7929499556
2016-04-07,4966,4966.TWO,上櫃,262.069984,268.017109,258.501709,263.655884,3030130,0.7929500264
2016-04-08,4966,4966.TWO,上櫃,266.034692,279.118365,265.638217,269.602966,3380047,0.7929499009
2016-04-11,4966,4966.TWO,上櫃,272.774732,273.567682,265.638184,265.638184,1046251,0.7929498018
2016-04-12,4966,4966.TWO,上櫃,265.638222,268.810021,250.572173,253.743973,1481314,0.7929499149
2016-04-13,4966,4966.TWO,上櫃,256.122772,261.276946,253.743923,256.122772,949400,0.7929497592
2016-04-14,4966,4966.TWO,上櫃,259.294592,269.206465,258.501643,267.224091,1215441,0.7929498237
2016-04-15,4966,4966.TWO,上櫃,267.224076,279.118323,267.224076,275.550049,2170221,0.7929497808
2016-04-18,4966,4966.TWO,上櫃,275.550126,285.462001,271.585376,277.532501,1106868,0.7929500035
2016-04-19,4966,4966.TWO,上櫃,279.911251,287.444273,276.739452,282.2901,1633542,0.7929497194
2016-04-20,4966,4966.TWO,上櫃,282.29013,289.030203,272.378257,277.135956,1420699,0.792949802
2016-04-21,4966,4966.TWO,上櫃,279.118378,281.497227,272.774778,279.118378,1113218,0.7929499366
2016-04-22,4966,4966.TWO,上櫃,279.911339,279.911339,266.034715,268.01709,1307625,0.79294997
2016-04-25,4966,4966.TWO,上櫃,269.602956,269.602956,262.069932,264.052307,881510,0.7929498713
2016-04-26,4966,4966.TWO,上櫃,266.431133,275.550056,265.638184,265.638184,1471022,0.7929498018
2016-04-27,4966,4966.TWO,上櫃,262.466408,263.259358,243.435611,247.40036,3845508,0.7929498721
2016-04-28,4966,4966.TWO,上櫃,249.779211,250.572161,237.884963,241.056763,2526956,0.7929498773
2016-04-29,4966,4966.TWO,上櫃,243.435613,247.400363,236.299064,237.884964,3338337,0.79294988
2016-05-03,4966,4966.TWO,上櫃,241.056707,252.158003,240.660232,250.175629,2803701,0.7929496947
2016-05-04,4966,4966.TWO,上櫃,250.175693,259.294617,247.003893,259.294617,2716746,0.7929498982
2016-05-05,4966,4966.TWO,上櫃,257.708722,258.898147,250.572173,253.743973,1450166,0.7929499149
2016-05-06,4966,4966.TWO,上櫃,253.74397,254.140445,248.986271,249.779221,892901,0.7929499066
2016-05-09,4966,4966.TWO,上櫃,253.743999,256.519324,241.056799,245.814499,1080312,0.7929499965
2016-05-10,4966,4966.TWO,上櫃,245.814495,255.72637,242.24622,255.329895,1162608,0.7929499845
2016-05-11,4966,4966.TWO,上櫃,256.122849,256.915799,245.021549,245.814499,1126107,0.7929499965
2016-05-12,4966,4966.TWO,上櫃,242.642687,247.796862,241.056787,246.607437,1245117,0.7929499586
2016-05-13,4966,4966.TWO,上櫃,243.039163,243.435638,225.990739,238.281464,3456150,0.7929499621
2016-05-16,4966,4966.TWO,上櫃,237.884984,245.418009,232.334334,240.660309,948709,0.7929499467
2016-05-17,4966,4966.TWO,上櫃,245.021549,247.400399,241.453274,245.814499,981250,0.7929499965
2016-05-18,4966,4966.TWO,上櫃,243.039137,248.193311,241.056762,244.228561,595485,0.7929498747
2016-05-19,4966,4966.TWO,上櫃,247.796837,247.796837,241.056763,241.056763,545050,0.7929498773
2016-05-20,4966,4966.TWO,上櫃,240.263808,245.021508,235.506109,243.435608,914380,0.7929498629
2016-05-23,4966,4966.TWO,上櫃,245.417993,261.276991,243.435619,259.294617,1732683,0.7929498982
2016-05-24,4966,4966.TWO,上櫃,258.898159,258.898159,252.55456,252.951035,629336,0.7929499516
2016-05-25,4966,4966.TWO,上櫃,256.122831,260.08758,252.158081,252.158081,828380,0.7929499404
2016-05-26,4966,4966.TWO,上櫃,252.158095,256.51932,250.96867,255.329895,720871,0.7929499845
2016-05-27,4966,4966.TWO,上櫃,257.312262,257.312262,251.761612,251.761612,412501,0.7929499589
2016-05-30,4966,4966.TWO,上櫃,251.761598,254.536923,251.761598,253.743973,476040,0.7929499149
2016-05-31,4966,4966.TWO,上櫃,255.329874,262.466424,255.329874,260.880524,1417270,0.79294992
2016-06-01,4966,4966.TWO,上櫃,260.087574,263.259373,257.708724,260.880524,811130,0.79294992
2016-06-02,4966,4966.TWO,上櫃,260.880556,260.880556,252.158106,252.554581,680428,0.7929500179
2016-06-03,4966,4966.TWO,上櫃,254.536918,254.933393,245.021519,250.968643,671606,0.7929498995
2016-06-06,4966,4966.TWO,上櫃,252.158031,255.726305,248.986232,254.53688,555500,0.7929497835
2016-06-07,4966,4966.TWO,上櫃,254.53688,254.53688,254.53688,254.53688,0,0.7929497835
2016-06-08,4966,4966.TWO,上櫃,258.105197,259.294622,253.743973,253.743973,853326,0.7929499149
2016-06-13,4966,4966.TWO,上櫃,249.779246,250.572196,246.607447,247.003922,682000,0.7929499888
2016-06-14,4966,4966.TWO,上櫃,246.210905,251.761553,245.81443,250.572128,332163,0.7929497731
2016-06-15,4966,4966.TWO,上櫃,250.572181,252.158081,248.986281,252.158081,126419,0.7929499404
2016-06-16,4966,4966.TWO,上櫃,252.554503,252.554503,248.589754,250.572128,180161,0.7929497731
2016-06-17,4966,4966.TWO,上櫃,252.951057,252.951057,249.382782,249.382782,228100,0.7929500222
2016-06-20,4966,4966.TWO,上櫃,250.968681,260.880557,250.572206,259.691132,1072554,0.7929500201
2016-06-21,4966,4966.TWO,上櫃,261.673442,266.431141,255.726318,255.726318,1550134,0.7929498244
2016-06-22,4966,4966.TWO,上櫃,257.708724,262.069949,254.933399,260.880524,701300,0.79294992
2016-06-23,4966,4966.TWO,上櫃,260.880504,262.069929,254.93338,254.93338,745913,0.7929498604
2016-06-24,4966,4966.TWO,上櫃,255.726336,256.519286,235.506114,237.884964,1447457,0.79294988
2016-06-27,4966,4966.TWO,上櫃,235.506126,243.435625,235.506126,242.246201,892465,0.79294992
2016-06-28,4966,4966.TWO,上櫃,240.263826,244.228575,237.092026,242.246201,623818,0.79294992
2016-06-29,4966,4966.TWO,上櫃,244.625062,248.986287,244.625062,246.607437,911050,0.7929499586
2016-06-30,4966,4966.TWO,上櫃,248.986247,248.986247,243.039124,243.039124,876682,0.7929498321
2016-07-01,4966,4966.TWO,上櫃,244.228581,245.418006,240.263832,241.849731,836040,0.7929499392
2016-07-04,4966,4966.TWO,上櫃,241.849713,241.849713,235.506114,237.884964,1627580,0.79294988
2016-07-05,4966,4966.TWO,上櫃,232.334311,237.09201,230.351937,237.09201,1269200,0.7929498679
2016-07-06,4966,4966.TWO,上櫃,237.091974,237.488449,232.334276,237.488449,1037020,0.7929497466
2016-07-07,4966,4966.TWO,上櫃,238.677923,240.263823,233.127274,233.127274,1186260,0.7929499101
2016-07-08,4966,4966.TWO,上櫃,233.127274,233.127274,233.127274,233.127274,0,0.7929499101
2016-07-11,4966,4966.TWO,上櫃,233.92022,234.71317,227.576621,232.33432,1329485,0.7929498978
2016-07-12,4966,4966.TWO,上櫃,231.937859,236.299084,229.162534,235.506134,1270829,0.7929499462
2016-07-13,4966,4966.TWO,上櫃,235.506125,241.453249,233.127275,240.263824,1169620,0.7929499157
2016-07-14,4966,4966.TWO,上櫃,237.488514,240.263839,237.092039,238.281464,529561,0.7929499621
2016-07-15,4966,4966.TWO,上櫃,240.660287,246.210936,240.263812,244.228561,950284,0.7929498747
2016-07-18,4966,4966.TWO,上櫃,246.607411,246.607411,243.435612,244.228561,460799,0.7929498747
2016-07-19,4966,4966.TWO,上櫃,246.607425,248.193325,242.246201,242.246201,359000,0.79294992
2016-07-20,4966,4966.TWO,上櫃,241.056788,245.418013,237.884989,238.281464,867628,0.7929499621
2016-07-21,4966,4966.TWO,上櫃,240.660309,245.021534,240.263834,240.660309,1000398,0.7929499467
2016-07-22,4966,4966.TWO,上櫃,242.246212,242.246212,239.470887,241.453262,471166,0.7929499584
2016-07-25,4966,4966.TWO,上櫃,241.056798,244.228598,236.695573,238.677948,708051,0.7929499933
2016-07-26,4966,4966.TWO,上櫃,238.677914,240.263814,237.092014,237.884964,1175736,0.79294988
2016-07-27,4966,4966.TWO,上櫃,241.056772,249.779221,236.299072,236.299072,3232327,0.7929499069
2016-07-28,4966,4966.TWO,上櫃,237.884967,238.281441,228.369568,228.369568,3478813,0.7929498884
2016-07-29,4966,4966.TWO,上櫃,225.990731,227.180156,222.818931,224.404831,2498881,0.7929499326
2016-08-01,4966,4966.TWO,上櫃,225.594243,230.351943,225.594243,228.369568,944745,0.7929498884
2016-08-02,4966,4966.TWO,上櫃,229.955492,234.713192,228.369592,233.920242,947264,0.7929499739
2016-08-03,4966,4966.TWO,上櫃,231.937857,235.109657,231.144907,231.541382,657496,0.7929499378
2016-08-04,4966,4966.TWO,上櫃,234.713184,238.281459,232.334334,235.506134,1083195,0.7929499462
2016-08-05,4966,4966.TWO,上櫃,236.695507,239.470831,235.902557,235.902557,877906,0.7929497727
2016-08-08,4966,4966.TWO,上櫃,237.884982,238.677931,235.109657,236.695557,574720,0.7929499385
2016-08-09,4966,4966.TWO,上櫃,230.748456,235.109682,230.351981,231.937881,1057313,0.7929500221
2016-08-10,4966,4966.TWO,上櫃,234.713192,236.299092,232.730817,233.920242,664791,0.7929499739
2016-08-11,4966,4966.TWO,上櫃,235.506142,235.506142,231.144917,233.920242,509574,0.7929499739
2016-08-12,4966,4966.TWO,上櫃,234.713144,237.091994,234.713144,235.109619,406480,0.7929498116
2016-08-15,4966,4966.TWO,上櫃,233.920215,239.867339,233.920215,237.884964,567310,0.79294988
2016-08-16,4966,4966.TWO,上櫃,239.867359,243.832109,238.677934,240.660309,890389,0.7929499467
2016-08-17,4966,4966.TWO,上櫃,241.849713,245.417987,240.263813,241.056763,593727,0.7929498773
2016-08-18,4966,4966.TWO,上櫃,241.849724,242.642674,236.69555,240.263824,490950,0.7929499157
2016-08-19,4966,4966.TWO,上櫃,240.263813,243.039137,240.263813,241.056763,388695,0.7929498773
2016-08-22,4966,4966.TWO,上櫃,241.056763,245.814462,241.056763,241.056763,964354,0.7929498773
2016-08-23,4966,4966.TWO,上櫃,245.845099,247.054173,243.023926,243.023926,662025,0.8060495051
2016-08-24,4966,4966.TWO,上櫃,245.039085,247.860259,242.620936,246.651184,495000,0.8060496212
2016-08-25,4966,4966.TWO,上櫃,246.651129,249.069277,245.442055,247.054153,249146,0.8060494403
2016-08-26,4966,4966.TWO,上櫃,246.248136,249.069309,245.845111,248.26326,341612,0.8060495451
2016-08-29,4966,4966.TWO,上櫃,249.069321,252.293519,247.860246,249.069321,927208,0.8060495815
2016-08-30,4966,4966.TWO,上櫃,250.278395,250.68142,248.263271,249.069321,491583,0.8060495815
2016-08-31,4966,4966.TWO,上櫃,249.069321,252.293519,248.666296,249.069321,740000,0.8060495815
2016-09-01,4966,4966.TWO,上櫃,250.681398,256.323745,250.681398,251.890472,1104517,0.8060495117
2016-09-02,4966,4966.TWO,上櫃,253.099465,259.547859,250.278293,257.93576,1215198,0.8060492516
2016-09-05,4966,4966.TWO,上櫃,261.96608,275.668921,259.144907,272.847748,2200520,0.8060494765
2016-09-06,4966,4966.TWO,上櫃,274.056816,276.474964,270.026569,275.668915,1240981,0.8060494585
2016-09-07,4966,4966.TWO,上櫃,276.878008,278.087083,272.444736,274.862885,749789,0.8060495147
2016-09-08,4966,4966.TWO,上櫃,278.087157,278.490182,273.250858,276.878082,580705,0.8060497301
2016-09-09,4966,4966.TWO,上櫃,276.071921,276.071921,268.011427,270.02655,571743,0.8060494039
2016-09-12,4966,4966.TWO,上櫃,265.190265,270.832611,265.190265,270.832611,377044,0.8060494377
2016-09-13,4966,4966.TWO,上櫃,272.847779,274.862902,263.981233,265.190308,671278,0.8060495672
2016-09-14,4966,4966.TWO,上櫃,266.80242,269.220568,265.19032,267.205444,347772,0.8060496058
2016-09-19,4966,4966.TWO,上櫃,270.02662,277.684092,270.02662,277.281067,722332,0.8060496131
2016-09-20,4966,4966.TWO,上櫃,278.087029,283.729374,273.250732,273.250732,845036,0.8060493582
2016-09-21,4966,4966.TWO,上櫃,275.265947,276.475021,272.041748,272.041748,343002,0.8060496238
2016-09-22,4966,4966.TWO,上櫃,274.862831,277.684004,271.235609,273.250732,441032,0.8060493582
2016-09-23,4966,4966.TWO,上櫃,273.25074,275.265864,271.235617,271.638641,341086,0.8060493809
2016-09-26,4966,4966.TWO,上櫃,269.220528,270.832627,265.190281,267.608429,343491,0.8060494848
2016-09-27,4966,4966.TWO,上櫃,267.608429,267.608429,267.608429,267.608429,0,0.8060494848
2016-09-28,4966,4966.TWO,上櫃,267.608429,267.608429,267.608429,267.608429,0,0.8060494848
2016-09-29,4966,4966.TWO,上櫃,268.414401,268.414401,255.114588,257.93576,951918,0.8060492516
2016-09-30,4966,4966.TWO,上櫃,255.517713,261.16006,255.517713,257.532837,512860,0.8060495678
2016-10-03,4966,4966.TWO,上櫃,258.741886,263.175158,258.741886,261.160034,337470,0.8060494882
2016-10-04,4966,4966.TWO,上櫃,259.950922,263.175119,259.950922,262.772095,232188,0.8060493703
2016-10-05,4966,4966.TWO,上櫃,263.175173,267.20542,263.175173,264.384247,487200,0.806049533
2016-10-06,4966,4966.TWO,上櫃,264.384274,264.384274,260.757051,261.966125,475400,0.8060496169
2016-10-07,4966,4966.TWO,上櫃,261.966125,263.1752,260.757051,261.966125,164500,0.8060496169
2016-10-11,4966,4966.TWO,上櫃,261.966131,266.802429,257.935883,266.802429,667736,0.806049635
2016-10-12,4966,4966.TWO,上櫃,264.384193,266.802342,260.756971,262.772095,222120,0.8060493703
2016-10-13,4966,4966.TWO,上櫃,264.384215,266.802363,261.563042,263.17514,369000,0.8060494346
2016-10-14,4966,4966.TWO,上櫃,262.772154,262.772154,257.532832,261.56308,362071,0.8060495526
2016-10-17,4966,4966.TWO,上櫃,262.77212,263.981194,255.9207,259.144897,387428,0.8060494478
2016-10-18,4966,4966.TWO,上櫃,260.353908,260.756933,257.532736,257.93576,125221,0.8060492516
2016-10-19,4966,4966.TWO,上櫃,257.935823,263.981194,257.935823,259.144897,353500,0.8060494478
2016-10-20,4966,4966.TWO,上櫃,260.35401,265.996357,260.35401,265.190308,417409,0.8060495672
2016-10-21,4966,4966.TWO,上櫃,262.772143,282.117332,262.772143,276.07196,2118222,0.8060495196
2016-10-24,4966,4966.TWO,上櫃,274.056888,279.699235,274.056888,276.475037,872030,0.8060496694
2016-10-25,4966,4966.TWO,上櫃,278.490146,285.744592,278.490146,280.908295,1522040,0.806049626
2016-10-26,4966,4966.TWO,上櫃,278.89316,296.626251,278.89316,296.626251,2465696,0.8060495957
2016-10-27,4966,4966.TWO,上櫃,296.626206,298.238305,289.371761,293.402008,1339050,0.8060494727
2016-10-28,4966,4966.TWO,上櫃,294.20807,297.432268,286.953625,287.759674,813290,0.8060495072
2016-10-31,4966,4966.TWO,上櫃,289.371771,291.78992,279.699177,286.550598,891638,0.8060495025
2016-11-01,4966,4966.TWO,上櫃,286.55064,289.371814,283.729466,287.356689,378012,0.8060496198
2016-11-02,4966,4966.TWO,上櫃,286.550599,286.550599,271.638683,272.444733,1263605,0.8060495049
2016-11-03,4966,4966.TWO,上櫃,272.444777,276.475025,261.966131,266.802429,1243374,0.806049635
2016-11-04,4966,4966.TWO,上櫃,264.384204,270.429575,257.935809,270.02655,952329,0.8060494039
2016-11-07,4966,4966.TWO,上櫃,270.832654,280.505249,270.832654,280.505249,778187,0.8060495662
2016-11-08,4966,4966.TWO,上櫃,280.102224,281.714323,276.475001,280.505249,615300,0.8060495662
2016-11-09,4966,4966.TWO,上櫃,278.893111,279.296136,258.741874,260.353973,1713846,0.8060494532
2016-11-10,4966,4966.TWO,上櫃,268.414473,278.893116,265.996325,278.087067,1077050,0.8060494686
2016-11-11,4966,4966.TWO,上櫃,273.250767,274.056817,268.011446,269.22052,544600,0.8060494611
2016-11-14,4966,4966.TWO,上櫃,266.802372,272.041693,261.160025,269.22052,602400,0.8060494611
2016-11-15,4966,4966.TWO,上櫃,266.399382,269.62358,263.175184,265.190308,564765,0.8060495672
2016-11-16,4966,4966.TWO,上櫃,268.414506,270.026605,264.384258,265.190308,441110,0.8060495672
2016-11-17,4966,4966.TWO,上櫃,263.175158,268.817505,261.160035,268.817505,335295,0.8060494899
2016-11-18,4966,4966.TWO,上櫃,266.802371,276.07194,266.802371,275.668915,768100,0.8060494585
2016-11-21,4966,4966.TWO,上櫃,273.250776,280.102197,272.847751,275.2659,848150,0.8060494866
2016-11-22,4966,4966.TWO,上櫃,277.28102,284.535465,271.235649,272.847748,1429045,0.8060494765
2016-11-23,4966,4966.TWO,上櫃,276.474946,276.474946,269.623526,270.02655,581445,0.8060494039
2016-11-24,4966,4966.TWO,上櫃,269.220522,273.250769,268.414472,270.429596,324000,0.8060494663
2016-11-25,4966,4966.TWO,上櫃,270.429596,273.250769,270.429596,270.429596,163604,0.8060494663
2016-11-28,4966,4966.TWO,上櫃,270.429645,278.893166,270.429645,277.281067,640446,0.8060496131
2016-11-29,4966,4966.TWO,上櫃,276.47498,278.893129,272.444733,272.444733,652790,0.8060495049
2016-11-30,4966,4966.TWO,上櫃,273.25075,276.474947,270.026552,271.235626,310110,0.8060494093
2016-12-01,4966,4966.TWO,上櫃,271.235613,271.638638,259.547897,262.772095,1148193,0.8060493703
2016-12-02,4966,4966.TWO,上櫃,257.935854,257.935854,248.263259,251.487457,1711659,0.8060495425
2016-12-05,4966,4966.TWO,上櫃,252.293491,257.129788,249.472318,254.711639,714400,0.8060494918
2016-12-06,4966,4966.TWO,上櫃,257.129763,259.144886,254.711614,258.338837,458140,0.8060494124
2016-12-07,4966,4966.TWO,上櫃,262.772137,265.996335,261.966087,263.578186,799400,0.8060494986
2016-12-08,4966,4966.TWO,上櫃,265.190314,266.802413,262.369141,262.369141,384595,0.8060495872
2016-12-09,4966,4966.TWO,上櫃,263.175184,263.578209,256.323763,257.532837,568718,0.8060495678
2016-12-12,4966,4966.TWO,上櫃,257.935854,258.741903,251.487457,251.487457,557740,0.8060495425
2016-12-13,4966,4966.TWO,上櫃,251.487492,253.099591,248.263293,250.681442,816404,0.8060496536
2016-12-14,4966,4966.TWO,上櫃,251.487499,253.099598,246.651201,252.293549,1485420,0.806049676
2016-12-15,4966,4966.TWO,上櫃,250.681449,253.502623,248.666325,252.293549,602250,0.806049676
2016-12-16,4966,4966.TWO,上櫃,252.293507,256.726779,251.487457,251.487457,549993,0.8060495425
2016-12-19,4966,4966.TWO,上櫃,251.084373,254.711596,251.084373,252.696472,259200,0.806049353
2016-12-20,4966,4966.TWO,上櫃,252.696573,254.711698,252.293549,252.293549,188200,0.806049676
2016-12-21,4966,4966.TWO,上櫃,253.502581,255.11468,251.487457,251.487457,228800,0.8060495425
2016-12-22,4966,4966.TWO,上櫃,251.487449,253.502573,250.278375,253.099548,205284,0.806049517
2016-12-23,4966,4966.TWO,上櫃,253.099563,254.308637,248.66629,248.66629,337351,0.8060495633
2016-12-26,4966,4966.TWO,上櫃,248.666318,250.681442,244.63607,250.681442,358125,0.8060496536
2016-12-27,4966,4966.TWO,上櫃,252.29347,255.114643,251.890445,254.308594,368400,0.8060494255
2016-12-28,4966,4966.TWO,上櫃,254.711632,257.12978,254.308607,256.32373,394200,0.8060494669
2016-12-29,4966,4966.TWO,上櫃,256.32373,257.12978,255.114656,256.32373,245500,0.8060494669
2016-12-30,4966,4966.TWO,上櫃,256.32373,259.950953,256.32373,256.32373,409745,0.8060494669
2017-01-03,4966,4966.TWO,上櫃,257.935816,257.935816,253.905569,254.308594,175135,0.8060494255
2017-01-04,4966,4966.TWO,上櫃,254.711618,256.726742,254.308594,254.308594,183281,0.8060494255
2017-01-05,4966,4966.TWO,上櫃,254.711663,257.532837,253.905614,257.532837,234250,0.8060495678
2017-01-06,4966,4966.TWO,上櫃,260.354026,265.593349,260.354026,261.966125,1060920,0.8060496169
2017-01-09,4966,4966.TWO,上櫃,263.578244,263.981269,251.890524,252.293549,637095,0.806049676
2017-01-10,4966,4966.TWO,上櫃,252.293497,254.308621,249.069299,251.890472,246880,0.8060495117
2017-01-11,4966,4966.TWO,上櫃,252.293532,256.32378,249.875383,251.084457,371200,0.8060496225
2017-01-12,4966,4966.TWO,上櫃,249.875349,253.502571,249.875349,251.890472,233818,0.8060495117
2017-01-13,4966,4966.TWO,上櫃,251.890507,251.890507,249.472358,251.084457,144315,0.8060496225
2017-01-16,4966,4966.TWO,上櫃,251.084401,251.084401,246.248104,247.054153,566050,0.8060494403
2017-01-17,4966,4966.TWO,上櫃,247.45721,249.472334,247.054186,248.26326,301030,0.8060495451
2017-01-18,4966,4966.TWO,上櫃,252.29349,252.696515,249.069292,250.278366,703502,0.8060494882
2017-01-19,4966,4966.TWO,上櫃,249.06935,253.502623,249.06935,252.293549,685394,0.806049676
2017-01-20,4966,4966.TWO,上櫃,250.278324,255.11462,249.875299,252.696472,891001,0.806049353
2017-01-23,4966,4966.TWO,上櫃,253.905601,256.726774,251.890477,255.5177,593132,0.8060495274
2017-01-24,4966,4966.TWO,上櫃,256.72677,262.772141,255.517696,259.547943,1190340,0.8060495128
2017-02-02,4966,4966.TWO,上櫃,263.981262,267.205461,262.772188,263.981262,1198967,0.8060496556
2017-02-03,4966,4966.TWO,上櫃,265.996364,268.817537,261.160066,262.369141,683435,0.8060495872
2017-02-06,4966,4966.TWO,上櫃,264.787257,272.444728,264.787257,268.817505,1369100,0.8060494899
2017-02-07,4966,4966.TWO,上櫃,272.444737,272.444737,267.60844,268.41449,464280,0.8060495188
2017-02-08,4966,4966.TWO,上櫃,268.414506,269.62358,263.175184,265.190308,509250,0.8060495672
2017-02-09,4966,4966.TWO,上櫃,269.623569,271.638693,263.981222,264.384247,1094051,0.806049533
2017-02-10,4966,4966.TWO,上櫃,269.623613,271.638737,265.996389,266.399414,960549,0.8060496643
2017-02-13,4966,4966.TWO,上櫃,266.399361,273.653807,266.399361,272.444733,817100,0.8060495049
2017-02-14,4966,4966.TWO,上櫃,279.296158,280.505233,268.41449,268.41449,1283630,0.8060495188
2017-02-15,4966,4966.TWO,上櫃,269.623564,271.638688,268.011465,268.41449,574029,0.8060495188
2017-02-16,4966,4966.TWO,上櫃,269.62359,270.42964,263.578218,264.787292,471204,0.8060495966
2017-02-17,4966,4966.TWO,上櫃,265.593344,266.802418,264.787294,265.996368,510800,0.8060496012
2017-02-20,4966,4966.TWO,上櫃,267.608468,271.235691,265.996368,265.996368,418262,0.8060496012
2017-02-21,4966,4966.TWO,上櫃,268.414478,268.414478,264.787256,267.608429,351651,0.8060494848
2017-02-22,4966,4966.TWO,上櫃,269.220567,269.220567,265.593344,265.996368,199300,0.8060496012
2017-02-23,4966,4966.TWO,上櫃,265.593297,269.22052,265.190273,269.22052,479250,0.8060494611
2017-02-24,4966,4966.TWO,上櫃,270.832671,270.832671,261.563101,261.966125,570600,0.8060496169
2017-03-01,4966,4966.TWO,上櫃,262.369084,262.369084,255.517664,258.338837,417047,0.8060494124
2017-03-02,4966,4966.TWO,上櫃,259.950968,261.966092,257.935844,259.547943,217800,0.8060495128
2017-03-03,4966,4966.TWO,上櫃,261.563038,261.563038,257.129766,260.756989,289154,0.8060494236
2017-03-06,4966,4966.TWO,上櫃,260.756992,263.578165,258.741868,263.17514,396332,0.8060494346
2017-03-07,4966,4966.TWO,上櫃,263.57822,267.608468,261.563096,265.996368,592664,0.8060496012
2017-03-08,4966,4966.TWO,上櫃,266.399392,267.608466,264.384268,264.787292,327500,0.8060495966
2017-03-09,4966,4966.TWO,上櫃,263.175166,263.578191,258.741894,259.547943,421447,0.8060495128
2017-03-10,4966,4966.TWO,上櫃,259.144915,259.144915,252.293494,257.129791,543100,0.8060495024
2017-03-13,4966,4966.TWO,上櫃,257.935802,260.756975,257.935802,258.741852,172002,0.8060493826
2017-03-14,4966,4966.TWO,上櫃,258.7419,265.190296,257.935851,264.384247,490096,0.806049533
2017-03-15,4966,4966.TWO,上櫃,263.578221,267.608469,263.175196,267.205444,362108,0.8060496058
2017-03-16,4966,4966.TWO,上櫃,267.608489,270.026638,265.996389,266.399414,344154,0.8060496643
2017-03-17,4966,4966.TWO,上櫃,266.399382,267.205432,264.384258,265.190308,136015,0.8060495672
2017-03-20,4966,4966.TWO,上櫃,265.996335,266.802384,263.578186,263.578186,201200,0.8060494986
2017-03-21,4966,4966.TWO,上櫃,263.578148,272.444691,263.578148,271.638641,1128267,0.8060493809
2017-03-22,4966,4966.TWO,上櫃,271.638674,276.47497,269.220525,272.847748,1267005,0.8060494765
2017-03-23,4966,4966.TWO,上櫃,276.474945,287.759636,275.265871,282.92334,2217300,0.8060494013
2017-03-24,4966,4966.TWO,上櫃,283.326421,283.326421,277.281049,279.296173,672645,0.8060495616
2017-03-27,4966,4966.TWO,上櫃,279.296103,280.505177,272.847708,273.250732,527315,0.8060493582
2017-03-28,4966,4966.TWO,上櫃,276.071946,276.47497,268.011451,272.847748,424140,0.8060494765
2017-03-29,4966,4966.TWO,上櫃,277.68403,288.565697,275.668906,283.729401,1281372,0.8060494336
2017-03-30,4966,4966.TWO,上櫃,282.117292,284.938465,280.505193,284.132416,492416,0.8060494064
2017-03-31,4966,4966.TWO,上櫃,282.923342,286.147539,280.908218,284.132416,334237,0.8060494064
2017-04-05,4966,4966.TWO,上櫃,286.147564,286.147564,271.638674,272.847748,929330,0.8060494765
2017-04-06,4966,4966.TWO,上櫃,272.847798,277.684095,270.429649,272.041748,806000,0.8060496238
2017-04-07,4966,4966.TWO,上櫃,274.056832,275.265906,270.832634,272.444733,350519,0.8060495049
2017-04-10,4966,4966.TWO,上櫃,271.638661,272.847735,270.832611,270.832611,216200,0.8060494377
2017-04-11,4966,4966.TWO,上櫃,271.235626,277.280997,271.235626,271.235626,512435,0.8060494093
2017-04-12,4966,4966.TWO,上櫃,271.235649,273.250773,270.832624,272.847748,255528,0.8060494765
2017-04-13,4966,4966.TWO,上櫃,271.235698,273.653847,270.832674,272.041748,236725,0.8060496238
2017-04-14,4966,4966.TWO,上櫃,271.638714,271.638714,264.384268,264.787292,479301,0.8060495966
2017-04-17,4966,4966.TWO,上櫃,265.996367,266.399392,260.35402,264.787292,373050,0.8060495966
2017-04-18,4966,4966.TWO,上櫃,264.787231,273.25075,264.787231,271.235626,421127,0.8060494093
2017-04-19,4966,4966.TWO,上櫃,269.220501,272.444699,268.414451,270.02655,208000,0.8060494039
2017-04-20,4966,4966.TWO,上櫃,271.638678,272.041703,268.817505,268.817505,147165,0.8060494899
2017-04-21,4966,4966.TWO,上櫃,271.638641,274.05679,270.026543,271.638641,333605,0.8060493809
2017-04-24,4966,4966.TWO,上櫃,273.653797,278.087069,271.638674,272.847748,446002,0.8060494765
2017-04-25,4966,4966.TWO,上櫃,273.653844,277.281067,272.847794,277.281067,476243,0.8060496131
2017-04-26,4966,4966.TWO,上櫃,280.102223,288.565743,277.684074,286.953644,1325075,0.8060495612
2017-04-27,4966,4966.TWO,上櫃,294.20809,297.029263,286.953644,286.953644,3139935,0.8060495612
2017-04-28,4966,4966.TWO,上櫃,286.953612,289.774785,281.71429,285.744537,1523158,0.8060494707
2017-05-02,4966,4966.TWO,上櫃,286.953625,290.580847,282.520352,287.759674,940403,0.8060495072
2017-05-03,4966,4966.TWO,上櫃,284.938509,286.953632,276.878013,278.490112,754010,0.8060495291
2017-05-04,4966,4966.TWO,上櫃,279.699216,281.311315,274.056868,277.281067,826002,0.8060496131
2017-05-05,4966,4966.TWO,上櫃,277.684058,278.893132,274.862885,274.862885,460230,0.8060495147
2017-05-08,4966,4966.TWO,上櫃,278.89308,279.296105,274.056784,274.459808,393416,0.8060493637
2017-05-09,4966,4966.TWO,上櫃,275.668917,277.281016,270.429596,270.429596,478379,0.8060494663
2017-05-10,4966,4966.TWO,上櫃,271.235629,284.13242,271.235629,280.102173,1081875,0.8060494183
2017-05-11,4966,4966.TWO,上櫃,278.087063,280.102187,275.668915,275.668915,534700,0.8060494585
2017-05-12,4966,4966.TWO,上櫃,274.862833,278.490055,274.056784,274.459808,435336,0.8060493637
2017-05-15,4966,4966.TWO,上櫃,279.296103,279.296103,272.444683,273.250732,345731,0.8060493582
2017-05-16,4966,4966.TWO,上櫃,276.877982,276.877982,270.832611,270.832611,641247,0.8060494377
2017-05-17,4966,4966.TWO,上櫃,271.638686,278.893132,271.235662,274.862885,768100,0.8060495147
2017-05-18,4966,4966.TWO,上櫃,274.056782,274.459806,271.235609,273.250732,503410,0.8060493582
2017-05-19,4966,4966.TWO,上櫃,273.25074,274.862839,271.235617,271.638641,207125,0.8060493809
2017-05-22,4966,4966.TWO,上櫃,273.25075,273.25075,270.832602,271.235626,192180,0.8060494093
2017-05-23,4966,4966.TWO,上櫃,271.638649,272.847723,268.414451,270.02655,453301,0.8060494039
2017-05-24,4966,4966.TWO,上櫃,272.444733,274.862881,269.220535,272.444733,728105,0.8060495049
2017-05-25,4966,4966.TWO,上櫃,272.444732,292.595969,272.444732,286.550598,2928347,0.8060495025
2017-05-26,4966,4966.TWO,上櫃,286.14752,291.789866,282.923323,284.938446,1885390,0.8060493523
2017-05-31,4966,4966.TWO,上櫃,290.177775,290.177775,280.102157,283.326355,789210,0.8060493741
2017-06-01,4966,4966.TWO,上櫃,282.923399,284.535498,278.893151,281.714325,458722,0.8060495707
2017-06-02,4966,4966.TWO,上櫃,284.535445,286.953593,278.087049,280.102173,660200,0.8060494183
2017-06-05,4966,4966.TWO,上櫃,285.341513,295.014107,282.52034,293.402008,2113988,0.8060494727
2017-06-06,4966,4966.TWO,上櫃,294.208058,296.223181,288.968736,293.402008,874088,0.8060494727
2017-06-07,4966,4966.TWO,上櫃,297.029257,305.492777,293.805059,297.432281,2468112,0.8060495433
2017-06-08,4966,4966.TWO,上櫃,297.432277,301.462524,290.177831,301.462524,1745070,0.8060495305
2017-06-09,4966,4966.TWO,上櫃,303.074642,328.868229,303.074642,323.628906,5235088,0.8060495797
2017-06-12,4966,4966.TWO,上櫃,318.792584,327.256104,317.180485,327.256104,2223652,0.806049516
2017-06-13,4966,4966.TWO,上櫃,324.031964,326.450113,317.180542,317.180542,996348,0.806049662
2017-06-14,4966,4966.TWO,上櫃,319.195583,320.404657,303.074594,309.119965,1685777,0.8060494514
2017-06-15,4966,4966.TWO,上櫃,311.941139,313.553238,305.492744,310.329041,589536,0.8060494559
2017-06-16,4966,4966.TWO,上櫃,309.523057,309.523057,303.88071,306.298859,682650,0.806049628
2017-06-19,4966,4966.TWO,上櫃,306.298839,320.001682,306.298839,314.76236,1583910,0.8060495765
2017-06-20,4966,4966.TWO,上櫃,314.762305,317.180453,310.732057,311.941132,755609,0.8060494356
2017-06-21,4966,4966.TWO,上櫃,308.716983,316.374454,308.716983,311.135132,547931,0.8060495643
2017-06-22,4966,4966.TWO,上櫃,312.747239,315.165388,308.716991,309.523041,416975,0.8060495853
2017-06-23,4966,4966.TWO,上櫃,312.747181,314.762305,307.50786,311.941132,815753,0.8060494356
2017-06-26,4966,4966.TWO,上櫃,313.553223,317.180445,308.716926,313.553223,734532,0.8060494156
2017-06-27,4966,4966.TWO,上櫃,313.553281,316.777479,309.523033,311.135132,759820,0.8060495643
2017-06-28,4966,4966.TWO,上櫃,308.716934,315.165329,308.716934,311.941132,732882,0.8060494356
2017-06-29,4966,4966.TWO,上櫃,314.762326,325.643994,292.595965,298.238312,4429580,0.8060494913
2017-06-30,4966,4966.TWO,上櫃,298.238326,301.462524,293.402029,301.462524,1470105,0.8060495305
2017-07-03,4966,4966.TWO,上櫃,301.865557,307.910929,301.059508,307.507904,1161241,0.8060495519
2017-07-04,4966,4966.TWO,上櫃,305.895821,307.910945,303.880697,304.283722,550499,0.8060495945
2017-07-05,4966,4966.TWO,上櫃,307.50792,307.50792,301.462548,304.283722,556105,0.8060495945
2017-07-06,4966,4966.TWO,上櫃,305.49279,307.104889,304.283715,307.104889,369210,0.8060495772
2017-07-07,4966,4966.TWO,上櫃,312.747234,323.628903,312.747234,321.210754,2916325,0.8060495719
2017-07-10,4966,4966.TWO,上櫃,321.210764,324.031938,317.583541,320.807739,761014,0.8060495961
2017-07-11,4966,4966.TWO,上櫃,322.419864,336.928758,320.807765,333.704559,2070095,0.8060496602
2017-07-12,4966,4966.TWO,上櫃,342.168008,363.125295,340.152885,355.87085,3848758,0.8060494895
2017-07-13,4966,4966.TWO,上櫃,358.288984,361.110157,352.243613,360.304108,1692876,0.8060494579
2017-07-14,4966,4966.TWO,上櫃,359.498058,372.797874,354.661761,360.304108,2192666,0.8060494579
2017-07-17,4966,4966.TWO,上櫃,365.140404,369.170652,360.304108,360.304108,1258861,0.8060494579
2017-07-18,4966,4966.TWO,上櫃,361.513158,378.440195,358.28896,378.03717,1994716,0.8060494039
2017-07-19,4966,4966.TWO,上櫃,378.037241,380.45539,366.752547,369.976746,1438337,0.8060495547
2017-07-20,4966,4966.TWO,上櫃,370.379795,371.588869,360.7072,365.140472,1390950,0.806049608
2017-07-21,4966,4966.TWO,上櫃,364.334341,368.364588,361.916193,364.737366,709373,0.806049427
2017-07-24,4966,4966.TWO,上櫃,363.528319,365.140418,356.273873,362.319244,978152,0.806049487
2017-07-25,4966,4966.TWO,上櫃,361.110224,371.185844,361.110224,365.140472,1275666,0.806049608
2017-07-26,4966,4966.TWO,上櫃,368.767627,369.170652,359.498058,360.304108,1280806,0.8060494579
2017-07-27,4966,4966.TWO,上櫃,360.304175,365.946522,356.273927,365.140472,1141000,0.806049608
2017-07-28,4966,4966.TWO,上櫃,365.140475,377.634244,356.676954,358.692078,2842029,0.8060496127
2017-07-31,4966,4966.TWO,上櫃,361.110158,361.110158,351.437565,353.855713,876509,0.8060494599
2017-08-01,4966,4966.TWO,上櫃,355.467851,358.289024,349.825504,352.243652,1455885,0.8060495477
2017-08-02,4966,4966.TWO,上櫃,355.46784,374.410004,355.46784,374.410004,3639329,0.8060495235
2017-08-03,4966,4966.TWO,上櫃,366.752503,367.155528,357.885959,360.304108,2885606,0.8060494579
2017-08-04,4966,4966.TWO,上櫃,362.722296,368.767668,358.692049,359.901123,1547215,0.8060495477
2017-08-07,4966,4966.TWO,上櫃,362.722292,378.440258,361.916242,371.588837,2206405,0.8060495372
2017-08-08,4966,4966.TWO,上櫃,378.843281,382.067479,362.72229,362.72229,2367123,0.8060495334
2017-08-09,4966,4966.TWO,上櫃,361.110197,365.946495,348.213405,352.243652,1749113,0.8060495477
2017-08-10,4966,4966.TWO,上櫃,350.631579,356.273926,337.734785,356.273926,1801662,0.8060496058
2017-08-11,4966,4966.TWO,上櫃,353.049663,357.88596,349.019416,353.855713,881950,0.8060494599
2017-08-14,4966,4966.TWO,上櫃,355.467834,357.079933,338.540794,340.152893,877429,0.8060495096
2017-08-15,4966,4966.TWO,上櫃,346.601253,351.840574,344.183105,350.6315,1028283,0.8060494258
2017-08-16,4966,4966.TWO,上櫃,347.810391,354.661813,345.392242,345.392242,543650,0.8060495739
2017-08-17,4966,4966.TWO,上櫃,348.616389,361.51318,347.407315,359.095032,1137250,0.806049454
2017-08-18,4966,4966.TWO,上櫃,355.870848,356.676897,351.034551,354.661774,578825,0.8060494856
2017-08-21,4966,4966.TWO,上櫃,355.467868,358.692066,349.825521,357.886017,558606,0.8060495875
2017-08-22,4966,4966.TWO,上櫃,358.692075,359.498124,353.049727,356.273926,549900,0.8060496058
2017-08-23,4966,4966.TWO,上櫃,360.707192,371.588861,357.079968,366.752563,1709155,0.8060495901
2017-08-24,4966,4966.TWO,上櫃,369.976759,373.200957,364.334412,364.334412,1168531,0.8060495832
2017-08-25,4966,4966.TWO,上櫃,366.752535,376.022104,365.54346,367.961609,2014925,0.8060495266
2017-08-28,4966,4966.TWO,上櫃,377.316945,378.961027,371.562656,376.494904,1192315,0.8220412742
2017-08-29,4966,4966.TWO,上櫃,374.850841,385.948399,369.918593,375.672882,1395343,0.8220413175
2017-08-30,4966,4966.TWO,上櫃,378.138957,381.016102,374.028751,378.960999,878765,0.8220412116
2017-08-31,4966,4966.TWO,上櫃,385.53739,403.211279,382.660245,395.401886,3908077,0.822041343
2017-09-01,4966,4966.TWO,上櫃,398.690031,399.101051,391.70268,394.990845,858677,0.8220413002
2017-09-04,4966,4966.TWO,上櫃,392.935692,398.27896,382.660177,383.071198,1006891,0.8220411964
2017-09-05,4966,4966.TWO,上櫃,386.359427,388.825551,379.372076,388.00351,636450,0.8220413337
2017-09-06,4966,4966.TWO,上櫃,387.181464,389.236567,378.96105,380.605133,640380,0.8220413241
2017-09-07,4966,4966.TWO,上櫃,387.181493,388.414555,376.905975,376.905975,1064305,0.8220413857
2017-09-08,4966,4966.TWO,上櫃,382.249217,404.855354,379.783093,399.512085,2339005,0.8220413271
2017-09-11,4966,4966.TWO,上櫃,403.211244,406.088389,388.414501,390.469604,890393,0.8220412726
2017-09-12,4966,4966.TWO,上櫃,396.223893,399.512058,390.469604,390.469604,728678,0.8220412726
2017-09-13,4966,4966.TWO,上櫃,392.935754,392.935754,381.427175,381.838196,562892,0.8220413257
2017-09-14,4966,4966.TWO,上櫃,406.910457,419.241077,396.63494,415.952911,3557679,0.8220413268
2017-09-15,4966,4966.TWO,上櫃,415.952928,415.952928,404.033329,410.198639,1115525,0.8220413606
2017-09-18,4966,4966.TWO,上櫃,415.130888,415.95293,406.088433,412.664764,521317,0.8220413634
2017-09-19,4966,4966.TWO,上櫃,415.130909,429.105612,410.19866,411.842743,1836300,0.822041403
2017-09-20,4966,4966.TWO,上櫃,414.308867,417.597033,406.910495,411.842743,944487,0.822041403
2017-09-21,4966,4966.TWO,上櫃,411.020645,422.529224,405.266356,419.241058,834279,0.8220412909
2017-09-22,4966,4966.TWO,上櫃,415.952958,415.952958,406.499482,407.732544,771484,0.8220414192
2017-09-25,4966,4966.TWO,上櫃,407.732511,410.609655,398.690056,402.800262,614315,0.8220413519
2017-09-26,4966,4966.TWO,上櫃,399.923063,406.088372,381.427135,382.249176,1209898,0.8220412388
2017-09-27,4966,4966.TWO,上櫃,385.537436,392.524789,385.126416,388.414581,1009432,0.8220414419
2017-09-28,4966,4966.TWO,上櫃,392.935746,402.389221,389.647581,402.389221,804812,0.8220413099
2017-09-29,4966,4966.TWO,上櫃,401.156155,401.156155,390.880639,396.223907,522157,0.8220413018
2017-10-02,4966,4966.TWO,上櫃,399.51211,409.376607,396.223945,408.554565,746455,0.8220413791
2017-10-03,4966,4966.TWO,上櫃,406.910439,420.885141,403.211253,419.241058,1196524,0.8220412909
2017-10-05,4966,4966.TWO,上櫃,416.774919,417.59696,410.198589,411.02063,891257,0.8220412598
2017-10-06,4966,4966.TWO,上櫃,405.266401,405.266401,383.893325,392.113739,2340669,0.8220413816
2017-10-11,4966,4966.TWO,上櫃,389.647579,399.101054,385.537372,398.690033,1237098,0.8220413051
2017-10-12,4966,4966.TWO,上櫃,399.512064,399.512064,393.757775,397.867981,664469,0.822041283
2017-10-13,4966,4966.TWO,上櫃,395.812961,404.033375,394.990919,401.978271,500675,0.822041455
2017-10-16,4966,4966.TWO,上櫃,401.156171,401.156171,386.770448,388.00351,726975,0.8220413337
2017-10-17,4966,4966.TWO,上櫃,389.647618,391.702722,378.96108,379.372101,1056356,0.8220413886
2017-10-18,4966,4966.TWO,上櫃,380.605167,383.893333,365.808422,367.863525,1567060,0.8220413975
2017-10-19,4966,4966.TWO,上櫃,377.316961,389.23656,374.028796,385.948395,1107525,0.8220413094
2017-10-20,4966,4966.TWO,上櫃,378.96104,384.715329,378.96104,379.783081,514993,0.822041301
2017-10-23,4966,4966.TWO,上櫃,381.427115,385.537321,380.194053,383.071198,304812,0.8220411964
2017-10-24,4966,4966.TWO,上櫃,381.016114,384.7153,378.54999,382.249176,252060,0.8220412388
2017-10-25,4966,4966.TWO,上櫃,401.567185,408.554536,394.579834,394.579834,2592260,0.8220413208
2017-10-26,4966,4966.TWO,上櫃,394.579898,401.978271,389.64765,401.978271,966355,0.822041455
2017-10-27,4966,4966.TWO,上櫃,401.978209,406.088416,397.868002,399.512085,881591,0.8220413271
2017-10-30,4966,4966.TWO,上櫃,402.80027,407.732518,397.457001,397.457001,596699,0.8220413666
2017-10-31,4966,4966.TWO,上櫃,400.334129,405.266377,395.812901,403.211273,877029,0.8220413317
2017-11-01,4966,4966.TWO,上櫃,405.677395,427.46149,405.677395,415.952911,2508101,0.8220413268
2017-11-02,4966,4966.TWO,上櫃,413.486786,418.419034,409.376579,413.486786,782775,0.8220413238
2017-11-03,4966,4966.TWO,上櫃,427.461494,448.012528,421.707205,439.792114,4200677,0.8220413351
2017-11-06,4966,4966.TWO,上櫃,442.258211,453.766789,438.970046,444.724335,2174618,0.8220412841
2017-11-07,4966,4966.TWO,上櫃,448.012567,484.182389,448.012567,475.961975,2718039,0.8220414078
2017-11-08,4966,4966.TWO,上櫃,472.673787,482.538283,461.987249,471.851746,1804875,0.8220413687
2017-11-09,4966,4966.TWO,上櫃,473.495862,483.360359,456.232992,457.877075,1696598,0.8220414276
2017-11-10,4966,4966.TWO,上櫃,461.165146,469.385559,455.410858,469.385559,1048575,0.8220412593
2017-11-13,4966,4966.TWO,上櫃,471.85174,477.606029,455.410913,461.987244,983459,0.8220413588
2017-11-14,4966,4966.TWO,上櫃,459.521157,477.606069,450.478701,476.784027,1406622,0.822041426
2017-11-15,4966,4966.TWO,上櫃,472.673652,475.139775,464.45324,468.563446,871829,0.8220411334
2017-11-16,4966,4966.TWO,上櫃,466.097349,468.563473,460.343061,463.631226,532200,0.8220411801
2017-11-17,4966,4966.TWO,上櫃,468.563587,487.470539,468.563587,484.182373,2055973,0.8220413804
2017-11-20,4966,4966.TWO,上櫃,488.292433,488.292433,468.563446,468.563446,1197807,0.8220411334
2017-11-21,4966,4966.TWO,上櫃,472.673787,478.428077,466.919497,471.851746,907865,0.8220413687
2017-11-22,4966,4966.TWO,上櫃,477.60605,480.894215,471.029719,480.072174,879521,0.822041394
2017-11-23,4966,4966.TWO,上櫃,480.07215,481.716233,473.495819,473.495819,308071,0.8220413526
2017-11-24,4966,4966.TWO,上櫃,480.072159,484.182366,471.851746,471.851746,507209,0.8220413687
2017-11-27,4966,4966.TWO,上櫃,474.317817,475.9619,466.919446,470.207611,377500,0.8220412781
2017-11-28,4966,4966.TWO,上櫃,466.919487,470.207653,450.47866,454.588867,1281471,0.8220413512
2017-11-29,4966,4966.TWO,上櫃,458.69904,476.783949,457.054958,466.097412,1165247,0.8220412912
2017-11-30,4966,4966.TWO,上櫃,460.343132,464.453339,453.766802,464.453339,689236,0.8220413073
2017-12-01,4966,4966.TWO,上櫃,466.919527,469.385651,450.478699,450.478699,764777,0.822041421
2017-12-04,4966,4966.TWO,上櫃,452.122785,461.165241,450.478702,457.877075,627218,0.8220414276
2017-12-05,4966,4966.TWO,上櫃,452.122711,455.410876,449.656587,452.122711,460084,0.8220412931
2017-12-06,4966,4966.TWO,上櫃,456.232992,466.919531,451.300744,457.877075,989490,0.8220414276
2017-12-07,4966,4966.TWO,上櫃,459.521172,462.809337,420.885223,420.885223,2145830,0.8220414519
2017-12-08,4966,4966.TWO,上櫃,428.28358,455.410947,427.461539,450.478699,1796744,0.822041421
2017-12-11,4966,4966.TWO,上櫃,453.766706,468.563446,444.724253,468.563446,953160,0.8220411334
2017-12-12,4966,4966.TWO,上櫃,474.317804,500.623124,466.919433,494.868835,2703006,0.8220412549
2017-12-13,4966,4966.TWO,上櫃,493.224757,494.868839,481.716179,485.826385,929026,0.8220412614
2017-12-14,4966,4966.TWO,上櫃,489.936627,509.665619,489.936627,493.224792,1261913,0.8220413208
2017-12-15,4966,4966.TWO,上櫃,490.758764,503.089386,481.716307,503.089386,858621,0.8220414804
2017-12-18,4966,4966.TWO,上櫃,499.801123,499.801123,489.936627,493.224792,521715,0.8220413208
2017-12-19,4966,4966.TWO,上櫃,490.758672,495.69092,479.250093,481.716217,525810,0.822041326
2017-12-20,4966,4966.TWO,上櫃,484.182315,499.8011,484.182315,489.114563,685115,0.8220412823
2017-12-21,4966,4966.TWO,上櫃,489.114463,495.690792,487.47038,490.758545,297545,0.8220411138
2017-12-22,4966,4966.TWO,上櫃,490.758708,493.224832,483.360336,491.58075,231051,0.8220413871
2017-12-25,4966,4966.TWO,上櫃,493.224792,511.309702,490.758669,493.224792,783131,0.8220413208
2017-12-26,4966,4966.TWO,上櫃,490.758655,490.758655,474.317829,487.47049,684550,0.8220412976
2017-12-27,4966,4966.TWO,上櫃,480.894194,484.18236,477.606029,478.42807,361230,0.8220413575
2017-12-28,4966,4966.TWO,上櫃,481.716147,494.868806,480.894106,483.360229,476398,0.8220412066
2017-12-29,4966,4966.TWO,上櫃,482.53829,491.580745,479.250125,484.182373,651900,0.8220413804
2018-01-02,4966,4966.TWO,上櫃,484.182316,493.22477,471.851697,475.139862,941114,0.8220412838
2018-01-03,4966,4966.TWO,上櫃,479.25009,494.868875,478.428049,493.224792,786293,0.8220413208
2018-01-04,4966,4966.TWO,上櫃,499.801123,526.106445,498.15704,509.665619,2144079,0.8220413208
2018-01-05,4966,4966.TWO,上櫃,508.021507,508.021507,491.580681,495.690887,911436,0.8220412727
2018-01-08,4966,4966.TWO,上櫃,496.512922,498.979046,485.826385,485.826385,419210,0.8220412614
2018-01-09,4966,4966.TWO,上櫃,484.182271,488.292477,476.7839,483.360229,537804,0.8220412066
2018-01-10,4966,4966.TWO,上櫃,477.606001,477.606001,461.987216,466.919464,990890,0.8220413101
2018-01-11,4966,4966.TWO,上櫃,466.097456,473.495828,466.097456,471.851746,487826,0.8220413687
2018-01-12,4966,4966.TWO,上櫃,475.961986,481.716276,470.207696,476.784027,497662,0.822041426
2018-01-15,4966,4966.TWO,上櫃,492.402757,493.224799,479.250096,486.648468,954345,0.8220413311
2018-01-16,4966,4966.TWO,上櫃,485.004378,485.004378,472.673758,474.317841,626504,0.8220413182
2018-01-17,4966,4966.TWO,上櫃,475.961902,480.072108,472.673737,472.673737,423765,0.822041281
2018-01-18,4966,4966.TWO,上櫃,478.42811,485.004441,476.784027,476.784027,701148,0.822041426
2018-01-19,4966,4966.TWO,上櫃,476.784027,484.1824,473.495861,476.784027,531336,0.822041426
2018-01-22,4966,4966.TWO,上櫃,480.072174,485.004422,477.60605,480.072174,505175,0.822041394
2018-01-23,4966,4966.TWO,上櫃,484.182271,499.801054,483.360229,483.360229,1525132,0.8220412066
2018-01-24,4966,4966.TWO,上櫃,481.716267,481.716267,473.495853,480.894226,580177,0.8220414121
2018-01-25,4966,4966.TWO,上櫃,479.25007,497.334978,477.605988,477.605988,1327686,0.8220412867
2018-01-26,4966,4966.TWO,上櫃,480.894138,489.936592,480.072097,485.826385,848726,0.8220412614
2018-01-29,4966,4966.TWO,上櫃,492.402751,514.597867,489.936627,509.665619,2305044,0.8220413208
2018-01-30,4966,4966.TWO,上櫃,507.199569,508.02161,494.046906,494.046906,648446,0.8220414401
2018-01-31,4966,4966.TWO,上櫃,489.936702,501.445282,487.470577,501.445282,426881,0.8220414459
2018-02-01,4966,4966.TWO,上櫃,498.156966,503.089213,485.004307,489.936554,895437,0.8220411979
2018-02-02,4966,4966.TWO,上櫃,486.648477,494.046849,485.004395,485.004395,383765,0.8220413467
2018-02-05,4966,4966.TWO,上櫃,475.139926,480.072174,472.673802,480.072174,442140,0.822041394
2018-02-06,4966,4966.TWO,上櫃,461.987291,467.741581,432.393799,432.393799,1792897,0.8220414426
2018-02-07,4966,4966.TWO,上櫃,448.012556,457.877053,444.72439,453.766846,985152,0.8220413871
2018-02-08,4966,4966.TWO,上櫃,443.902321,452.944776,439.792114,439.792114,560808,0.8220413351
2018-02-09,4966,4966.TWO,上櫃,439.792114,439.792114,439.792114,439.792114,0,0.8220413351
2018-02-12,4966,4966.TWO,上櫃,443.08027,448.83456,438.970064,441.436188,623765,0.822041318
2018-02-21,4966,4966.TWO,上櫃,448.834629,463.631375,448.834629,456.233002,1076535,0.8220414445
2018-02-22,4966,4966.TWO,上櫃,449.656587,457.054959,448.834546,452.122711,659854,0.8220412931
2018-02-23,4966,4966.TWO,上櫃,456.232918,458.699042,451.30067,452.122711,387179,0.8220412931
2018-02-26,4966,4966.TWO,上櫃,452.122707,466.097409,452.122707,461.165161,658475,0.8220412854
2018-02-27,4966,4966.TWO,上櫃,461.987292,468.563623,456.233002,456.233002,549500,0.8220414445
2018-03-01,4966,4966.TWO,上櫃,450.478616,452.94474,446.36841,448.834534,405248,0.8220412705
2018-03-02,4966,4966.TWO,上櫃,434.037781,439.79207,420.06308,420.06308,1314913,0.8220412521
2018-03-05,4966,4966.TWO,上櫃,424.995431,430.749721,420.885223,420.885223,485976,0.8220414519
2018-03-06,4966,4966.TWO,上櫃,425.817406,432.393736,424.173323,429.927612,509579,0.8220413237
2018-03-07,4966,4966.TWO,上櫃,429.927592,450.478624,426.639426,444.724335,1176599,0.8220412841
2018-03-08,4966,4966.TWO,上櫃,448.012594,472.673838,448.012594,471.029755,1580423,0.8220414566
2018-03-09,4966,4966.TWO,上櫃,466.097323,470.207528,461.165076,468.563446,657615,0.8220411334
2018-03-12,4966,4966.TWO,上櫃,472.673763,479.250093,461.987225,465.275391,808680,0.8220413262
2018-03-13,4966,4966.TWO,上櫃,491.580674,498.979046,481.716179,485.826385,2007083,0.8220412614
2018-03-14,4966,4966.TWO,上櫃,481.716235,485.826442,477.606029,478.42807,766637,0.8220413575
2018-03-15,4966,4966.TWO,上櫃,479.25009,494.868875,479.25009,493.224792,878373,0.8220413208
2018-03-16,4966,4966.TWO,上櫃,489.936655,492.402779,480.072158,488.292572,562724,0.822041367
2018-03-19,4966,4966.TWO,上櫃,487.470519,492.402767,479.250105,485.004395,667509,0.8220413467
2018-03-20,4966,4966.TWO,上櫃,482.53829,485.826456,478.428083,484.182373,341432,0.8220413804
2018-03-21,4966,4966.TWO,上櫃,485.826385,489.114551,484.182303,485.826385,224550,0.8220412614
2018-03-22,4966,4966.TWO,上櫃,487.470566,489.93669,476.784027,476.784027,340770,0.822041426
2018-03-23,4966,4966.TWO,上櫃,461.165175,470.207629,458.699051,466.919464,541250,0.8220413101
2018-03-26,4966,4966.TWO,上櫃,464.453325,476.783945,461.987202,475.139862,394716,0.8220412838
2018-03-27,4966,4966.TWO,上櫃,480.072193,491.580773,476.784027,476.784027,561030,0.822041426
2018-03-28,4966,4966.TWO,上櫃,475.139911,484.182366,469.385621,471.851746,381338,0.8220413687
2018-03-29,4966,4966.TWO,上櫃,473.495795,474.317836,466.919464,466.919464,286804,0.8220413101
2018-03-30,4966,4966.TWO,上櫃,472.673758,477.606006,466.919469,474.317841,312670,0.8220413182
2018-04-02,4966,4966.TWO,上櫃,476.783949,479.250073,466.097412,466.097412,281565,0.8220412912
2018-04-03,4966,4966.TWO,上櫃,466.097456,467.741538,452.944794,452.944794,465344,0.8220413679
2018-04-09,4966,4966.TWO,上櫃,452.944752,457.877,450.478629,452.122711,260497,0.8220412931
2018-04-10,4966,4966.TWO,上櫃,454.588812,467.741472,447.19044,448.012482,657275,0.8220412508
2018-04-11,4966,4966.TWO,上櫃,452.944776,454.588858,439.792114,439.792114,437222,0.8220413351
2018-04-12,4966,4966.TWO,上櫃,441.436197,443.902321,433.215784,439.792114,818115,0.8220413351
2018-04-13,4966,4966.TWO,上櫃,443.080234,451.300647,442.258193,448.012482,551230,0.8220412508
2018-04-16,4966,4966.TWO,上櫃,452.122767,452.122767,439.792146,442.25827,373245,0.8220413945
2018-04-17,4966,4966.TWO,上櫃,438.148016,438.148016,415.130859,415.130859,1189395,0.8220413057
2018-04-18,4966,4966.TWO,上櫃,422.529289,424.995414,402.800295,407.732544,1314201,0.8220414192
2018-04-19,4966,4966.TWO,上櫃,411.020676,414.308841,402.800262,402.800262,850652,0.8220413519
2018-04-20,4966,4966.TWO,上櫃,402.800312,406.910519,374.850903,378.139069,1607062,0.8220414535
2018-04-23,4966,4966.TWO,上櫃,378.139062,399.512139,378.139062,384.715393,1501425,0.8220414382
2018-04-24,4966,4966.TWO,上櫃,391.291653,393.346756,380.194096,386.359406,966515,0.8220412883
2018-04-25,4966,4966.TWO,上櫃,385.537321,388.825486,374.439765,383.071198,420403,0.8220411964
2018-04-26,4966,4966.TWO,上櫃,383.071286,392.113742,357.999024,359.232086,1557830,0.8220413871
2018-04-27,4966,4966.TWO,上櫃,364.986298,380.19406,364.986298,378.960999,1818930,0.8220412116
2018-04-30,4966,4966.TWO,上櫃,375.261883,378.550049,367.45249,378.550049,802050,0.8220413655
2018-05-02,4966,4966.TWO,上櫃,381.016207,388.003559,371.151709,384.715393,749230,0.8220414382
2018-05-03,4966,4966.TWO,上櫃,378.550057,383.071284,374.43985,374.43985,703814,0.8220413828
2018-05-04,4966,4966.TWO,上櫃,372.384763,376.49497,367.452515,367.452515,330211,0.8220414198
2018-05-07,4966,4966.TWO,上櫃,374.028805,388.825549,374.028805,385.537384,1004747,0.8220413306
2018-05-08,4966,4966.TWO,上櫃,374.85088,376.494963,349.367597,353.888824,2440556,0.8220414041
2018-05-09,4966,4966.TWO,上櫃,354.710825,380.194105,354.710825,369.507568,2088157,0.8220413089
2018-05-10,4966,4966.TWO,上櫃,377.317001,378.139043,365.808422,367.863525,743301,0.8220413975
2018-05-11,4966,4966.TWO,上櫃,372.384737,377.728005,368.27453,374.850861,577789,0.822041361
2018-05-14,4966,4966.TWO,上櫃,379.78312,385.53741,375.672913,376.905975,687490,0.8220413857
2018-05-15,4966,4966.TWO,上櫃,376.905991,381.427219,366.219453,367.452515,364786,0.8220414198
2018-05-16,4966,4966.TWO,上櫃,366.630448,381.427193,365.808407,377.316986,388626,0.822041364
2018-05-17,4966,4966.TWO,上櫃,377.316953,391.291655,377.316953,388.825531,1325912,0.8220412918
2018-05-18,4966,4966.TWO,上櫃,387.181519,395.812954,381.838249,387.181519,810481,0.8220414407
2018-05-21,4966,4966.TWO,上櫃,387.181403,388.825486,380.605074,383.071198,489550,0.8220411964
2018-05-22,4966,4966.TWO,上櫃,385.537357,396.634914,385.537357,390.469604,693363,0.8220412726
2018-05-23,4966,4966.TWO,上櫃,391.291655,394.990841,386.359407,388.825531,704185,0.8220412918
2018-05-24,4966,4966.TWO,上櫃,388.825522,390.469604,384.304295,390.469604,278152,0.8220412726
2018-05-25,4966,4966.TWO,上櫃,391.291678,396.223926,388.003512,392.93576,199040,0.82204134
2018-05-28,4966,4966.TWO,上櫃,392.935746,407.321469,392.935746,402.389221,633608,0.8220413099
2018-05-29,4966,4966.TWO,上櫃,399.101094,405.677425,397.868032,398.279053,396050,0.8220413885
2018-05-30,4966,4966.TWO,上櫃,395.401895,397.868019,391.291688,393.757812,229204,0.8220413622
2018-05-31,4966,4966.TWO,上櫃,395.812915,410.198639,393.757812,410.198639,571553,0.8220413606
2018-06-01,4966,4966.TWO,上櫃,405.266387,408.143531,399.923118,402.800262,369700,0.8220413519
2018-06-04,4966,4966.TWO,上櫃,406.088398,423.351265,405.266356,419.241058,719296,0.8220412909
2018-06-05,4966,4966.TWO,上櫃,415.130846,426.639424,411.842681,425.817383,653452,0.8220412796
2018-06-06,4966,4966.TWO,上櫃,419.241077,423.351283,415.13087,415.952911,411125,0.8220413268
2018-06-07,4966,4966.TWO,上櫃,424.995414,424.995414,407.732544,407.732544,422591,0.8220414192
2018-06-08,4966,4966.TWO,上櫃,407.732514,414.308845,403.622307,408.965576,296600,0.8220413591
2018-06-11,4966,4966.TWO,上櫃,411.020676,412.664759,402.800262,402.800262,808075,0.8220413519
2018-06-12,4966,4966.TWO,上櫃,404.444351,419.241095,404.444351,412.664764,950170,0.8220413634
2018-06-13,4966,4966.TWO,上櫃,415.130829,441.436148,415.130829,429.10553,1796942,0.8220412448
2018-06-14,4966,4966.TWO,上櫃,442.258268,452.944806,437.326019,437.326019,1993040,0.8220413896
2018-06-15,4966,4966.TWO,上櫃,446.368398,447.190439,427.461449,431.571655,753373,0.8220412481
2018-06-19,4966,4966.TWO,上櫃,424.173309,429.927598,418.41902,424.173309,348100,0.8220412971
2018-06-20,4966,4966.TWO,上櫃,425.817403,431.571692,411.020659,424.995361,754217,0.8220413178
2018-06-21,4966,4966.TWO,上櫃,432.393747,445.546409,427.461499,430.749664,990560,0.8220413441
2018-06-22,4966,4966.TWO,上櫃,428.28349,437.325944,423.351243,431.571655,616244,0.8220412481
2018-06-25,4966,4966.TWO,上櫃,428.283522,430.749646,417.596985,417.596985,364505,0.8220413088
2018-06-26,4966,4966.TWO,上櫃,410.198635,423.351297,410.198635,421.707214,637110,0.8220413535
2018-06-27,4966,4966.TWO,上櫃,427.461481,435.681894,415.952902,417.596985,1046000,0.8220413088
2018-06-28,4966,4966.TWO,上櫃,413.486781,420.885153,405.266368,406.088409,581145,0.8220413146
2018-06-29,4966,4966.TWO,上櫃,407.73256,424.173389,406.910519,420.885223,770253,0.8220414519
2018-07-02,4966,4966.TWO,上櫃,421.707265,429.105638,419.24114,420.885223,563663,0.8220414519
2018-07-03,4966,4966.TWO,上櫃,424.99538,434.037835,417.597008,421.707214,376103,0.8220413535
2018-07-04,4966,4966.TWO,上櫃,421.707191,422.529233,412.664737,417.596985,184500,0.8220413088
2018-07-05,4966,4966.TWO,上櫃,419.241113,419.241113,405.266409,406.910492,295501,0.8220413979
2018-07-06,4966,4966.TWO,上櫃,409.376598,411.842722,386.35944,393.757812,867060,0.8220413622
2018-07-09,4966,4966.TWO,上櫃,392.935728,397.045935,384.715316,390.469604,915262,0.8220412726
2018-07-10,4966,4966.TWO,上櫃,390.469623,404.444325,390.469623,403.622284,394160,0.8220413115
2018-07-11,4966,4966.TWO,上櫃,397.456998,398.279039,392.113729,392.52475,280800,0.8220413607
2018-07-12,4966,4966.TWO,上櫃,391.291683,401.5672,388.825559,401.5672,409000,0.8220413505
2018-07-13,4966,4966.TWO,上櫃,403.622265,408.143492,401.156141,405.677368,278300,0.8220412729
2018-07-16,4966,4966.TWO,上櫃,405.677403,406.088423,395.401886,395.401886,337100,0.822041343
2018-07-17,4966,4966.TWO,上櫃,396.63493,401.156157,396.63493,398.690033,278002,0.8220413051
2018-07-18,4966,4966.TWO,上櫃,401.978247,419.241117,395.401916,414.308868,793402,0.8220414056
2018-07-19,4966,4966.TWO,上櫃,394.57984,397.456985,378.961055,388.00351,1609575,0.8220413337
2018-07-20,4966,4966.TWO,上櫃,388.003481,393.75777,388.003481,390.469604,499780,0.8220412726
2018-07-23,4966,4966.TWO,上櫃,390.469626,390.469626,370.740634,375.672882,584574,0.8220413175
2018-07-24,4966,4966.TWO,上櫃,375.672869,389.647571,375.672869,386.359406,580160,0.8220412883
2018-07-25,4966,4966.TWO,上櫃,378.550006,392.935728,378.550006,390.469604,645466,0.8220412726
2018-07-26,4966,4966.TWO,上櫃,390.469595,398.690007,388.825512,390.880615,514612,0.8220412518
2018-07-27,4966,4966.TWO,上櫃,390.880625,392.113687,384.715316,390.469604,609610,0.8220412726
2018-07-30,4966,4966.TWO,上櫃,391.291636,394.579801,388.003471,390.880615,334552,0.8220412518
2018-07-31,4966,4966.TWO,上櫃,390.880589,390.880589,382.249156,383.071198,406665,0.8220411964
2018-08-01,4966,4966.TWO,上櫃,387.181457,391.291663,384.304312,385.948395,402509,0.8220413094
2018-08-02,4966,4966.TWO,上櫃,385.94842,386.359441,375.261883,377.316986,382455,0.822041364
2018-08-03,4966,4966.TWO,上櫃,382.24925,414.308865,381.838229,406.910492,1280873,0.8220413979
2018-08-06,4966,4966.TWO,上櫃,403.211308,413.486826,397.868039,411.842743,582450,0.822041403
2018-08-07,4966,4966.TWO,上櫃,411.842705,411.842705,399.512085,399.512085,317604,0.8220413271
2018-08-08,4966,4966.TWO,上櫃,402.800295,418.419082,401.156213,407.732544,549702,0.8220414192
2018-08-09,4966,4966.TWO,上櫃,392.113729,411.842722,391.291688,410.198639,578915,0.8220413606
2018-08-10,4966,4966.TWO,上櫃,404.444344,404.855365,400.334138,401.5672,490224,0.8220413505
2018-08-13,4966,4966.TWO,上櫃,399.512045,401.156128,383.893262,401.156128,445910,0.8220412458
2018-08-14,4966,4966.TWO,上櫃,395.812918,401.156187,391.29169,397.457001,147835,0.8220413666
2018-08-15,4966,4966.TWO,上櫃,397.867989,401.156154,393.757783,394.990845,277190,0.8220413002
2018-08-16,4966,4966.TWO,上櫃,388.003522,390.469646,363.342282,374.850861,810640,0.822041361
2018-08-17,4966,4966.TWO,上櫃,380.194172,381.427234,373.20682,378.139069,488307,0.8220414535
2018-08-20,4966,4966.TWO,上櫃,379.783121,379.783121,352.655755,359.232086,631652,0.8220413871
2018-08-21,4966,4966.TWO,上櫃,360.876079,365.808326,345.257296,361.69812,808720,0.8220411821
2018-08-22,4966,4966.TWO,上櫃,355.943846,365.80834,353.477722,353.477722,319519,0.8220412143
2018-08-23,4966,4966.TWO,上櫃,353.477774,376.494932,353.477774,372.795746,490916,0.8220413359
2018-08-24,4966,4966.TWO,上櫃,372.384692,383.89327,365.808362,369.096527,386171,0.822041263
2018-08-27,4966,4966.TWO,上櫃,379.424544,384.494805,372.241674,382.804718,233240,0.8450435276
2018-08-28,4966,4966.TWO,上櫃,388.297487,389.987574,376.8894,379.42453,276098,0.8450434967
2018-08-29,4966,4966.TWO,上櫃,381.114617,387.874965,378.156965,379.42453,208320,0.8450434967
2018-08-30,4966,4966.TWO,上櫃,383.64979,383.64979,375.199354,378.579529,86435,0.8450435911
2018-08-31,4966,4966.TWO,上櫃,377.311942,389.987595,374.776811,384.494812,194169,0.8450435429
2018-09-03,4966,4966.TWO,上櫃,387.874973,399.283061,382.804712,383.227234,438576,0.8450435146
2018-09-04,4966,4966.TWO,上櫃,391.255126,403.085734,391.255126,400.128082,435262,0.8450434684
2018-09-05,4966,4966.TWO,上櫃,402.663242,403.085764,395.057851,398.015503,174300,0.8450435306
2018-09-06,4966,4966.TWO,上櫃,398.015481,398.860524,386.184872,390.832611,227275,0.8450434834
2018-09-07,4966,4966.TWO,上櫃,393.790337,403.93086,380.69216,389.98764,683298,0.8450436411
2018-09-10,4966,4966.TWO,上櫃,392.522726,392.945247,380.269594,384.494812,512025,0.8450435429
2018-09-11,4966,4966.TWO,上櫃,387.452398,393.790224,384.494747,387.029877,572081,0.8450433989
2018-09-12,4966,4966.TWO,上櫃,391.255109,391.255109,381.114588,381.537109,202800,0.8450434316
2018-09-13,4966,4966.TWO,上櫃,379.002029,386.607421,374.776811,384.494812,383480,0.8450435429
2018-09-14,4966,4966.TWO,上櫃,386.607371,386.607371,370.129024,383.649719,493290,0.8450434344
2018-09-17,4966,4966.TWO,上櫃,382.804732,390.410124,378.579514,386.184906,243325,0.845043558
2018-09-18,4966,4966.TWO,上櫃,386.184854,386.184854,370.55155,381.114594,411050,0.8450434446
2018-09-19,4966,4966.TWO,上櫃,382.804704,382.804704,376.8894,379.42453,132132,0.8450434967
2018-09-20,4966,4966.TWO,上櫃,381.114603,383.649733,373.08669,376.044342,247320,0.8450434653
2018-09-21,4966,4966.TWO,上櫃,378.579466,378.579466,359.143467,365.481293,669645,0.8450434514
2018-09-25,4966,4966.TWO,上櫃,367.593917,373.509221,365.481308,370.974091,326353,0.8450434865
2018-09-26,4966,4966.TWO,上櫃,375.621842,394.2128,375.621842,383.227234,853540,0.8450435146
2018-09-27,4966,4966.TWO,上櫃,379.424544,390.41011,377.734457,382.804718,282420,0.8450435276
2018-09-28,4966,4966.TWO,上櫃,385.33977,395.902812,384.494726,392.94516,730644,0.8450433546
2018-10-01,4966,4966.TWO,上櫃,395.90286,407.310947,395.480339,402.663208,606838,0.8450434586
2018-10-02,4966,4966.TWO,上櫃,402.240676,409.001023,393.790241,405.62085,690177,0.8450434367
2018-10-03,4966,4966.TWO,上櫃,404.775919,407.31105,397.593048,397.593048,418100,0.8450436729
2018-10-04,4966,4966.TWO,上櫃,397.592979,404.775849,393.367761,393.790283,325259,0.8450435262
2018-10-05,4966,4966.TWO,上櫃,398.015429,400.550559,358.720912,370.128998,1177726,0.845043374
2018-10-08,4966,4966.TWO,上櫃,367.171377,387.029898,367.171377,381.114594,894090,0.8450434446
2018-10-09,4966,4966.TWO,上櫃,364.636287,371.396636,343.087677,343.087677,1602209,0.8450435394
2018-10-11,4966,4966.TWO,上櫃,308.863441,316.046312,308.863441,312.666138,1321345,0.8450436154
2018-10-12,4966,4966.TWO,上櫃,308.018319,342.665099,308.018319,340.55249,1671831,0.8450434001
2018-10-15,4966,4966.TWO,上櫃,333.369686,341.820122,332.102121,338.017426,823163,0.8450435638
2018-10-16,4966,4966.TWO,上櫃,332.524603,336.327299,322.806603,332.102081,1126171,0.8450434639
2018-10-17,4966,4966.TWO,上櫃,344.777735,356.608343,342.665126,345.200256,1044291,0.8450434672
2018-10-18,4966,4966.TWO,上櫃,343.087624,350.693015,343.087624,346.89032,433050,0.84504341
2018-10-19,4966,4966.TWO,上櫃,338.017455,353.228241,333.792237,353.228241,483130,0.8450436387
2018-10-22,4966,4966.TWO,上櫃,343.932699,353.228178,343.932699,349.00296,497010,0.8450434872
2018-10-23,4966,4966.TWO,上櫃,344.777764,350.270547,343.087677,343.087677,397395,0.8450435394
2018-10-24,4966,4966.TWO,上櫃,346.467807,357.453371,343.087633,350.693024,477229,0.8450434306
2018-10-25,4966,4966.TWO,上櫃,339.70747,344.777731,321.961557,327.876862,1132691,0.8450434577
2018-10-26,4966,4966.TWO,上櫃,327.876838,338.439881,327.031795,329.566925,955150,0.8450433976
2018-10-29,4966,4966.TWO,上櫃,332.947083,333.792126,311.820999,332.947083,710355,0.8450433566
2018-10-30,4966,4966.TWO,上櫃,330.41201,339.707489,324.074184,339.707489,442312,0.845043505
2018-10-31,4966,4966.TWO,上櫃,342.242587,357.453368,342.242587,346.467804,1029981,0.8450434243
2018-11-01,4966,4966.TWO,上櫃,342.665088,370.128998,342.242566,370.128998,1351898,0.845043374
2018-11-02,4966,4966.TWO,上櫃,370.974107,403.085761,370.974107,391.677673,2438102,0.8450435239
2018-11-05,4966,4966.TWO,上櫃,389.565052,399.705574,376.044356,379.42453,755298,0.8450434967
2018-11-06,4966,4966.TWO,上櫃,385.339824,395.480345,375.199302,382.382172,1142625,0.8450434732
2018-11-07,4966,4966.TWO,上櫃,384.917321,389.56506,373.509233,383.227234,933288,0.8450435146
2018-11-08,4966,4966.TWO,上櫃,392.945245,396.325419,387.874983,391.255157,707175,0.8450435367
2018-11-09,4966,4966.TWO,上櫃,389.565067,395.902893,385.762371,395.902893,368965,0.8450435284
2018-11-12,4966,4966.TWO,上櫃,389.564998,390.410042,372.664131,374.354218,682726,0.8450433804
2018-11-13,4966,4966.TWO,上櫃,346.467811,353.65068,340.552507,348.157898,1452509,0.8450434416
2018-11-14,4966,4966.TWO,上櫃,349.425545,359.98859,349.425545,353.228241,951035,0.8450436387
2018-11-15,4966,4966.TWO,上櫃,355.763289,358.720941,337.172333,348.157898,890200,0.8450434416
2018-11-16,4966,4966.TWO,上櫃,351.53806,354.073191,340.129974,340.129974,927040,0.8450434146
2018-11-19,4966,4966.TWO,上櫃,341.397555,345.622772,329.144425,345.622772,1374103,0.8450434529
2018-11-20,4966,4966.TWO,上櫃,337.594827,343.932652,335.059697,341.397522,424100,0.8450433712
2018-11-21,4966,4966.TWO,上櫃,338.017384,361.678601,335.482253,360.833557,901550,0.8450434593
2018-11-22,4966,4966.TWO,上櫃,358.720939,360.833547,350.270505,354.918243,688462,0.8450434367
2018-11-23,4966,4966.TWO,上櫃,353.650693,357.875911,349.425476,349.425476,429200,0.845043473
2018-11-26,4966,4966.TWO,上櫃,353.228206,359.566032,349.42551,355.763336,163720,0.8450435539
2018-11-27,4966,4966.TWO,上櫃,355.763287,373.086678,353.650679,365.903809,573068,0.8450434379
2018-11-28,4966,4966.TWO,上櫃,365.903861,387.874993,365.903861,386.184906,811660,0.845043558
2018-11-29,4966,4966.TWO,上櫃,391.255176,400.550655,388.297524,392.10022,779462,0.845043577
2018-11-30,4966,4966.TWO,上櫃,387.874957,391.25513,381.114609,386.607391,532423,0.8450434784
2018-12-03,4966,4966.TWO,上櫃,401.395664,420.831665,396.325403,420.831665,987723,0.8450435041
2018-12-04,4966,4966.TWO,上櫃,430.972111,430.972111,392.100117,392.94516,977165,0.8450433546
2018-12-05,4966,4966.TWO,上櫃,384.917248,400.973072,373.509163,392.94516,606050,0.8450433546
2018-12-06,4966,4966.TWO,上櫃,392.94524,399.705588,381.537152,393.790283,1062422,0.8450435262
2018-12-07,4966,4966.TWO,上櫃,411.958719,411.958719,393.790283,393.790283,473545,0.8450435262
2018-12-10,4966,4966.TWO,上櫃,385.762303,386.184825,370.974044,374.354218,414330,0.8450433804
2018-12-11,4966,4966.TWO,上櫃,376.044359,386.184881,372.664185,372.664185,232268,0.8450435024
2018-12-12,4966,4966.TWO,上櫃,378.156941,390.410071,378.156941,381.114594,463075,0.8450434446
2018-12-13,4966,4966.TWO,上櫃,386.184915,393.790307,380.26961,392.10022,314528,0.845043577
2018-12-14,4966,4966.TWO,上櫃,397.170457,397.170457,385.339848,393.790283,370303,0.8450435262
2018-12-17,4966,4966.TWO,上櫃,388.720023,393.790284,382.382196,382.804718,214252,0.8450435276
2018-12-18,4966,4966.TWO,上櫃,384.072218,387.452391,374.776741,376.466827,349133,0.8450433836
2018-12-19,4966,4966.TWO,上櫃,379.424495,385.762321,378.579452,381.959625,380250,0.8450434187
2018-12-20,4966,4966.TWO,上櫃,373.509176,380.692044,373.509176,376.466827,219000,0.8450433836
2018-12-21,4966,4966.TWO,上櫃,371.819156,378.156982,368.438982,378.156982,218007,0.8450435361
2018-12-24,4966,4966.TWO,上櫃,376.466879,377.734444,370.551575,370.551575,122338,0.8450434999
2018-12-25,4966,4966.TWO,上櫃,364.213707,364.213707,355.763273,362.523621,393063,0.8450434047
2018-12-26,4966,4966.TWO,上櫃,366.748909,375.621867,357.45343,357.45343,286825,0.8450435702
2018-12-27,4966,4966.TWO,上櫃,370.974086,374.35426,363.368695,373.509216,268328,0.8450434758
2018-12-28,4966,4966.TWO,上櫃,373.509204,374.354248,363.368683,363.368683,254820,0.8450434485
2019-01-02,4966,4966.TWO,上櫃,368.8615,390.41011,368.8615,382.804718,1210821,0.8450435276
2019-01-03,4966,4966.TWO,上櫃,376.88939,377.311912,367.593912,373.509216,578550,0.8450434758
2019-01-04,4966,4966.TWO,上櫃,367.593855,378.579418,364.636203,377.734375,303375,0.8450433445
2019-01-07,4966,4966.TWO,上櫃,384.494763,389.142502,378.579459,383.649719,543120,0.8450434344
2019-01-08,4966,4966.TWO,上櫃,381.959688,387.874993,374.354296,386.184906,398322,0.845043558
2019-01-09,4966,4966.TWO,上櫃,381.53712,403.930772,381.53712,400.550598,833476,0.845043456
2019-01-10,4966,4966.TWO,上櫃,402.663219,410.691132,399.705566,410.691132,775235,0.8450434806
2019-01-11,4966,4966.TWO,上櫃,408.156008,410.691139,401.39566,401.39566,477889,0.8450434956
2019-01-14,4966,4966.TWO,上櫃,398.86053,404.353313,395.057834,401.39566,375160,0.8450434956
2019-01-15,4966,4966.TWO,上櫃,404.775814,420.409117,402.663205,418.296509,702149,0.8450434521
2019-01-16,4966,4966.TWO,上櫃,415.76142,427.59203,412.381246,417.451508,682010,0.8450435376
2019-01-17,4966,4966.TWO,上櫃,419.141528,419.141528,407.31092,409.001007,422415,0.8450434031
2019-01-18,4966,4966.TWO,上櫃,409.846115,416.183941,407.733506,415.338898,278200,0.8450435355
2019-01-21,4966,4966.TWO,上櫃,415.338843,419.141538,412.381191,414.916321,190516,0.8450434232
2019-01-22,4966,4966.TWO,上櫃,413.648754,415.761363,411.113624,412.803711,105645,0.8450434205
2019-01-23,4966,4966.TWO,上櫃,412.803759,417.451498,407.733498,411.536194,182084,0.8450435192
2019-01-24,4966,4966.TWO,上櫃,411.113661,423.366792,411.113661,414.493835,620204,0.8450434973
2019-01-25,4966,4966.TWO,上櫃,414.916327,441.957717,405.62085,405.62085,2413607,0.8450434367
2019-01-28,4966,4966.TWO,上櫃,409.8461,413.648796,406.888448,409.8461,606225,0.8450435049
2019-01-29,4966,4966.TWO,上櫃,405.620896,416.18394,402.663244,413.226288,557330,0.8450435334
2019-01-30,4966,4966.TWO,上櫃,415.761321,423.366711,411.536104,422.521667,536640,0.845043335
2019-02-11,4966,4966.TWO,上櫃,425.056887,441.957757,421.676713,429.282104,1061413,0.8450435128
2019-02-12,4966,4966.TWO,上櫃,435.197416,436.04246,427.592024,430.972198,611635,0.8450435264
2019-02-13,4966,4966.TWO,上櫃,440.267554,458.013463,439.422511,448.717987,1961272,0.8450432901
2019-02-14,4966,4966.TWO,上櫃,448.71805,455.478397,439.422572,441.957703,1149794,0.8450434085
2019-02-15,4966,4966.TWO,上櫃,458.013569,474.914438,453.788351,458.858612,3237721,0.8450434845
2019-02-18,4966,4966.TWO,上櫃,466.464039,474.069431,451.253256,456.323517,1296002,0.8450435497
2019-02-19,4966,4966.TWO,上櫃,462.238822,463.083865,450.408212,456.323517,867559,0.8450435497
2019-02-20,4966,4966.TWO,上櫃,464.773871,468.154045,450.408133,455.478394,767406,0.8450434018
2019-02-21,4966,4966.TWO,上櫃,458.013583,458.858626,443.647843,451.253235,1038941,0.845043511
2019-02-22,4966,4966.TWO,上櫃,450.408151,458.858586,441.957717,445.337891,887280,0.8450434357
2019-02-25,4966,4966.TWO,上櫃,447.873047,459.703656,444.492873,458.858612,864688,0.8450434845
2019-02-26,4966,4966.TWO,上櫃,464.773959,464.773959,453.788393,458.013611,475860,0.8450435624
2019-02-27,4966,4966.TWO,上櫃,456.323458,460.548676,447.873024,460.548676,536020,0.8450434414
2019-03-04,4966,4966.TWO,上櫃,474.914397,479.984658,457.168486,463.928833,1223858,0.8450434117
2019-03-05,4966,4966.TWO,上櫃,469.844189,469.844189,462.238797,468.999146,824381,0.8450435054
2019-03-06,4966,4966.TWO,上櫃,472.379386,472.379386,459.703732,466.464081,486564,0.8450436247
2019-03-07,4966,4966.TWO,上櫃,466.46403,468.99916,458.858638,461.393768,252007,0.8450435317
2019-03-08,4966,4966.TWO,上櫃,456.323377,456.323377,445.337814,448.717987,573288,0.8450432901
2019-03-11,4966,4966.TWO,上櫃,448.718083,452.098257,442.802779,446.182953,426090,0.8450434714
2019-03-12,4966,4966.TWO,上櫃,457.16842,457.16842,445.337814,448.717987,388945,0.8450432901
2019-03-13,4966,4966.TWO,上櫃,447.027944,447.872987,440.267597,441.11264,419395,0.8450433724
2019-03-14,4966,4966.TWO,上櫃,442.802795,451.25323,438.577578,442.802795,721294,0.8450435027
2019-03-15,4966,4966.TWO,上櫃,446.182928,446.182928,423.366756,425.901886,1202363,0.8450434246
2019-03-18,4966,4966.TWO,上櫃,426.746997,431.817259,421.676736,427.592041,926069,0.8450435593
2019-03-19,4966,4966.TWO,上櫃,430.127043,443.647736,427.591913,443.647736,1092628,0.8450433059
2019-03-20,4966,4966.TWO,上櫃,441.957752,447.028013,437.732534,442.802795,708390,0.8450435027
2019-03-21,4966,4966.TWO,上櫃,444.492903,447.873077,438.577598,447.873077,321451,0.8450435423
2019-03-22,4966,4966.TWO,上櫃,450.408184,453.788358,446.182967,449.563141,412070,0.8450434979
2019-03-25,4966,4966.TWO,上櫃,442.802774,442.802774,436.042427,437.732513,307718,0.8450434622
2019-03-26,4966,4966.TWO,上櫃,440.267621,450.408142,439.422578,450.408142,392250,0.8450434186
2019-03-27,4966,4966.TWO,上櫃,445.337857,450.408117,441.11264,441.11264,236040,0.8450433724
2019-03-28,4966,4966.TWO,上櫃,441.112606,445.337822,440.267562,443.647736,248406,0.8450433059
2019-03-29,4966,4966.TWO,上櫃,442.802755,447.027972,436.887451,436.887451,410384,0.8450434259
2019-04-01,4966,4966.TWO,上櫃,436.88751,440.267684,432.662292,432.662292,592139,0.84504354
2019-04-02,4966,4966.TWO,上櫃,434.352333,444.492854,434.352333,436.042419,696023,0.8450434485
2019-04-03,4966,4966.TWO,上櫃,436.042431,445.337909,433.507301,435.197388,409375,0.8450434713
2019-04-08,4966,4966.TWO,上櫃,439.422644,452.943341,439.422644,452.098297,597313,0.845043546
2019-04-09,4966,4966.TWO,上櫃,455.478426,468.999122,454.633383,459.703644,955850,0.8450434629
2019-04-10,4966,4966.TWO,上櫃,459.703698,468.154134,454.633437,458.013611,538571,0.8450435624
2019-04-11,4966,4966.TWO,上櫃,458.013548,466.463982,458.013548,464.773895,573768,0.8450434459
2019-04-12,4966,4966.TWO,上櫃,459.703702,460.548746,436.042482,440.2677,865195,0.8450435704
2019-04-15,4966,4966.TWO,上櫃,447.873092,448.718136,437.732569,440.2677,397272,0.8450435704
2019-04-16,4966,4966.TWO,上櫃,444.492837,446.182924,437.73249,439.422577,286100,0.8450434171
2019-04-17,4966,4966.TWO,上櫃,441.957756,457.168539,441.112713,451.253235,497318,0.845043511
2019-04-18,4966,4966.TWO,上櫃,452.098295,455.478469,446.18299,447.873077,340203,0.8450435423
2019-04-19,4966,4966.TWO,上櫃,447.028034,454.633426,447.028034,447.873077,216128,0.8450435423
2019-04-22,4966,4966.TWO,上櫃,452.943343,458.858647,449.563168,456.323517,312130,0.8450435497
2019-04-23,4966,4966.TWO,上櫃,460.548663,468.999097,449.563099,450.408142,694175,0.8450434186
2019-04-24,4966,4966.TWO,上櫃,452.098292,462.238815,451.253249,454.633423,399075,0.8450435369
2019-04-25,4966,4966.TWO,上櫃,452.098255,458.858603,447.027994,452.943298,377250,0.8450434671
2019-04-26,4966,4966.TWO,上櫃,452.943341,453.788384,447.873079,452.098297,271200,0.845043546
2019-04-29,4966,4966.TWO,上櫃,452.098257,454.633388,446.182953,446.182953,636771,0.8450434714
2019-04-30,4966,4966.TWO,上櫃,441.957703,443.647789,426.746921,441.957703,817125,0.8450434085
2019-05-02,4966,4966.TWO,上櫃,441.957777,459.703691,439.422646,456.323517,481648,0.8450435497
2019-05-03,4966,4966.TWO,上櫃,463.92884,466.46397,454.633362,465.618927,1253047,0.8450434247
2019-05-06,4966,4966.TWO,上櫃,452.943339,456.323513,445.337947,447.873077,542704,0.8450435423
2019-05-07,4966,4966.TWO,上櫃,452.943341,458.858645,447.873079,452.098297,619085,0.845043546
2019-05-08,4966,4966.TWO,上櫃,447.873035,463.083818,446.182948,459.703644,544052,0.8450434629
2019-05-09,4966,4966.TWO,上櫃,460.548706,463.083837,446.182967,449.563141,372253,0.8450434979
2019-05-10,4966,4966.TWO,上櫃,454.633358,454.633358,437.73249,439.422577,489032,0.8450434171
2019-05-13,4966,4966.TWO,上櫃,437.73254,443.647844,427.592017,429.282104,196320,0.8450435128
2019-05-14,4966,4966.TWO,上櫃,423.3668,432.662279,412.803756,429.282104,543142,0.8450435128
2019-05-15,4966,4966.TWO,上櫃,430.972152,437.732499,426.746935,434.352325,286070,0.8450434347
2019-05-16,4966,4966.TWO,上櫃,430.972147,433.507277,425.901886,425.901886,192132,0.8450434246
2019-05-17,4966,4966.TWO,上櫃,425.901937,436.887503,425.901937,430.972198,453475,0.8450435264
2019-05-20,4966,4966.TWO,上櫃,430.972101,430.972101,416.183842,422.521667,852280,0.845043335
2019-05-21,4966,4966.TWO,上櫃,414.91637,417.874022,409.846109,415.761414,595487,0.8450435235
2019-05-22,4966,4966.TWO,上櫃,418.296497,424.211801,415.761367,419.141541,719051,0.8450434285
2019-05-23,4966,4966.TWO,上櫃,409.84603,409.84603,389.564989,397.17038,902436,0.8450433609
2019-05-24,4966,4966.TWO,上櫃,393.367764,406.465938,390.410111,398.015503,731762,0.8450435306
2019-05-27,4966,4966.TWO,上櫃,398.015423,400.550553,393.367685,397.17038,224000,0.8450433609
2019-05-28,4966,4966.TWO,上櫃,397.170399,399.283007,384.494748,389.142487,465155,0.8450434019
2019-05-29,4966,4966.TWO,上櫃,379.424479,394.212738,378.579435,394.212738,922150,0.8450433827
2019-05-30,4966,4966.TWO,上櫃,396.325399,403.508269,391.67766,401.39566,274400,0.8450434956
2019-05-31,4966,4966.TWO,上櫃,401.818158,412.803723,401.818158,411.958679,840271,0.8450434445
2019-06-03,4966,4966.TWO,上櫃,404.353268,411.536137,404.353268,409.001007,264073,0.8450434031
2019-06-04,4966,4966.TWO,上櫃,409.423578,411.958709,407.310969,409.8461,160998,0.8450435049
2019-06-05,4966,4966.TWO,上櫃,413.226241,417.451458,405.198328,405.62085,346052,0.8450434367
2019-06-06,4966,4966.TWO,上櫃,405.198388,411.113693,400.550648,403.508301,173676,0.8450435618
2019-06-10,4966,4966.TWO,上櫃,406.888436,412.80374,406.888436,410.691132,508155,0.8450434806
2019-06-11,4966,4966.TWO,上櫃,410.691108,415.338847,409.001021,412.381195,338079,0.8450434325
2019-06-12,4966,4966.TWO,上櫃,413.226274,413.226274,408.156013,409.8461,130098,0.8450435049
2019-06-13,4966,4966.TWO,上櫃,404.353332,415.338898,404.353332,415.338898,278113,0.8450435355
2019-06-14,4966,4966.TWO,上櫃,416.18394,417.874027,412.381244,413.226288,134135,0.8450435334
2019-06-17,4966,4966.TWO,上櫃,411.536152,417.451456,409.846065,412.381195,162700,0.8450434325
2019-06-18,4966,4966.TWO,上櫃,409.423616,426.747009,409.423616,426.747009,525863,0.8450435827
2019-06-19,4966,4966.TWO,上櫃,430.972159,442.802767,428.437028,436.042419,569956,0.8450434485
2019-06-20,4966,4966.TWO,上櫃,435.197364,437.732495,431.817191,436.887451,243130,0.8450434259
2019-06-21,4966,4966.TWO,上櫃,439.422572,444.492833,435.197355,441.957703,374056,0.8450434085
2019-06-24,4966,4966.TWO,上櫃,441.957735,441.957735,432.662257,435.197388,197407,0.8450434713
2019-06-25,4966,4966.TWO,上櫃,435.197407,436.04245,423.366798,425.056885,198305,0.8450435085
2019-06-26,4966,4966.TWO,上櫃,421.676711,427.592015,420.831667,425.056885,200105,0.8450435085
2019-06-27,4966,4966.TWO,上櫃,427.591978,434.352325,425.901891,434.352325,220170,0.8450434347
2019-06-28,4966,4966.TWO,上櫃,436.042431,448.718083,436.042431,446.182953,400260,0.8450434714
2019-07-01,4966,4966.TWO,上櫃,455.478394,458.013524,449.56309,455.478394,390094,0.8450434018
2019-07-02,4966,4966.TWO,上櫃,452.943317,457.168535,451.25323,453.788361,162963,0.845043502
2019-07-03,4966,4966.TWO,上櫃,451.253125,453.788255,440.267562,443.647736,207000,0.8450433059
2019-07-04,4966,4966.TWO,上櫃,446.183005,447.028049,438.577613,440.2677,137000,0.8450435704
2019-07-05,4966,4966.TWO,上櫃,440.267649,445.337909,435.197388,435.197388,220000,0.8450434713
2019-07-08,4966,4966.TWO,上櫃,435.197303,447.872952,435.197303,443.647736,281000,0.8450433059
2019-07-09,4966,4966.TWO,上櫃,447.872952,455.478342,443.647736,443.647736,695000,0.8450433059
2019-07-10,4966,4966.TWO,上櫃,453.788358,453.788358,446.182967,449.563141,193000,0.8450434979
2019-07-11,4966,4966.TWO,上櫃,452.098214,452.098214,442.802737,447.027954,369989,0.8450433915
2019-07-12,4966,4966.TWO,上櫃,452.098204,452.098204,441.11264,441.11264,255898,0.8450433724
2019-07-15,4966,4966.TWO,上櫃,444.492833,444.492833,437.732486,441.957703,269155,0.8450434085
2019-07-16,4966,4966.TWO,上櫃,446.182974,454.633409,446.182974,451.253235,603610,0.845043511
2019-07-17,4966,4966.TWO,上櫃,452.943298,455.478429,449.563124,452.943298,343560,0.8450434671
2019-07-18,4966,4966.TWO,上櫃,453.788344,453.788344,446.182953,446.182953,211400,0.8450434714
2019-07-19,4966,4966.TWO,上櫃,452.098278,454.633409,448.718104,451.253235,305063,0.845043511
2019-07-22,4966,4966.TWO,上櫃,454.633423,456.32351,449.563162,454.633423,398125,0.8450435369
2019-07-23,4966,4966.TWO,上櫃,456.323461,471.534243,452.943287,464.773895,1077008,0.8450434459
2019-07-24,4966,4966.TWO,上櫃,463.083829,467.309047,458.013569,458.858612,542564,0.8450434845
2019-07-25,4966,4966.TWO,上櫃,458.858638,462.238812,454.63342,461.393768,481814,0.8450435317
2019-07-26,4966,4966.TWO,上櫃,461.393778,461.393778,452.098299,456.323517,346912,0.8450435497
2019-07-29,4966,4966.TWO,上櫃,456.323446,458.858576,448.718055,450.408142,259727,0.8450434186
2019-07-30,4966,4966.TWO,上櫃,455.478424,455.478424,433.507294,433.507294,698278,0.8450434575
2019-07-31,4966,4966.TWO,上櫃,436.042408,441.112668,434.352321,436.887451,515021,0.8450434259
2019-08-01,4966,4966.TWO,上櫃,433.507353,449.563181,432.66231,444.49292,405927,0.845043574
2019-08-02,4966,4966.TWO,上櫃,441.957756,451.253235,434.352365,451.253235,829681,0.845043511
2019-08-05,4966,4966.TWO,上櫃,451.25318,451.25318,437.732486,441.957703,581775,0.8450434085
2019-08-06,4966,4966.TWO,上櫃,432.662308,442.802831,432.662308,440.2677,589621,0.8450435704
2019-08-07,4966,4966.TWO,上櫃,443.647818,447.027992,436.042427,437.732513,462491,0.8450434622
2019-08-08,4966,4966.TWO,上櫃,441.957684,448.718031,439.422554,441.11264,350343,0.8450433724
2019-08-12,4966,4966.TWO,上櫃,441.112664,447.873011,439.422577,439.422577,389710,0.8450434171
2019-08-13,4966,4966.TWO,上櫃,439.42265,442.802824,436.042476,438.577606,225975,0.8450435572
2019-08-14,4966,4966.TWO,上櫃,446.182866,449.563039,443.647736,443.647736,362625,0.8450433059
2019-08-15,4966,4966.TWO,上櫃,437.73249,442.802751,436.042403,439.422577,145356,0.8450434171
2019-08-16,4966,4966.TWO,上櫃,442.802833,447.028051,437.732571,444.49292,291917,0.845043574
2019-08-19,4966,4966.TWO,上櫃,445.337921,475.759486,445.337921,467.309052,1192382,0.8450434928
2019-08-20,4966,4966.TWO,上櫃,468.154067,479.139632,467.309024,471.534241,599383,0.8450434422
2019-08-21,4966,4966.TWO,上櫃,473.224363,477.449581,467.309058,468.999146,310851,0.8450435054
2019-08-22,4966,4966.TWO,上櫃,473.22436,490.12523,470.68923,486.745056,1067062,0.8450435003
2019-08-23,4966,4966.TWO,上櫃,489.28018,504.490962,479.984701,485.054962,1018367,0.8450434881
2019-08-26,4966,4966.TWO,上櫃,477.551028,477.551028,463.734,464.597565,503216,0.8635642466
2019-08-27,4966,4966.TWO,上櫃,472.369595,478.414544,466.324646,466.324646,604091,0.8635641593
2019-08-28,4966,4966.TWO,上櫃,472.369511,473.233075,464.597435,465.460999,347385,0.8635640047
2019-08-29,4966,4966.TWO,上櫃,469.778886,470.64245,464.597501,468.051758,281532,0.8635641288
2019-08-30,4966,4966.TWO,上櫃,473.233157,474.960285,467.188208,469.7789,295314,0.8635641547
2019-09-02,4966,4966.TWO,上櫃,469.778908,471.506037,465.461088,468.915344,306805,0.8635641699
2019-09-03,4966,4966.TWO,上櫃,472.369554,476.687374,466.324605,470.642426,437316,0.8635640836
2019-09-04,4966,4966.TWO,上櫃,471.506031,473.233159,465.461082,466.324646,284876,0.8635641593
2019-09-05,4966,4966.TWO,上櫃,477.550986,480.141678,464.597523,468.915344,524740,0.8635641699
2019-09-06,4966,4966.TWO,上櫃,468.915358,469.778922,460.279716,461.14328,256880,0.8635641948
2019-09-10,4966,4966.TWO,上櫃,468.915333,468.915333,462.006819,463.733948,284226,0.8635641485
2019-09-11,4966,4966.TWO,上櫃,462.006743,465.460999,462.006743,465.460999,139300,0.8635640047
2019-09-12,4966,4966.TWO,上櫃,470.642523,476.687472,466.324701,473.233215,444901,0.8635642616
2019-09-16,4966,4966.TWO,上櫃,470.642523,473.233215,468.915394,473.233215,159573,0.8635642616
2019-09-17,4966,4966.TWO,上櫃,473.233138,480.141651,473.233138,474.960266,324504,0.8635641202
2019-09-18,4966,4966.TWO,上櫃,475.823886,475.823886,470.6425,472.369629,211082,0.863564221
2019-09-19,4966,4966.TWO,上櫃,472.369574,479.278087,472.369574,474.960266,315740,0.8635641202
2019-09-20,4966,4966.TWO,上櫃,477.55098,480.141673,466.324646,466.324646,453000,0.8635641593
2019-09-23,4966,4966.TWO,上櫃,467.188197,474.09671,464.597505,474.09671,284279,0.8635641352
2019-09-24,4966,4966.TWO,上櫃,472.369574,474.960266,469.778881,474.960266,213390,0.8635641202
2019-09-25,4966,4966.TWO,上櫃,474.096746,475.823874,467.188232,467.188232,140235,0.8635642004
2019-09-26,4966,4966.TWO,上櫃,468.051733,472.369554,468.051733,470.642426,246355,0.8635640836
2019-09-27,4966,4966.TWO,上櫃,468.051774,469.778903,465.461082,466.324646,147275,0.8635641593
2019-10-01,4966,4966.TWO,上櫃,471.506042,473.233171,468.051786,471.506042,213770,0.8635641804
2019-10-02,4966,4966.TWO,上櫃,471.506007,478.41452,469.778879,478.41452,207993,0.863564116
2019-10-03,4966,4966.TWO,上櫃,478.41452,479.278084,475.823828,478.41452,122750,0.863564116
2019-10-04,4966,4966.TWO,上櫃,481.005256,504.321489,481.005256,502.59436,1292429,0.863564193
2019-10-07,4966,4966.TWO,上櫃,505.185025,510.36641,495.685819,499.140076,355802,0.8635641448
2019-10-08,4966,4966.TWO,上櫃,494.82224,500.867189,481.005214,487.913727,673278,0.8635641182
2019-10-09,4966,4966.TWO,上櫃,487.913733,487.913733,467.188194,468.051758,563673,0.8635641288
2019-10-14,4966,4966.TWO,上櫃,473.233118,479.278066,468.051733,470.642426,618927,0.8635640836
2019-10-15,4966,4966.TWO,上櫃,473.233182,473.233182,464.59754,467.188232,613049,0.8635642004
2019-10-16,4966,4966.TWO,上櫃,473.233165,475.823858,467.188216,468.915344,472532,0.8635641699
2019-10-17,4966,4966.TWO,上櫃,471.506087,475.823908,468.915394,473.233215,356473,0.8635642616
2019-10-18,4966,4966.TWO,上櫃,473.233127,495.685793,471.505998,492.231537,1113186,0.8635640998
2019-10-21,4966,4966.TWO,上櫃,492.231572,497.412957,485.323059,485.323059,293063,0.8635641621
2019-10-22,4966,4966.TWO,上櫃,485.323073,487.050201,476.687431,477.550995,303336,0.863564186
2019-10-23,4966,4966.TWO,上櫃,478.414573,488.777344,478.414573,488.777344,390836,0.8635642116
2019-10-24,4966,4966.TWO,上櫃,496.549341,496.549341,487.050136,493.958649,625328,0.8635640711
2019-10-25,4966,4966.TWO,上櫃,493.958727,506.91219,493.958727,501.730804,611520,0.8635642073
2019-10-28,4966,4966.TWO,上櫃,507.775685,512.093506,506.912121,512.093506,702188,0.8635640908
2019-10-29,4966,4966.TWO,上櫃,512.09366,519.002175,509.502967,518.138611,873640,0.8635643514
2019-10-30,4966,4966.TWO,上櫃,513.820684,519.002069,507.775735,516.411377,577336,0.8635641755
2019-10-31,4966,4966.TWO,上櫃,512.957072,517.274893,502.594303,508.639252,804812,0.8635640946
2019-11-01,4966,4966.TWO,上櫃,508.639255,513.820639,481.005204,492.231537,1638461,0.8635640998
2019-11-04,4966,4966.TWO,上櫃,495.685745,519.001973,495.685745,510.366333,1260000,0.8635640152
2019-11-05,4966,4966.TWO,上櫃,512.957225,522.456433,509.502967,518.138611,820000,0.8635643514
2019-11-06,4966,4966.TWO,上櫃,512.09366,519.002175,510.366532,518.138611,558000,0.8635643514
2019-11-07,4966,4966.TWO,上櫃,508.639244,512.0935,503.457859,509.502808,410000,0.8635640807
2019-11-08,4966,4966.TWO,上櫃,506.048562,510.366382,502.594305,505.184998,372300,0.8635640984
2019-11-11,4966,4966.TWO,上櫃,500.867177,512.09351,500.867177,505.184998,464000,0.8635640984
2019-11-12,4966,4966.TWO,上櫃,511.23,511.23,503.457922,506.048615,362000,0.8635641886
2019-11-13,4966,4966.TWO,上櫃,505.18505,516.411385,505.18505,506.048615,428000,0.8635641886
2019-11-14,4966,4966.TWO,上櫃,510.366393,511.229957,498.276495,500.867188,440000,0.8635641164
2019-11-15,4966,4966.TWO,上櫃,505.185003,514.684209,505.185003,507.775696,274479,0.8635641085
2019-11-18,4966,4966.TWO,上櫃,512.093529,526.774119,511.229965,522.456299,974000,0.8635641303
2019-11-19,4966,4966.TWO,上櫃,529.364813,556.998865,528.501249,531.955505,1934000,0.8635641321
2019-11-20,4966,4966.TWO,上櫃,531.955446,531.955446,510.366345,515.547729,1059000,0.863564036
2019-11-21,4966,4966.TWO,上櫃,511.229957,512.093521,495.685803,500.867188,1047000,0.8635641164
2019-11-22,4966,4966.TWO,上櫃,504.321444,511.229957,497.412931,500.867188,853070,0.8635641164
2019-11-25,4966,4966.TWO,上櫃,505.185003,509.502824,504.321439,507.775696,339000,0.8635641085
2019-11-26,4966,4966.TWO,上櫃,512.093429,516.411249,509.502737,513.820557,369000,0.8635639607
2019-11-27,4966,4966.TWO,上櫃,517.27498,528.501315,515.547851,525.047058,638000,0.8635642403
2019-11-28,4966,4966.TWO,上櫃,527.637668,533.682617,524.183412,533.682617,544000,0.8635641055
2019-11-29,4966,4966.TWO,上櫃,533.682557,533.682557,517.274841,517.274841,264752,0.8635640089
2019-12-02,4966,4966.TWO,上櫃,517.274884,519.002013,506.912115,509.502808,204000,0.8635640807
2019-12-03,4966,4966.TWO,上櫃,512.093453,512.093453,502.594249,511.229889,381000,0.8635640015
2019-12-04,4966,4966.TWO,上櫃,507.77569,512.09351,505.184998,505.184998,231000,0.8635640984
2019-12-05,4966,4966.TWO,上櫃,508.639173,514.684121,506.048481,513.820557,275000,0.8635639607
2019-12-06,4966,4966.TWO,上櫃,517.274893,518.138457,506.048559,508.639252,303672,0.8635640946
2019-12-09,4966,4966.TWO,上櫃,511.229955,512.957083,503.457878,504.321442,320000,0.8635641124
2019-12-10,4966,4966.TWO,上櫃,502.594305,510.366382,502.594305,505.184998,142000,0.8635640984
2019-12-11,4966,4966.TWO,上櫃,505.185043,518.138505,502.59435,516.411377,504000,0.8635641755
2019-12-12,4966,4966.TWO,上櫃,522.456196,522.456196,509.502737,513.820557,379000,0.8635639607
2019-12-13,4966,4966.TWO,上櫃,517.27498,533.682701,512.093595,525.047058,968564,0.8635642403
2019-12-16,4966,4966.TWO,上櫃,526.77408,533.682593,520.729132,523.319824,467000,0.8635640664
2019-12-17,4966,4966.TWO,上櫃,526.774076,531.955461,524.183384,530.228333,504000,0.8635640595
2019-12-18,4966,4966.TWO,上櫃,534.546237,537.136929,525.910595,531.09198,543000,0.8635641951
2019-12-19,4966,4966.TWO,上櫃,535.409732,535.409732,519.002014,519.002014,309000,0.8635640835
2019-12-20,4966,4966.TWO,上櫃,525.91069,525.91069,517.275046,518.138611,262594,0.8635643514
2019-12-23,4966,4966.TWO,上櫃,522.456433,522.456433,518.138611,518.138611,104000,0.8635643514
2019-12-24,4966,4966.TWO,上櫃,523.319835,526.774091,519.002014,519.002014,180000,0.8635640835
2019-12-25,4966,4966.TWO,上櫃,518.138405,521.592661,515.547713,517.274841,124000,0.8635640089
2019-12-26,4966,4966.TWO,上櫃,520.729209,525.910594,516.411388,521.592773,135000,0.8635641944
2019-12-27,4966,4966.TWO,上櫃,523.319824,526.77408,522.45626,523.319824,86117,0.8635640664
2019-12-30,4966,4966.TWO,上櫃,523.319863,525.046991,519.002042,522.456299,104000,0.8635641303
2019-12-31,4966,4966.TWO,上櫃,526.774159,535.409801,526.774159,531.09198,556370,0.8635641951
2020-01-02,4966,4966.TWO,上櫃,530.228415,530.228415,519.865645,521.592773,575000,0.8635641944
2020-01-03,4966,4966.TWO,上櫃,525.04697,525.910534,507.775688,508.639252,660549,0.8635640946
2020-01-06,4966,4966.TWO,上櫃,508.639386,509.502951,493.095229,494.822357,543000,0.8635643232
2020-01-07,4966,4966.TWO,上櫃,500.00369,508.639332,494.822304,503.457947,620000,0.8635642312
2020-01-08,4966,4966.TWO,上櫃,494.822228,506.048562,494.822228,505.184998,357000,0.8635640984
2020-01-09,4966,4966.TWO,上櫃,509.502924,509.502924,504.321539,506.912231,273000,0.8635642784
2020-01-10,4966,4966.TWO,上櫃,514.684211,527.637673,513.820647,526.774109,926000,0.8635641129
2020-01-13,4966,4966.TWO,上櫃,534.546206,553.544617,532.819077,553.544617,1480000,0.8635641446
2020-01-14,4966,4966.TWO,上櫃,553.544514,553.544514,543.181747,544.908875,609000,0.863563985
2020-01-15,4966,4966.TWO,上櫃,544.909013,546.636142,535.409807,543.181885,547000,0.8635642047
2020-01-16,4966,4966.TWO,上櫃,543.181781,555.271678,539.727525,550.953857,1695000,0.8635640398
2020-01-17,4966,4966.TWO,上櫃,550.95388,559.589521,549.226752,551.817444,873781,0.8635640749
2020-01-20,4966,4966.TWO,上櫃,555.271769,586.360079,554.408205,582.905823,1319222,0.8635641819
2020-01-30,4966,4966.TWO,上櫃,556.998827,559.589519,538.863981,542.318237,910000,0.8635640721
2020-01-31,4966,4966.TWO,上櫃,535.409802,556.998907,531.955545,550.090393,773771,0.8635641963
2020-02-03,4966,4966.TWO,上櫃,538.000409,538.000409,521.592692,530.228333,631000,0.8635640595
2020-02-04,4966,4966.TWO,上櫃,533.682623,546.636085,533.682623,536.273315,468000,0.863564115
2020-02-05,4966,4966.TWO,上櫃,544.045392,557.862418,533.682623,536.273315,836000,0.863564115
2020-02-06,4966,4966.TWO,上櫃,542.318225,563.043762,542.318225,563.043762,813000,0.8635640525
2020-02-07,4966,4966.TWO,上櫃,563.043762,563.043762,563.043762,563.043762,0,0.8635640525
2020-02-10,4966,4966.TWO,上櫃,567.361728,576.860935,562.180342,563.907471,903215,0.8635642737
2020-02-11,4966,4966.TWO,上櫃,571.679385,582.905717,566.498,581.178589,1043000,0.8635640251
2020-02-12,4966,4966.TWO,上櫃,585.496445,607.085547,585.496445,596.722778,1670000,0.8635640786
2020-02-13,4966,4966.TWO,上櫃,603.631228,617.448252,603.631228,613.130432,1647000,0.8635639889
2020-02-14,4966,4966.TWO,上櫃,639.037472,664.944397,626.08401,664.944397,3910927,0.8635641519
2020-02-17,4966,4966.TWO,上櫃,645.945853,649.400109,628.674573,633.855957,1465000,0.8635639742
2020-02-18,4966,4966.TWO,上櫃,630.401778,654.581572,628.67465,632.128906,1397000,0.8635640796
2020-02-19,4966,4966.TWO,上櫃,641.628268,649.400346,632.992625,647.673218,920000,0.8635642904
2020-02-20,4966,4966.TWO,上櫃,647.673134,667.53511,637.310364,637.310364,1157000,0.8635641785
2020-02-21,4966,4966.TWO,上櫃,639.037548,649.400319,632.992598,634.719727,833078,0.8635642538
2020-02-24,4966,4966.TWO,上櫃,622.62971,629.538223,617.448326,618.31189,863000,0.8635640917
2020-02-25,4966,4966.TWO,上櫃,608.812612,620.902508,604.494792,613.130432,1209000,0.8635639889
2020-02-26,4966,4966.TWO,上櫃,618.31188,628.674649,591.541394,596.722778,1745000,0.8635640786
2020-02-27,4966,4966.TWO,上櫃,607.085584,608.812713,575.997276,576.86084,1082000,0.8635641315
2020-03-02,4966,4966.TWO,上櫃,566.498164,579.451628,563.907471,563.907471,1185000,0.8635642737
2020-03-03,4966,4966.TWO,上櫃,585.496401,597.586298,580.315017,594.995605,1519000,0.8635640137
2020-03-04,4966,4966.TWO,上櫃,589.81429,592.404982,567.361623,571.679443,1421000,0.8635641138
2020-03-05,4966,4966.TWO,上櫃,593.268637,627.811207,593.268637,622.629822,3245000,0.8635642466
2020-03-06,4966,4966.TWO,上櫃,614.857672,625.220442,608.812723,617.448364,1366000,0.8635641458
2020-03-09,4966,4966.TWO,上櫃,604.494899,607.949156,575.997283,588.950745,1544000,0.8635641417
2020-03-10,4966,4966.TWO,上櫃,591.541426,597.586375,573.40658,593.268555,1419000,0.8635641262
2020-03-11,4966,4966.TWO,上櫃,599.313461,606.221973,574.270103,575.133667,1131000,0.8635640646
2020-03-12,4966,4966.TWO,上櫃,566.498039,571.679423,518.13845,519.002014,1974000,0.8635640835
2020-03-13,4966,4966.TWO,上櫃,519.002014,519.002014,519.002014,519.002014,0,0.8635640835
2020-03-16,4966,4966.TWO,上櫃,501.730741,540.591126,500.867177,505.184998,2254000,0.8635640984
2020-03-17,4966,4966.TWO,上櫃,492.231523,522.456265,482.732318,490.504395,1581000,0.8635640749
2020-03-18,4966,4966.TWO,上櫃,504.321442,522.456288,498.276493,504.321442,1729000,0.8635641124
2020-03-19,4966,4966.TWO,上櫃,504.321496,505.18506,454.234772,454.234772,1378000,0.8635642048
2020-03-20,4966,4966.TWO,上櫃,474.096679,493.958653,470.642423,487.05014,1684000,0.8635640787
2020-03-23,4966,4966.TWO,上櫃,465.461079,479.278106,452.507617,469.7789,1109000,0.8635641547
2020-03-24,4966,4966.TWO,上櫃,483.595938,516.411377,483.595938,516.411377,990000,0.8635641755
2020-03-25,4966,4966.TWO,上櫃,556.135319,556.135319,535.409779,539.7276,1026000,0.8635641602
2020-03-26,4966,4966.TWO,上櫃,547.499657,557.862427,528.501246,557.862427,1018000,0.8635641281
2020-03-27,4966,4966.TWO,上櫃,570.816027,582.905927,537.137018,544.045532,1232000,0.8635643369
2020-03-30,4966,4966.TWO,上櫃,536.273318,556.998857,535.409754,555.271729,981000,0.863564119
2020-03-31,4966,4966.TWO,上櫃,573.406558,588.087148,545.772507,556.99884,1609000,0.8635640935
2020-04-01,4966,4966.TWO,上櫃,563.907404,564.770968,550.953941,561.316711,461000,0.8635641714
2020-04-06,4966,4966.TWO,上櫃,569.08875,569.952314,557.862416,562.180237,623000,0.8635641119
2020-04-07,4966,4966.TWO,上櫃,577.724301,586.35994,568.225097,584.632812,1456000,0.8635639771
2020-04-08,4966,4966.TWO,上櫃,575.997175,594.995583,574.270047,594.132019,1106000,0.8635639812
2020-04-09,4966,4966.TWO,上櫃,596.722895,597.58646,564.771018,565.634583,1135000,0.8635642481
2020-04-10,4966,4966.TWO,上櫃,569.952393,575.133778,565.634571,569.952393,525000,0.8635642312
2020-04-13,4966,4966.TWO,上櫃,569.952315,576.860828,566.498059,571.679443,376000,0.8635641138
2020-04-14,4966,4966.TWO,上櫃,577.724426,591.541453,574.27017,577.724426,663000,0.8635641648
2020-04-15,4966,4966.TWO,上櫃,585.496432,588.950688,581.178611,582.042175,418000,0.8635640583
2020-04-16,4966,4966.TWO,上櫃,582.042281,602.767822,582.042281,583.769409,1021000,0.8635642148
2020-04-17,4966,4966.TWO,上櫃,595.859237,601.904185,590.677852,597.586365,1180000,0.8635641109
2020-04-20,4966,4966.TWO,上櫃,598.44988,602.7677,589.81424,602.7677,744000,0.8635640404
2020-04-21,4966,4966.TWO,上櫃,599.313484,620.039022,596.722792,611.403381,1730000,0.8635640979
2020-04-22,4966,4966.TWO,上櫃,611.403323,620.902527,601.904119,620.902527,906000,0.8635640151
2020-04-23,4966,4966.TWO,上櫃,620.902527,620.902527,620.902527,620.902527,0,0.8635640151
2020-04-24,4966,4966.TWO,上櫃,617.448403,645.946022,613.130582,626.084045,1560000,0.8635642006
2020-04-27,4966,4966.TWO,上櫃,626.08395,633.856027,618.311873,620.039001,857000,0.8635640689
2020-04-28,4966,4966.TWO,上櫃,622.629789,626.084045,603.631376,626.084045,992000,0.8635642006
2020-04-29,4966,4966.TWO,上櫃,626.084051,636.446822,620.902666,628.674744,643000,0.8635642083
2020-04-30,4966,4966.TWO,上櫃,632.992543,638.173928,626.084029,637.310364,625000,0.8635641785
2020-05-04,4966,4966.TWO,上櫃,632.128932,669.262189,631.265368,661.490112,2378000,0.8635641153
2020-05-05,4966,4966.TWO,上櫃,661.490112,677.89783,659.762984,661.490112,1276000,0.8635641153
2020-05-06,4966,4966.TWO,上櫃,662.35368,664.080808,636.446756,645.082397,933000,0.8635641198
2020-05-07,4966,4966.TWO,上櫃,652.85457,658.89952,646.80962,651.127441,635000,0.8635642459
2020-05-08,4966,4966.TWO,上櫃,657.172223,676.170632,654.581531,675.307068,1179000,0.8635640254
2020-05-11,4966,4966.TWO,上櫃,676.170728,690.851318,667.535086,690.851318,1049000,0.8635641479
2020-05-12,4966,4966.TWO,上櫃,685.669865,693.441942,673.579968,678.761353,751000,0.8635640618
2020-05-13,4966,4966.TWO,上櫃,671.852913,693.442017,671.852913,693.442017,658000,0.8635641552
2020-05-14,4966,4966.TWO,上櫃,695.169125,725.393869,690.851304,711.576843,1560000,0.8635641302
2020-05-15,4966,4966.TWO,上櫃,725.39386,770.299194,712.440398,770.299194,2698000,0.8635641192
2020-05-18,4966,4966.TWO,上櫃,759.072925,766.845003,734.029563,734.893127,1426000,0.8635641921
2020-05-19,4966,4966.TWO,上櫃,749.573665,783.252666,746.982972,756.482178,1808000,0.8635641298
2020-05-20,4966,4966.TWO,上櫃,765.981367,778.071264,742.665136,758.20929,1152000,0.8635641111
2020-05-21,4966,4966.TWO,上櫃,766.844791,771.162611,743.528564,743.528564,712000,0.8635639541
2020-05-22,4966,4966.TWO,上櫃,743.528652,750.437164,734.029447,737.483704,709000,0.8635640558
2020-05-25,4966,4966.TWO,上櫃,751.300859,771.162836,745.25591,768.572144,1088000,0.8635642062
2020-05-26,4966,4966.TWO,上櫃,775.480569,841.975006,770.299185,819.522339,2135000,0.8635641084
2020-05-27,4966,4966.TWO,上櫃,828.157912,851.474141,781.525454,791.024658,1817000,0.8635640373
2020-05-28,4966,4966.TWO,上櫃,793.615401,795.342529,759.936401,759.936401,1607000,0.8635640925
2020-05-29,4966,4966.TWO,上櫃,766.844894,773.753407,742.6651,742.6651,1419000,0.8635640699
2020-06-01,4966,4966.TWO,上櫃,762.527127,784.11623,747.846536,756.482178,1663000,0.8635641298
2020-06-02,4966,4966.TWO,上櫃,765.98152,767.708649,722.803306,723.66687,1699000,0.8635642841
2020-06-03,4966,4966.TWO,上櫃,731.438898,746.11949,713.30405,728.848206,1566000,0.8635642246
2020-06-04,4966,4966.TWO,上櫃,751.30076,772.026299,741.801555,759.936401,2135000,0.8635640925
2020-06-05,4966,4966.TWO,上櫃,776.344227,776.344227,744.392351,752.164429,1217000,0.8635642121
2020-06-08,4966,4966.TWO,上櫃,764.254232,773.753438,755.618591,755.618591,1619000,0.8635641044
2020-06-09,4966,4966.TWO,上櫃,759.936513,773.75354,753.027999,773.75354,1074000,0.8635642188
2020-06-10,4966,4966.TWO,上櫃,772.889872,803.114615,772.889872,781.525513,1943000,0.8635641024
2020-06-11,4966,4966.TWO,上櫃,793.615386,859.246255,793.615386,832.475769,3630000,0.8635640758
2020-06-12,4966,4966.TWO,上櫃,803.978157,843.702105,803.114593,816.068054,1828000,0.8635640785
2020-06-15,4966,4966.TWO,上櫃,830.748615,845.429203,786.706848,786.706848,1502000,0.8635640485
2020-06-16,4966,4966.TWO,上櫃,820.38583,820.38583,798.796729,814.340881,1047000,0.8635640311
2020-06-17,4966,4966.TWO,上櫃,824.703784,826.430912,795.342602,800.523987,760000,0.8635641713
2020-06-18,4966,4966.TWO,上櫃,807.432535,857.519259,807.432535,844.565796,2119000,0.8635642085
2020-06-19,4966,4966.TWO,上櫃,854.92845,880.835373,846.29281,856.655579,1829000,0.8635640913
2020-06-22,4966,4966.TWO,上櫃,863.564091,867.881912,847.156374,856.655579,784000,0.8635640913
2020-06-23,4966,4966.TWO,上櫃,880.835441,885.153262,849.747131,849.747131,957000,0.8635641579
2020-06-24,4966,4966.TWO,上櫃,872.199776,924.013624,854.928493,893.788879,1996000,0.8635641347
2020-06-29,4966,4966.TWO,上櫃,889.471043,911.060146,854.928479,860.109863,1246000,0.8635641198
2020-06-30,4966,4966.TWO,上櫃,872.199816,880.835458,843.702199,848.02002,1056000,0.8635641747
2020-07-01,4966,4966.TWO,上櫃,857.519217,880.835449,857.519217,880.835449,697000,0.8635641659
2020-07-02,4966,4966.TWO,上櫃,902.424516,945.602722,889.471054,945.602722,1565000,0.8635641298
2020-07-03,4966,4966.TWO,上櫃,941.284861,954.238323,911.060118,936.967041,1206000,0.8635640931
2020-07-06,4966,4966.TWO,上櫃,932.649289,975.827497,919.695826,958.556213,1036000,0.8635641562
2020-07-07,4966,4966.TWO,上櫃,975.827511,988.780974,915.378019,928.331482,1495000,0.8635641692
2020-07-08,4966,4966.TWO,上櫃,928.33139,945.602671,915.377929,941.284851,922000,0.8635640836
2020-07-09,4966,4966.TWO,上櫃,1010.370133,1010.370133,971.509744,980.145386,1544000,0.8635642165
2020-07-10,4966,4966.TWO,上櫃,967.191839,975.827481,915.377991,915.377991,902000,0.8635641422
2020-07-13,4966,4966.TWO,上櫃,924.013529,932.64917,889.470968,906.742249,1008000,0.8635640462
2020-07-14,4966,4966.TWO,上櫃,906.742341,924.013624,876.517597,893.788879,1348000,0.8635641347
2020-07-15,4966,4966.TWO,上櫃,902.42451,928.331434,898.106689,898.106689,1443000,0.8635641245
2020-07-16,4966,4966.TWO,上櫃,915.378016,980.145328,915.378016,954.238403,2095000,0.8635641659
2020-07-17,4966,4966.TWO,上櫃,954.238407,958.556228,915.378019,928.331482,942000,0.8635641692
2020-07-20,4966,4966.TWO,上櫃,932.649277,932.649277,861.837017,889.471069,1631000,0.863564145
2020-07-21,4966,4966.TWO,上櫃,902.424546,941.284934,898.106726,932.649292,1213000,0.8635641593
2020-07-22,4966,4966.TWO,上櫃,945.602722,954.238363,928.33144,945.602722,538000,0.8635641298
2020-07-23,4966,4966.TWO,上櫃,958.556173,958.556173,928.331429,949.920532,560000,0.8635641202
2020-07-24,4966,4966.TWO,上櫃,945.60275,954.238392,872.199797,885.153259,1028000,0.8635641554
2020-07-27,4966,4966.TWO,上櫃,919.695782,919.695782,889.471038,902.4245,687000,0.8635641144
2020-07-28,4966,4966.TWO,上櫃,906.742336,967.191825,906.742336,945.602722,1592000,0.8635641298
2020-07-29,4966,4966.TWO,上櫃,980.145287,980.145287,919.695798,945.602722,1470000,0.8635641298
2020-07-30,4966,4966.TWO,上櫃,958.556169,1006.052196,936.967066,1001.734375,1576000,0.8635641164
2020-07-31,4966,4966.TWO,上櫃,1019.005829,1101.044434,1001.734544,1101.044434,2450000,0.8635642616
2020-08-03,4966,4966.TWO,上櫃,1118.315549,1139.904652,1027.641315,1044.912598,2001000,0.8635641303
2020-08-04,4966,4966.TWO,上櫃,1062.18396,1066.501781,1006.052287,1062.18396,1438000,0.8635641951
2020-08-05,4966,4966.TWO,上櫃,1053.548218,1075.137321,1036.276936,1053.548218,798000,0.8635641129
2020-08-06,4966,4966.TWO,上櫃,1075.137416,1092.4087,1040.594849,1040.594849,1031000,0.8635641897
2020-08-07,4966,4966.TWO,上櫃,1049.230687,1070.819796,1027.641578,1036.277222,821000,0.8635643514
2020-08-10,4966,4966.TWO,上櫃,1040.594729,1044.91255,936.967038,988.780884,1986000,0.8635640906
2020-08-11,4966,4966.TWO,上櫃,993.09878,993.09878,941.28493,958.556213,1435000,0.8635641562
2020-08-12,4966,4966.TWO,上櫃,958.556314,971.509778,898.106817,919.695923,1781000,0.8635642468
2020-08-13,4966,4966.TWO,上櫃,945.602762,984.463149,928.331478,954.238403,1338000,0.8635641659
2020-08-14,4966,4966.TWO,上櫃,941.284889,975.827454,906.742324,975.827454,921000,0.8635641182
2020-08-17,4966,4966.TWO,上櫃,980.145342,1014.68791,949.920596,997.416626,1373000,0.8635641783
2020-08-18,4966,4966.TWO,上櫃,980.145386,1006.052312,962.874101,980.145386,1430000,0.8635642165
2020-08-19,4966,4966.TWO,上櫃,997.416535,1023.323458,975.827433,984.463074,941000,0.8635640998
2020-08-20,4966,4966.TWO,上櫃,1001.734382,1006.052202,889.471046,924.013611,1509000,0.8635641223
2020-08-21,4966,4966.TWO,上櫃,945.602754,958.556217,928.331471,932.649292,728000,0.8635641593
2020-08-24,4966,4966.TWO,上櫃,941.467921,994.014968,923.952239,989.636047,814000,0.8757841127
2020-08-25,4966,4966.TWO,上櫃,1007.151648,1007.151648,972.120286,976.499207,514000,0.8757840417
2020-08-26,4966,4966.TWO,上櫃,972.120543,985.257307,928.33133,937.089172,894000,0.8757842732
2020-08-27,4966,4966.TWO,上櫃,941.468047,958.983732,923.952363,932.710205,685000,0.8757842301
2020-08-28,4966,4966.TWO,上櫃,950.225887,950.225887,897.678833,897.678833,1085000,0.8757842273
2020-08-31,4966,4966.TWO,上櫃,915.194411,923.952253,897.678729,910.815491,586000,0.8757841257
2020-09-01,4966,4966.TWO,上櫃,902.057845,958.983826,893.300002,958.983826,1002000,0.8757843157
2020-09-02,4966,4966.TWO,上櫃,985.257225,1050.94104,963.36262,1050.94104,1999000,0.8757842
2020-09-03,4966,4966.TWO,上櫃,1059.699005,1068.456848,1011.530869,1015.90979,853000,0.8757843018
2020-09-04,4966,4966.TWO,上櫃,980.878387,998.394072,945.847016,954.604858,884000,0.8757842738
2020-09-07,4966,4966.TWO,上櫃,958.983651,958.983651,874.908372,919.573364,1126000,0.8757841564
2020-09-08,4966,4966.TWO,上櫃,937.089033,937.089033,902.057667,923.952271,825000,0.8757841427
2020-09-09,4966,4966.TWO,上櫃,888.920994,932.710205,884.542072,932.710205,755000,0.8757842301
2020-09-10,4966,4966.TWO,上櫃,963.362593,1002.772881,950.22583,950.22583,1561000,0.8757841752
2020-09-11,4966,4966.TWO,上櫃,954.60483,980.878357,937.089145,980.878357,936000,0.8757842473
2020-09-14,4966,4966.TWO,上櫃,1007.151726,1011.530646,967.741441,972.120361,825000,0.8757841093
2020-09-15,4966,4966.TWO,上櫃,972.120376,998.393899,958.983614,967.741455,760000,0.8757841222
2020-09-16,4966,4966.TWO,上櫃,989.636203,1064.077864,985.257281,1033.425415,2242000,0.87578425
2020-09-17,4966,4966.TWO,上櫃,1024.667408,1046.562011,972.120361,972.120361,1389000,0.8757841093
2020-09-18,4966,4966.TWO,上櫃,976.499511,998.394119,963.362747,994.015198,1301000,0.8757843152
2020-09-21,4966,4966.TWO,上櫃,989.636198,994.01512,958.98375,963.362671,592000,0.8757842463
2020-09-22,4966,4966.TWO,上櫃,976.499322,976.499322,932.710115,941.467957,747000,0.8757841456
2020-09-23,4966,4966.TWO,上櫃,950.225776,989.636062,950.225776,985.257141,789000,0.8757841254
2020-09-24,4966,4966.TWO,上櫃,945.846909,972.120434,941.467988,950.22583,606000,0.8757841752
2020-09-25,4966,4966.TWO,上櫃,958.983729,967.741571,888.920991,897.678833,1412000,0.8757842273
2020-09-28,4966,4966.TWO,上櫃,910.81558,910.81558,873.156858,884.542053,985000,0.8757842111
2020-09-29,4966,4966.TWO,上櫃,902.05766,923.952264,888.920898,888.920898,729000,0.8757841364
2020-09-30,4966,4966.TWO,上櫃,906.436602,919.573364,888.920919,919.573364,501000,0.8757841564
2020-10-05,4966,4966.TWO,上櫃,919.573339,950.225783,910.815498,945.846863,598000,0.8757841322
2020-10-06,4966,4966.TWO,上櫃,963.362672,980.878357,950.225908,980.878357,600000,0.8757842473
2020-10-07,4966,4966.TWO,上櫃,976.499512,976.499512,950.225983,958.983826,525000,0.8757843157
2020-10-08,4966,4966.TWO,上櫃,967.741668,998.394119,958.983825,994.015198,682000,0.8757843152
2020-10-12,4966,4966.TWO,上櫃,994.014911,1020.288433,980.87815,1007.151672,832000,0.8757840629
2020-10-13,4966,4966.TWO,上櫃,1015.909504,1033.425185,972.120301,1029.046265,887000,0.875784055
2020-10-14,4966,4966.TWO,上櫃,1011.530806,1029.046491,976.499436,980.878357,885000,0.8757842473
2020-10-15,4966,4966.TWO,上櫃,980.878142,1029.046265,976.499221,1029.046265,900000,0.875784055
2020-10-16,4966,4966.TWO,上櫃,1015.909504,1050.940866,1002.772743,1029.046265,894000,0.875784055
2020-10-19,4966,4966.TWO,上櫃,1029.046347,1033.425268,972.120379,985.257141,838000,0.8757841254
2020-10-20,4966,4966.TWO,上櫃,980.878357,1002.772963,967.741593,980.878357,616000,0.8757842473
2020-10-21,4966,4966.TWO,上櫃,994.015198,1015.909806,980.878433,994.015198,930000,0.8757843152
2020-10-22,4966,4966.TWO,上櫃,998.39412,1011.530885,954.604904,958.983826,669000,0.8757843157
2020-10-23,4966,4966.TWO,上櫃,967.741592,985.257277,958.98375,963.362671,407000,0.8757842463
2020-10-26,4966,4966.TWO,上櫃,976.499465,980.878387,945.847016,954.604858,479000,0.8757842738
2020-10-27,4966,4966.TWO,上櫃,932.710296,958.983826,932.710296,958.983826,622000,0.8757843157
2020-10-28,4966,4966.TWO,上櫃,972.120365,998.393888,958.983603,989.636047,1417000,0.8757841127
2020-10-29,4966,4966.TWO,上櫃,980.878206,1007.15173,972.120365,989.636047,1667000,0.8757841127
2020-10-30,4966,4966.TWO,上櫃,980.878387,985.257308,919.573487,954.604858,4780000,0.8757842738
2020-11-02,4966,4966.TWO,上櫃,950.225936,950.225936,919.573487,937.089172,2425000,0.8757842732
2020-11-03,4966,4966.TWO,上櫃,958.983639,963.36256,941.467957,941.467957,2278000,0.8757841456
2020-11-04,4966,4966.TWO,上櫃,941.468066,980.878357,941.468066,980.878357,812000,0.8757842473
2020-11-05,4966,4966.TWO,上櫃,980.87822,1007.151744,976.4993,985.257141,1619000,0.8757841254
2020-11-06,4966,4966.TWO,上櫃,998.394119,1055.3201,985.257355,994.015198,6755000,0.8757843152
2020-11-09,4966,4966.TWO,上櫃,1015.909639,1042.183164,1015.909639,1024.66748,734000,0.8757841713
2020-11-10,4966,4966.TWO,上櫃,994.01499,1007.151752,932.710101,945.846863,1478000,0.8757841322
2020-11-11,4966,4966.TWO,上櫃,958.983732,963.362653,893.299915,932.710205,2164000,0.8757842301
2020-11-12,4966,4966.TWO,上櫃,923.952317,932.710159,902.057712,928.331238,998000,0.8757841866
2020-11-13,4966,4966.TWO,上櫃,919.57344,932.710204,910.815598,915.194519,490000,0.8757842287
2020-11-16,4966,4966.TWO,上櫃,919.573384,958.983672,919.573384,950.22583,781000,0.8757841752
2020-11-17,4966,4966.TWO,上櫃,958.983651,967.741493,910.815523,919.573364,1087000,0.8757841564
2020-11-18,4966,4966.TWO,上櫃,910.815598,923.952361,906.436677,915.194519,1039000,0.8757842287
2020-11-19,4966,4966.TWO,上櫃,919.573442,941.468047,919.573442,932.710205,682000,0.8757842301
2020-11-20,4966,4966.TWO,上櫃,941.467988,950.22583,923.952305,950.22583,728000,0.8757841752
2020-11-23,4966,4966.TWO,上櫃,958.983617,989.636062,954.604697,985.257141,1073000,0.8757841254
2020-11-24,4966,4966.TWO,上櫃,985.257308,989.636229,945.847016,954.604858,750000,0.8757842738
2020-11-25,4966,4966.TWO,上櫃,958.98373,967.741573,906.436677,915.194519,1320000,0.8757842287
2020-11-26,4966,4966.TWO,上櫃,923.952253,937.089014,902.057649,910.815491,1005000,0.8757841257
2020-11-27,4966,4966.TWO,上櫃,919.57344,928.331282,910.815598,915.194519,607000,0.8757842287
2020-11-30,4966,4966.TWO,上櫃,919.573408,923.952329,893.299883,906.436646,964000,0.8757841986
2020-12-01,4966,4966.TWO,上櫃,915.194441,915.194441,888.920916,902.057678,690000,0.8757841536
2020-12-02,4966,4966.TWO,上櫃,906.436675,915.194518,888.920991,897.678833,1088000,0.8757842273
2020-12-03,4966,4966.TWO,上櫃,902.057757,932.710205,902.057757,932.710205,767000,0.8757842301
2020-12-04,4966,4966.TWO,上櫃,941.467968,941.467968,910.815523,919.573364,966000,0.8757841564
2020-12-07,4966,4966.TWO,上櫃,923.952259,945.846863,910.815498,945.846863,837000,0.8757841322
2020-12-08,4966,4966.TWO,上櫃,937.089173,967.741623,932.710252,954.604858,770000,0.8757842738
2020-12-09,4966,4966.TWO,上櫃,967.741441,976.499282,958.9836,972.120361,615000,0.8757841093
2020-12-10,4966,4966.TWO,上櫃,972.120376,989.636058,958.983614,967.741455,864000,0.8757841222
2020-12-11,4966,4966.TWO,上櫃,985.257355,1015.909806,972.12059,994.015198,1199000,0.8757843152
2020-12-14,4966,4966.TWO,上櫃,1015.90979,1024.667633,1002.773026,1015.90979,914000,0.8757843018
2020-12-15,4966,4966.TWO,上櫃,1037.804319,1037.804319,980.878343,1002.772949,943000,0.8757842351
2020-12-16,4966,4966.TWO,上櫃,1015.909662,1099.10916,1007.15182,1090.351318,1792000,0.8757841915
2020-12-17,4966,4966.TWO,上櫃,1081.593395,1112.245839,985.257141,985.257141,2051000,0.8757841254
2020-12-18,4966,4966.TWO,上櫃,989.636079,1015.909604,976.499317,998.393921,921000,0.8757841411
2020-12-21,4966,4966.TWO,上櫃,1015.909806,1024.667649,994.015198,994.015198,502000,0.8757843152
2020-12-22,4966,4966.TWO,上櫃,989.636277,1002.773041,954.604904,958.983826,801000,0.8757843157
2020-12-23,4966,4966.TWO,上櫃,958.983672,967.741514,937.089067,950.22583,619000,0.8757841752
2020-12-24,4966,4966.TWO,上櫃,958.983672,967.741514,945.846909,950.22583,353000,0.8757841752
2020-12-25,4966,4966.TWO,上櫃,950.225937,963.362701,937.089173,954.604858,340000,0.8757842738
2020-12-28,4966,4966.TWO,上櫃,950.225936,950.225936,932.710251,937.089172,454000,0.8757842732
2020-12-29,4966,4966.TWO,上櫃,937.089218,963.362747,937.089218,958.983826,456000,0.8757843157
2020-12-30,4966,4966.TWO,上櫃,958.983526,980.878127,958.983526,976.499207,493000,0.8757840417
2020-12-31,4966,4966.TWO,上櫃,980.878202,980.878202,958.9836,972.120361,352000,0.8757841093
2021-01-04,4966,4966.TWO,上櫃,972.120355,1011.53064,954.604673,1011.53064,888000,0.8757841036
2021-01-05,4966,4966.TWO,上櫃,994.015198,1007.151962,976.499511,994.015198,854000,0.8757843152
2021-01-06,4966,4966.TWO,上櫃,998.394104,1055.320084,994.015182,1015.90979,1434000,0.8757843018
2021-01-07,4966,4966.TWO,上櫃,1033.425322,1050.941006,1015.909639,1024.66748,712000,0.8757841713
2021-01-08,4966,4966.TWO,上櫃,1050.941044,1112.245938,1037.804281,1085.972412,1676000,0.8757842033
2021-01-11,4966,4966.TWO,上櫃,1085.972363,1094.730205,1055.319917,1064.077759,772000,0.8757841636
2021-01-12,4966,4966.TWO,上櫃,1064.077778,1125.382671,1055.319937,1094.730225,1262000,0.8757841797
2021-01-13,4966,4966.TWO,上櫃,1129.761659,1164.793028,1085.972448,1147.277344,1758000,0.8757842319
2021-01-14,4966,4966.TWO,上櫃,1169.171962,1169.171962,1103.488144,1107.867065,762000,0.8757842414
2021-01-15,4966,4966.TWO,上櫃,1116.624742,1182.30855,1116.624742,1121.003662,1281000,0.875784111
2021-01-18,4966,4966.TWO,上櫃,1138.519449,1147.277291,1072.835635,1090.351318,944000,0.8757841915
2021-01-19,4966,4966.TWO,上櫃,1107.866922,1191.066414,1103.488001,1151.656128,1211000,0.8757841277
2021-01-20,4966,4966.TWO,上櫃,1151.656149,1186.687514,1125.382624,1182.308594,914000,0.8757841435
2021-01-21,4966,4966.TWO,上櫃,1177.929736,1208.582183,1160.414052,1199.824341,873000,0.8757841904
2021-01-22,4966,4966.TWO,上櫃,1195.445405,1261.129219,1186.687563,1204.203247,904000,0.8757841797
2021-01-25,4966,4966.TWO,上櫃,1191.066494,1208.582178,1164.792969,1164.792969,613000,0.875784187
2021-01-26,4966,4966.TWO,上櫃,1156.035216,1186.687665,1125.382767,1138.519531,740000,0.8757842548
2021-01-27,4966,4966.TWO,上櫃,1142.898423,1164.793028,1121.003817,1147.277344,661000,0.8757842319
2021-01-28,4966,4966.TWO,上櫃,1121.003699,1121.003699,1046.562047,1072.835571,1313000,0.8757841398
2021-01-29,4966,4966.TWO,上櫃,1090.351424,1116.624953,1059.698975,1059.698975,824000,0.8757842765
2021-02-01,4966,4966.TWO,上櫃,1077.214555,1094.730239,1046.562109,1090.351318,494000,0.8757841915
2021-02-02,4966,4966.TWO,上櫃,1103.487987,1138.519351,1077.214463,1081.593384,1130000,0.8757841164
2021-02-03,4966,4966.TWO,上櫃,1090.351486,1116.625015,1072.835799,1112.246094,636000,0.8757843258
2021-02-04,4966,4966.TWO,上櫃,1112.245938,1125.382701,1085.972412,1085.972412,627000,0.8757842033
2021-02-05,4966,4966.TWO,上櫃,1125.382813,1160.414185,1094.730363,1160.414185,1271000,0.8757842902
2021-02-17,4966,4966.TWO,上櫃,1195.445435,1234.855724,1191.066514,1195.445435,1302000,0.8757842012
2021-02-18,4966,4966.TWO,上櫃,1195.445405,1208.582168,1169.17188,1204.203247,875000,0.8757841797
2021-02-19,4966,4966.TWO,上櫃,1212.961182,1226.097945,1191.066575,1212.961182,726000,0.8757842467
2021-02-22,4966,4966.TWO,上櫃,1230.476867,1261.129315,1199.824418,1212.961182,1066000,0.8757842467
2021-02-23,4966,4966.TWO,上櫃,1182.308572,1212.961017,1121.003683,1151.656128,1413000,0.8757841277
2021-02-24,4966,4966.TWO,上櫃,1142.898339,1142.898339,1099.109131,1099.109131,822000,0.875784168
2021-02-25,4966,4966.TWO,上櫃,1121.003662,1142.898265,1103.48798,1121.003662,773000,0.875784111
2021-02-26,4966,4966.TWO,上櫃,1090.351504,1090.351504,1033.425522,1037.804443,1136000,0.8757843404
2021-03-02,4966,4966.TWO,上櫃,1072.835708,1116.624921,1068.456787,1068.456787,694000,0.8757842517
2021-03-03,4966,4966.TWO,上櫃,1099.109131,1112.245893,1064.077764,1099.109131,532000,0.875784168
2021-03-04,4966,4966.TWO,上櫃,1094.730235,1107.866998,1050.941025,1055.319946,485000,0.8757841878
2021-03-05,4966,4966.TWO,上櫃,1050.132169,1063.369129,1032.482889,1045.719849,498000,0.8824640073
2021-03-08,4966,4966.TWO,上櫃,1072.193589,1094.255185,1054.544312,1054.544312,661000,0.882463859
2021-03-09,4966,4966.TWO,上櫃,1041.307482,1045.719802,983.947325,1023.658203,786000,0.8824639682
2021-03-10,4966,4966.TWO,上櫃,1036.895001,1054.544277,1006.008766,1050.131958,818000,0.8824638303
2021-03-11,4966,4966.TWO,上櫃,1054.544277,1072.193554,1041.30732,1050.131958,470000,0.8824638303
2021-03-12,4966,4966.TWO,上櫃,1072.193658,1076.605977,1041.307421,1063.369019,463000,0.8824639158
2021-03-15,4966,4966.TWO,上櫃,1072.193609,1072.193609,1036.895054,1041.307373,384000,0.8824638755
2021-03-16,4966,4966.TWO,上櫃,1045.719464,1058.956419,1028.07019,1028.07019,397000,0.8824636828
2021-03-17,4966,4966.TWO,上櫃,1036.895108,1120.72918,1036.895108,1111.904541,998000,0.8824639214
2021-03-18,4966,4966.TWO,上櫃,1111.904541,1125.1415,1085.430623,1111.904541,595000,0.8824639214
2021-03-19,4966,4966.TWO,上櫃,1107.492319,1107.492319,1050.132159,1076.606079,829000,0.8824639993
2021-03-22,4966,4966.TWO,上櫃,1063.368965,1081.018242,1050.132007,1072.193604,242000,0.8824638712
2021-03-23,4966,4966.TWO,上櫃,1076.605873,1085.430511,1045.719639,1050.131958,484000,0.8824638303
2021-03-24,4966,4966.TWO,上櫃,1045.719639,1058.956596,1028.070362,1050.131958,355000,0.8824638303
2021-03-25,4966,4966.TWO,上櫃,1050.131958,1058.956596,1028.070362,1050.131958,370000,0.8824638303
2021-03-26,4966,4966.TWO,上櫃,1050.131992,1067.781269,1036.895034,1054.544312,550000,0.882463859
2021-03-29,4966,4966.TWO,上櫃,1067.781372,1067.781372,1050.132093,1067.781372,400000,0.8824639439
2021-03-30,4966,4966.TWO,上櫃,1067.781352,1103.079909,1063.369032,1081.018311,698000,0.882463927
2021-03-31,4966,4966.TWO,上櫃,1076.605991,1089.84295,1067.781352,1081.018311,447000,0.882463927
2021-04-01,4966,4966.TWO,上櫃,1094.255269,1094.255269,1063.369032,1081.018311,568000,0.882463927
2021-04-07,4966,4966.TWO,上櫃,1067.781181,1081.018138,1058.956543,1058.956543,385000,0.8824637858
2021-04-08,4966,4966.TWO,上櫃,1063.36895,1063.36895,1041.307354,1054.544312,702000,0.882463859
2021-04-09,4966,4966.TWO,上櫃,1054.544413,1094.25529,1023.658175,1067.781372,975000,0.8824639439
2021-04-12,4966,4966.TWO,上櫃,1067.781289,1085.430567,1032.482734,1041.307373,535000,0.8824638755
2021-04-13,4966,4966.TWO,上櫃,1032.482588,1041.307226,1014.833313,1014.833313,447000,0.8824637504
2021-04-14,4966,4966.TWO,上櫃,1019.245632,1023.65795,979.534763,1014.833313,712000,0.8824637504
2021-04-15,4966,4966.TWO,上櫃,1014.833405,1054.544277,1001.596447,1050.131958,523000,0.8824638303
2021-04-16,4966,4966.TWO,上櫃,1054.544479,1085.430719,1050.132159,1076.606079,430000,0.8824639993
2021-04-19,4966,4966.TWO,上櫃,1089.842896,1094.255215,1067.781298,1089.842896,304000,0.882463883
2021-04-20,4966,4966.TWO,上櫃,1085.430616,1089.842936,1063.369019,1063.369019,189000,0.8824639158
2021-04-21,4966,4966.TWO,上櫃,1072.193665,1072.193665,1032.482788,1032.482788,346000,0.8824639214
2021-04-22,4966,4966.TWO,上櫃,1050.131977,1067.781254,1036.89502,1036.89502,289000,0.8824638464
2021-04-23,4966,4966.TWO,上櫃,1041.307354,1067.781269,1032.482715,1054.544312,379000,0.882463859
2021-04-26,4966,4966.TWO,上櫃,1058.956809,1067.781449,1036.895209,1045.719849,392000,0.8824640073
2021-04-27,4966,4966.TWO,上櫃,1058.956809,1058.956809,1036.895209,1045.719849,326000,0.8824640073
2021-04-28,4966,4966.TWO,上櫃,1050.132067,1142.790778,1050.132067,1111.904541,1247000,0.8824639214
2021-04-29,4966,4966.TWO,上櫃,1169.264689,1222.212524,1151.615411,1222.212524,2517000,0.8824639165
2021-05-03,4966,4966.TWO,上櫃,1222.21268,1257.511241,1173.677158,1226.625,1306000,0.8824640288
2021-05-04,4966,4966.TWO,上櫃,1235.449525,1235.449525,1169.264729,1195.738647,644000,0.8824639465
2021-05-05,4966,4966.TWO,上櫃,1182.501855,1217.800418,1120.72937,1120.72937,875000,0.882464071
2021-05-06,4966,4966.TWO,上櫃,1142.790831,1213.387948,1142.790831,1182.501709,892000,0.8824639619
2021-05-07,4966,4966.TWO,上櫃,1231.037085,1297.221875,1200.15085,1275.160278,2369000,0.8824638604
2021-05-10,4966,4966.TWO,上櫃,1297.222029,1297.222029,1226.624912,1231.037231,1180000,0.8824639652
2021-05-11,4966,4966.TWO,上櫃,1208.975395,1235.449309,1173.676843,1200.150757,885000,0.8824637918
2021-05-12,4966,4966.TWO,上櫃,1182.501537,1226.624729,1085.430516,1160.439941,1272000,0.8824638338
2021-05-13,4966,4966.TWO,上櫃,1142.790684,1182.501557,1116.316768,1147.203003,684000,0.8824638484
2021-05-14,4966,4966.TWO,上櫃,1160.44005,1204.563246,1129.553813,1142.790771,731000,0.8824639162
2021-05-17,4966,4966.TWO,上櫃,1103.079792,1164.852261,1085.430516,1160.439941,686000,0.8824638338
2021-05-18,4966,4966.TWO,上櫃,1186.914008,1195.738647,1125.141532,1195.738647,1016000,0.8824639465
2021-05-19,4966,4966.TWO,上櫃,1195.738565,1213.387843,1169.264648,1169.264648,521000,0.8824638856
2021-05-20,4966,4966.TWO,上櫃,1178.089423,1226.624942,1178.089423,1186.914062,563000,0.882463987
2021-05-21,4966,4966.TWO,上櫃,1200.150933,1235.44949,1182.501655,1191.326294,676000,0.8824639214
2021-05-24,4966,4966.TWO,上櫃,1191.326281,1253.098755,1186.913961,1253.098755,605000,0.8824639119
2021-05-25,4966,4966.TWO,上櫃,1244.274024,1323.695771,1217.800109,1288.397217,1112000,0.8824638471
2021-05-26,4966,4966.TWO,上櫃,1292.809521,1345.757351,1270.747925,1270.747925,975000,0.8824638367
2021-05-27,4966,4966.TWO,上櫃,1270.748021,1319.283535,1270.748021,1314.871216,689000,0.8824639032
2021-05-28,4966,4966.TWO,上櫃,1319.283481,1354.582036,1306.046523,1323.695801,690000,0.8824638672
2021-05-31,4966,4966.TWO,上櫃,1341.345161,1350.1698,1319.283563,1350.1698,264000,0.8824639214
2021-06-01,4966,4966.TWO,上櫃,1354.582239,1363.406879,1288.397439,1301.634399,455000,0.8824639996
2021-06-02,4966,4966.TWO,上櫃,1301.634194,1323.695791,1253.098682,1275.160278,454000,0.8824638604
2021-06-03,4966,4966.TWO,上櫃,1279.572713,1319.28359,1279.572713,1306.046631,272000,0.8824639398
2021-06-04,4966,4966.TWO,上櫃,1279.572583,1288.397221,1239.861709,1257.510986,622000,0.8824638501
2021-06-07,4966,4966.TWO,上櫃,1261.923349,1314.871182,1231.037113,1310.458862,626000,0.8824638803
2021-06-08,4966,4966.TWO,上櫃,1297.221932,1350.169766,1297.221932,1345.757446,466000,0.8824638992
2021-06-09,4966,4966.TWO,上櫃,1345.757418,1345.757418,1297.221904,1310.458862,404000,0.8824638803
2021-06-10,4966,4966.TWO,上櫃,1310.459117,1350.17,1310.459117,1328.108398,374000,0.8824640521
2021-06-11,4966,4966.TWO,上櫃,1328.108319,1328.108319,1292.809759,1301.634399,307000,0.8824639996
2021-06-15,4966,4966.TWO,上櫃,1301.634257,1332.520494,1297.221938,1314.871216,328000,0.8824639032
2021-06-16,4966,4966.TWO,上櫃,1297.22193,1301.634249,1261.923374,1266.335693,390000,0.8824638978
2021-06-17,4966,4966.TWO,上櫃,1222.212428,1288.397217,1213.38779,1288.397217,787000,0.8824638471
2021-06-18,4966,4966.TWO,上櫃,1275.160278,1297.221875,1231.037085,1275.160278,606000,0.8824638604
2021-06-21,4966,4966.TWO,上櫃,1275.160283,1288.397241,1235.449409,1244.274048,290000,0.8824638637
2021-06-22,4966,4966.TWO,上櫃,1266.335574,1266.335574,1213.387745,1235.449341,366000,0.8824638149
2021-06-23,4966,4966.TWO,上櫃,1261.92334,1261.92334,1217.800146,1261.92334,629000,0.882463874
2021-06-24,4966,4966.TWO,上櫃,1270.747929,1279.572567,1231.037056,1239.861694,406000,0.8824638394
2021-06-25,4966,4966.TWO,上櫃,1248.686298,1253.098617,1231.037022,1235.449341,250000,0.8824638149
2021-06-28,4966,4966.TWO,上櫃,1231.03732,1244.274281,1213.38804,1226.625,304000,0.8824640288
2021-06-29,4966,4966.TWO,上櫃,1235.449449,1248.686407,1200.150893,1217.800171,399000,0.882463892
2021-06-30,4966,4966.TWO,上櫃,1217.800205,1231.037164,1204.563246,1222.212524,358000,0.8824639165
2021-07-01,4966,4966.TWO,上櫃,1226.62481,1244.274088,1217.800171,1217.800171,219000,0.882463892
2021-07-02,4966,4966.TWO,上櫃,1217.800198,1253.098755,1208.975559,1253.098755,448000,0.8824639119
2021-07-05,4966,4966.TWO,上櫃,1270.74794,1297.221855,1253.098663,1288.397217,518000,0.8824638471
2021-07-06,4966,4966.TWO,上櫃,1275.160434,1292.809713,1248.686515,1279.572754,432000,0.8824639682
2021-07-07,4966,4966.TWO,上櫃,1283.984985,1306.046583,1270.748027,1283.984985,241000,0.8824639075
2021-07-08,4966,4966.TWO,上櫃,1279.572754,1292.809713,1270.748114,1279.572754,186000,0.8824639682
2021-07-09,4966,4966.TWO,上櫃,1275.160332,1288.397291,1257.511054,1266.335693,212000,0.8824638978
2021-07-12,4966,4966.TWO,上櫃,1292.809672,1314.87127,1283.985032,1306.046631,302000,0.8824639398
2021-07-13,4966,4966.TWO,上櫃,1314.871132,1350.169686,1283.984898,1288.397217,540000,0.8824638471
2021-07-14,4966,4966.TWO,上櫃,1288.397345,1376.643738,1288.397345,1336.932861,851000,0.8824639349
2021-07-15,4966,4966.TWO,上櫃,1336.932695,1438.416035,1332.520376,1425.179077,1195000,0.8824638249
2021-07-16,4966,4966.TWO,上櫃,1407.529941,1464.890096,1403.117622,1411.942261,576000,0.882463913
2021-07-19,4966,4966.TWO,上櫃,1394.292943,1456.065415,1389.880624,1438.416138,561000,0.8824638882
2021-07-20,4966,4966.TWO,上櫃,1425.179226,1429.591546,1358.994432,1381.05603,740000,0.8824639171
2021-07-21,4966,4966.TWO,上櫃,1447.240718,1517.837826,1425.179122,1478.126953,1659000,0.8824638526
2021-07-22,4966,4966.TWO,上櫃,1473.714688,1526.662521,1464.890049,1469.302368,737000,0.8824638848
2021-07-23,4966,4966.TWO,上櫃,1486.951561,1491.36388,1416.354454,1442.828369,657000,0.8824638343
2021-07-26,4966,4966.TWO,上櫃,1451.653062,1579.610322,1451.653062,1544.311768,1018000,0.8824638672
2021-07-27,4966,4966.TWO,上櫃,1513.425659,1579.610455,1491.364061,1513.425659,704000,0.8824639412
2021-07-28,4966,4966.TWO,上櫃,1482.539238,1504.600834,1389.880536,1473.7146,1183000,0.8824638321
2021-07-29,4966,4966.TWO,上櫃,1491.363851,1588.434871,1491.363851,1548.723999,1082000,0.8824638171
2021-07-30,4966,4966.TWO,上櫃,1513.425503,1597.259569,1486.951587,1509.013184,1092000,0.8824638501
2021-08-02,4966,4966.TWO,上櫃,1531.074757,1561.960991,1522.250118,1553.136353,702000,0.8824638367
2021-08-03,4966,4966.TWO,上櫃,1526.66249,1579.610322,1522.250171,1544.311768,781000,0.8824638672
2021-08-04,4966,4966.TWO,上櫃,1575.197948,1610.496502,1526.662437,1553.136353,1096000,0.8824638367
2021-08-05,4966,4966.TWO,上櫃,1592.847171,1610.496447,1500.188471,1561.960938,1702000,0.8824638065
2021-08-06,4966,4966.TWO,上櫃,1588.434961,1588.434961,1517.837852,1544.311768,477000,0.8824638672
2021-08-09,4966,4966.TWO,上櫃,1526.662375,1526.662375,1473.714547,1482.539185,682000,0.8824638003
2021-08-10,4966,4966.TWO,上櫃,1486.951646,1509.013243,1438.416132,1469.302368,630000,0.8824638848
2021-08-11,4966,4966.TWO,上櫃,1469.302284,1469.302284,1403.117497,1442.828369,792000,0.8824638343
2021-08-12,4966,4966.TWO,上櫃,1420.766788,1473.714619,1411.94215,1460.477661,466000,0.8824638436
2021-08-13,4966,4966.TWO,上櫃,1464.889949,1473.714588,1411.94212,1425.179077,465000,0.8824638249
2021-08-16,4966,4966.TWO,上櫃,1429.591599,1460.477838,1420.76696,1451.653198,297000,0.8824639503
2021-08-17,4966,4966.TWO,上櫃,1464.889965,1464.889965,1416.354454,1442.828369,337000,0.8824638343
2021-08-18,4966,4966.TWO,上櫃,1425.179141,1469.302334,1411.942183,1464.890015,527000,0.8824638642
2021-08-19,4966,4966.TWO,上櫃,1469.302415,1469.302415,1394.292982,1411.942261,490000,0.882463913
2021-08-20,4966,4966.TWO,上櫃,1416.354473,1438.416069,1394.292877,1429.591431,398000,0.8824638461
2021-08-23,4966,4966.TWO,上櫃,1458.603391,1503.073007,1454.15643,1467.497314,272000,0.8893923118
2021-08-24,4966,4966.TWO,上櫃,1471.944207,1516.41382,1471.944207,1507.519897,417000,0.8893922699
2021-08-25,4966,4966.TWO,上櫃,1516.413822,1525.307745,1489.732054,1498.625977,429000,0.889392271
2021-08-26,4966,4966.TWO,上櫃,1516.413892,1516.413892,1463.050353,1467.497314,320000,0.8893923118
2021-08-27,4966,4966.TWO,上櫃,1463.050346,1494.179077,1458.603385,1494.179077,218000,0.8893923078
2021-08-30,4966,4966.TWO,上櫃,1494.179191,1534.201848,1480.838305,1520.860962,409000,0.8893923754
2021-08-31,4966,4966.TWO,上櫃,1511.966908,1556.436523,1498.626024,1556.436523,582000,0.8893922991
2021-09-01,4966,4966.TWO,上櫃,1569.777324,1707.633123,1569.777324,1676.504395,1634000,0.8893922517
2021-09-02,4966,4966.TWO,上櫃,1685.398319,1734.314893,1627.587822,1667.610474,1054000,0.8893922526
2021-09-03,4966,4966.TWO,上櫃,1680.951297,1712.080024,1640.928647,1663.163452,626000,0.8893922204
2021-09-06,4966,4966.TWO,上櫃,1667.610474,1698.739202,1658.716551,1667.610474,450000,0.8893922526
2021-09-07,4966,4966.TWO,上櫃,1663.163394,1672.057315,1596.458979,1640.928589,613000,0.8893921891
2021-09-08,4966,4966.TWO,上櫃,1632.034668,1658.716434,1609.799863,1632.034668,509000,0.8893921896
2021-09-09,4966,4966.TWO,上櫃,1645.37561,1658.716494,1609.799921,1645.37561,417000,0.8893922218
2021-09-10,4966,4966.TWO,上櫃,1654.269638,1725.421021,1645.375715,1725.421021,946000,0.8893922786
2021-09-13,4966,4966.TWO,上櫃,1698.739274,1720.974081,1618.693968,1627.587891,855000,0.88939229
2021-09-14,4966,4966.TWO,上櫃,1614.247,1667.610538,1614.247,1654.269653,390000,0.8893922867
2021-09-15,4966,4966.TWO,上櫃,1654.269473,1654.269473,1596.45898,1632.034668,592000,0.8893921896
2021-09-16,4966,4966.TWO,上櫃,1649.822702,1649.822702,1587.565242,1609.800049,683000,0.8893922922
2021-09-17,4966,4966.TWO,上櫃,1583.118276,1640.928775,1583.118276,1627.587891,634000,0.88939229
2021-09-22,4966,4966.TWO,上櫃,1578.671441,1609.800174,1574.224479,1600.90625,424000,0.8893923611
2021-09-23,4966,4966.TWO,上櫃,1640.928885,1716.527235,1636.481923,1672.057617,832000,0.8893923496
2021-09-24,4966,4966.TWO,上櫃,1689.84527,1752.102728,1672.057425,1720.973999,973000,0.8893922476
2021-09-27,4966,4966.TWO,上櫃,1734.314886,1752.102731,1703.186157,1703.186157,596000,0.8893922492
2021-09-28,4966,4966.TWO,上櫃,1694.292255,1703.186178,1565.330377,1596.459106,834000,0.8893922599
2021-09-29,4966,4966.TWO,上櫃,1525.30781,1543.095656,1467.49731,1485.285156,1452000,0.8893923091
2021-09-30,4966,4966.TWO,上櫃,1503.072819,1520.860663,1431.921443,1471.944092,1432000,0.8893922005
2021-10-01,4966,4966.TWO,上櫃,1471.944158,1480.838081,1414.133662,1440.81543,581000,0.8893922405
2021-10-04,4966,4966.TWO,上櫃,1440.815373,1454.156256,1378.557918,1409.686646,599000,0.8893922054
2021-10-05,4966,4966.TWO,上櫃,1378.55798,1423.027593,1351.876213,1396.345825,678000,0.8893922453
2021-10-06,4966,4966.TWO,上櫃,1436.368542,1471.944233,1383.005005,1383.005005,1054000,0.8893922861
2021-10-07,4966,4966.TWO,上櫃,1440.815545,1489.732122,1418.580737,1467.497314,874000,0.8893923118
2021-10-08,4966,4966.TWO,上櫃,1467.497419,1529.754886,1458.603496,1520.860962,924000,0.8893923754
2021-10-12,4966,4966.TWO,上櫃,1485.285106,1511.966874,1431.921569,1436.36853,877000,0.8893922788
2021-10-13,4966,4966.TWO,上櫃,1449.709354,1449.709354,1396.345819,1431.921509,562000,0.8893922415
2021-10-14,4966,4966.TWO,上櫃,1440.815617,1454.156502,1423.02777,1427.474731,370000,0.889392356
2021-10-15,4966,4966.TWO,上櫃,1458.603263,1534.201603,1458.603263,1511.966797,704000,0.8893922335
2021-10-18,4966,4966.TWO,上櫃,1503.072988,1556.436526,1494.179065,1547.542603,448000,0.8893923003
2021-10-19,4966,4966.TWO,上櫃,1578.671441,1632.034983,1556.436632,1600.90625,636000,0.8893923611
2021-10-20,4966,4966.TWO,上櫃,1600.90594,1667.610355,1583.118097,1640.928589,863000,0.8893921891
2021-10-21,4966,4966.TWO,上櫃,1658.716431,1680.951235,1636.481626,1658.716431,715000,0.889392188
2021-10-22,4966,4966.TWO,上櫃,1689.845459,1716.527229,1658.716727,1689.845459,776000,0.8893923468
2021-10-25,4966,4966.TWO,上櫃,1689.845283,1689.845283,1649.822632,1649.822632,413000,0.8893922544
2021-10-26,4966,4966.TWO,上櫃,1667.610355,1685.398198,1614.246823,1640.928589,525000,0.8893921891
2021-10-27,4966,4966.TWO,上櫃,1632.034899,1703.186284,1632.034899,1685.398438,737000,0.8893923153
2021-10-28,4966,4966.TWO,上櫃,1632.034988,1636.48195,1560.883599,1583.118408,1189000,0.8893923642
2021-10-29,4966,4966.TWO,上櫃,1565.330499,1600.906193,1560.883538,1587.565308,725000,0.8893923292
2021-11-01,4966,4966.TWO,上櫃,1587.565365,1627.588021,1587.565365,1600.90625,459000,0.8893923611
2021-11-02,4966,4966.TWO,上櫃,1618.693976,1632.03486,1574.224361,1592.012207,451000,0.8893922944
2021-11-03,4966,4966.TWO,上櫃,1609.800053,1614.247014,1578.671323,1592.012207,217000,0.8893922944
2021-11-04,4966,4966.TWO,上櫃,1605.353212,1623.141059,1596.459288,1600.90625,344000,0.8893923611
2021-11-05,4966,4966.TWO,上櫃,1600.906116,1680.951422,1600.906116,1654.269653,894000,0.8893922867
2021-11-08,4966,4966.TWO,上櫃,1680.951297,1680.951297,1649.822569,1663.163452,271000,0.8893922204
2021-11-09,4966,4966.TWO,上櫃,1712.080133,1756.549746,1707.633171,1743.208862,1086000,0.8893922767
2021-11-10,4966,4966.TWO,上櫃,1738.761905,1743.208866,1703.186214,1725.421021,411000,0.8893922786
2021-11-11,4966,4966.TWO,上櫃,1712.080014,1760.996586,1707.633053,1734.314819,608000,0.889392215
2021-11-12,4966,4966.TWO,上櫃,1747.655893,1796.57247,1707.633239,1712.0802,867000,0.8893923118
2021-11-15,4966,4966.TWO,上櫃,1716.527032,1792.125372,1716.527032,1756.549683,519000,0.8893922444
2021-11-16,4966,4966.TWO,上櫃,1765.443536,1858.829718,1765.443536,1814.360107,1201000,0.8893922095
2021-11-17,4966,4966.TWO,上櫃,1836.595099,1849.935984,1783.231561,1809.91333,513000,0.8893922998
2021-11-18,4966,4966.TWO,上櫃,1823.254079,1929.981147,1818.807117,1889.958496,960000,0.8893922335
2021-11-19,4966,4966.TWO,上櫃,1867.723753,1907.746405,1863.276792,1876.617676,528000,0.8893922634
2021-11-22,4966,4966.TWO,上櫃,1863.277029,1912.193609,1823.254372,1894.405762,529000,0.8893923764
2021-11-23,4966,4966.TWO,上櫃,1894.405457,1916.640263,1858.829768,1889.958496,579000,0.8893922335
2021-11-24,4966,4966.TWO,上櫃,1889.958445,1961.109822,1814.360107,1814.360107,844000,0.8893922095
2021-11-25,4966,4966.TWO,上櫃,1792.12536,1849.935856,1778.784477,1827.70105,994000,0.8893922383
2021-11-26,4966,4966.TWO,上櫃,1814.360222,1854.382874,1783.231493,1849.935913,921000,0.8893922659
2021-11-29,4966,4966.TWO,上櫃,1796.572377,1907.74641,1796.572377,1849.935913,784000,0.8893922659
2021-11-30,4966,4966.TWO,上櫃,1881.064876,1992.238923,1881.064876,1894.405762,7179000,0.8893923764
2021-12-01,4966,4966.TWO,上櫃,1894.405586,1912.193432,1832.148125,1863.276855,920000,0.8893922938
2021-12-02,4966,4966.TWO,上櫃,1858.829956,1898.852611,1832.148186,1858.829956,478000,0.8893923235
2021-12-03,4966,4966.TWO,上櫃,1863.276799,1903.299451,1841.041992,1841.041992,405000,0.8893922668
2021-12-06,4966,4966.TWO,上櫃,1841.041999,1854.382883,1792.125425,1805.466309,321000,0.8893922702
2021-12-07,4966,4966.TWO,上櫃,1805.466322,1818.807206,1716.527094,1743.208862,684000,0.8893922767
2021-12-08,4966,4966.TWO,上櫃,1769.890821,1792.12563,1729.868164,1729.868164,300000,0.8893923723
2021-12-09,4966,4966.TWO,上櫃,1769.890765,1774.337727,1680.95153,1707.633301,645000,0.8893923442
2021-12-10,4966,4966.TWO,上櫃,1707.633125,1725.42097,1658.716551,1667.610474,593000,0.8893922526
2021-12-13,4966,4966.TWO,上櫃,1672.057369,1707.633058,1645.375603,1698.739136,615000,0.8893922177
2021-12-14,4966,4966.TWO,上櫃,1680.951357,1707.633125,1623.140861,1667.610474,514000,0.8893922526
2021-12-15,4966,4966.TWO,上櫃,1658.716774,1729.868164,1649.822851,1729.868164,479000,0.8893923723
2021-12-16,4966,4966.TWO,上櫃,1760.9968,1876.617803,1752.102877,1858.829956,1054000,0.8893923235
2021-12-17,4966,4966.TWO,上櫃,1814.360292,1872.170791,1805.466369,1809.91333,572000,0.8893922998
2021-12-20,4966,4966.TWO,上櫃,1792.125376,1814.360182,1738.761841,1738.761841,425000,0.8893922459
2021-12-21,4966,4966.TWO,上櫃,1756.549798,1787.678529,1743.208914,1783.231567,302000,0.8893923029
2021-12-22,4966,4966.TWO,上櫃,1787.67846,1867.723764,1787.67846,1823.25415,341000,0.8893922685
2021-12-23,4966,4966.TWO,上櫃,1841.041996,1889.958571,1814.360228,1823.25415,357000,0.8893922685
2021-12-24,4966,4966.TWO,上櫃,1854.382817,1867.723701,1823.254089,1827.70105,152000,0.8893922383
2021-12-27,4966,4966.TWO,上櫃,1832.148011,1863.276739,1818.807127,1827.70105,147000,0.8893922383
2021-12-28,4966,4966.TWO,上櫃,1845.488948,1881.064639,1841.041987,1867.723755,175000,0.8893922642
2021-12-29,4966,4966.TWO,上櫃,1881.064637,1898.852482,1876.617676,1876.617676,131000,0.8893922634
2021-12-30,4966,4966.TWO,上櫃,1881.064697,1916.640389,1863.276851,1881.064697,290000,0.8893922919
2022-01-03,4966,4966.TWO,上櫃,1907.746534,1956.663112,1854.382994,1858.829956,486000,0.8893923235
2022-01-04,4966,4966.TWO,上櫃,1881.064716,1885.511678,1787.678525,1801.019409,345000,0.8893923008
2022-01-05,4966,4966.TWO,上櫃,1801.019416,1809.913339,1760.996762,1774.337646,356000,0.889392304
2022-01-06,4966,4966.TWO,上櫃,1738.761907,1747.655829,1685.39837,1716.5271,709000,0.8893922796
2022-01-07,4966,4966.TWO,上櫃,1743.209,1752.102923,1676.504574,1689.845459,465000,0.8893923468
2022-01-10,4966,4966.TWO,上櫃,1676.504325,1738.76178,1667.610403,1734.314819,274000,0.889392215
2022-01-11,4966,4966.TWO,上櫃,1720.97424,1738.762088,1689.845507,1729.868164,300000,0.8893923723
2022-01-12,4966,4966.TWO,上櫃,1752.102723,1792.125374,1738.761839,1747.655762,454000,0.8893922451
2022-01-13,4966,4966.TWO,上櫃,1743.208868,1752.102791,1707.633177,1716.5271,330000,0.8893922796
2022-01-14,4966,4966.TWO,上櫃,1716.527094,1743.208862,1672.05748,1743.208862,462000,0.8893922767
2022-01-17,4966,4966.TWO,上櫃,1747.655824,1765.443669,1703.18621,1743.208862,338000,0.8893922767
2022-01-18,4966,4966.TWO,上櫃,1752.102893,1823.25428,1743.20897,1796.57251,487000,0.8893923316
2022-01-19,4966,4966.TWO,上櫃,1796.572517,1814.360364,1756.549862,1769.890747,289000,0.8893923352
2022-01-20,4966,4966.TWO,上櫃,1747.655762,1756.549684,1698.739188,1747.655762,641000,0.8893922451
2022-01-21,4966,4966.TWO,上櫃,1703.186154,1729.867921,1703.186154,1720.973999,397000,0.8893922476
2022-01-24,4966,4966.TWO,上櫃,1720.97424,1734.315126,1663.163736,1729.868164,326000,0.8893923723
2022-01-25,4966,4966.TWO,上櫃,1720.973936,1743.208741,1707.633053,1734.314819,310000,0.889392215
2022-01-26,4966,4966.TWO,上櫃,1738.761894,1801.019353,1738.761894,1778.784546,385000,0.8893922729
2022-02-07,4966,4966.TWO,上櫃,1787.678426,1814.360194,1667.610472,1676.504395,1036000,0.8893922517
2022-02-08,4966,4966.TWO,上櫃,1707.633058,1738.761786,1689.845214,1698.739136,773000,0.8893922177
2022-02-09,4966,4966.TWO,上櫃,1720.974061,1743.208868,1698.739254,1716.5271,554000,0.8893922796
2022-02-10,4966,4966.TWO,上櫃,1769.890613,1885.511607,1769.890613,1832.148071,1448000,0.8893922676
2022-02-11,4966,4966.TWO,上櫃,1823.254202,1863.276855,1796.572433,1863.276855,475000,0.8893922938
2022-02-14,4966,4966.TWO,上櫃,1836.59522,1845.489144,1792.125602,1818.807373,500000,0.8893923585
2022-02-15,4966,4966.TWO,上櫃,1823.25403,1863.276679,1809.913146,1814.360107,412000,0.8893922095
2022-02-16,4966,4966.TWO,上櫃,1845.488954,1863.276799,1827.701108,1841.041992,547000,0.8893922668
2022-02-17,4966,4966.TWO,上櫃,1841.042061,1849.935984,1783.231561,1809.91333,416000,0.8893922998
2022-02-18,4966,4966.TWO,上櫃,1809.913266,1823.25415,1801.019344,1823.25415,155000,0.8893922685
2022-02-21,4966,4966.TWO,上櫃,1814.360364,1814.360364,1769.890747,1769.890747,177000,0.8893923352
2022-02-22,4966,4966.TWO,上櫃,1747.655766,1765.443611,1676.504387,1720.973999,435000,0.8893922476
2022-02-23,4966,4966.TWO,上櫃,1743.208995,1743.208995,1685.398492,1707.633301,274000,0.8893923442
2022-02-24,4966,4966.TWO,上櫃,1680.951426,1698.739272,1605.353081,1636.481812,484000,0.8893922889
2022-02-25,4966,4966.TWO,上櫃,1663.163388,1703.186036,1663.163388,1694.292114,402000,0.889392186
2022-03-01,4966,4966.TWO,上櫃,1756.549567,1760.996528,1694.292114,1694.292114,348000,0.889392186
2022-03-02,4966,4966.TWO,上櫃,1680.951408,1716.5271,1663.163563,1716.5271,190000,0.8893922796
2022-03-03,4966,4966.TWO,上櫃,1729.298094,1756.178375,1680.017578,1680.017578,351000,0.896009375
2022-03-04,4966,4966.TWO,上櫃,1697.938018,1706.898113,1626.257257,1630.737305,323000,0.8960095081
2022-03-07,4966,4966.TWO,上櫃,1594.896903,1608.337046,1482.895716,1509.776001,716000,0.8960094961
2022-03-08,4966,4966.TWO,上櫃,1505.295965,1550.096441,1469.455585,1500.815918,608000,0.8960095033
2022-03-09,4966,4966.TWO,上櫃,1527.69621,1563.53659,1505.295972,1541.136353,458000,0.8960095073
2022-03-10,4966,4966.TWO,上櫃,1617.297096,1671.057664,1612.817048,1635.217285,670000,0.8960094713
2022-03-11,4966,4966.TWO,上櫃,1612.817151,1644.177484,1594.89696,1603.857056,236000,0.8960095283
2022-03-14,4966,4966.TWO,上櫃,1608.337116,1612.817163,1559.056591,1594.896973,238000,0.8960095352
2022-03-15,4966,4966.TWO,上櫃,1568.016589,1576.976684,1438.095215,1438.095215,1079000,0.8960094797
2022-03-16,4966,4966.TWO,上櫃,1456.015412,1514.256029,1402.254843,1478.415649,1041000,0.8960094845
2022-03-17,4966,4966.TWO,上櫃,1568.016675,1608.337104,1505.296008,1514.256104,1231000,0.8960095287
2022-03-18,4966,4966.TWO,上櫃,1514.255946,1590.416748,1514.255946,1590.416748,610000,0.8960094355
2022-03-21,4966,4966.TWO,上櫃,1568.016687,1617.297211,1568.016687,1594.896973,291000,0.8960095352
2022-03-22,4966,4966.TWO,上櫃,1585.936853,1617.297186,1581.456805,1612.817139,242000,0.8960095215
2022-03-23,4966,4966.TWO,上櫃,1630.737276,1697.937988,1630.737276,1697.937988,552000,0.8960094925
2022-03-24,4966,4966.TWO,上櫃,1684.497759,1684.497759,1662.097523,1671.057617,223000,0.8960094462
2022-03-25,4966,4966.TWO,上櫃,1675.537732,1675.537732,1630.737257,1666.577637,266000,0.8960094821
2022-03-28,4966,4966.TWO,上櫃,1675.537564,1675.537564,1617.296953,1653.137329,169000,0.8960093925
2022-03-29,4966,4966.TWO,上櫃,1653.13753,1671.05772,1630.737293,1639.697388,286000,0.8960095015
2022-03-30,4966,4966.TWO,上櫃,1671.057529,1697.937811,1630.737106,1693.457764,426000,0.8960093988
2022-03-31,4966,4966.TWO,上櫃,1684.497888,1697.93803,1612.817127,1621.777222,440000,0.8960095147
2022-04-01,4966,4966.TWO,上櫃,1585.936967,1603.857158,1518.736248,1532.176392,718000,0.8960095857
2022-04-06,4966,4966.TWO,上櫃,1496.335795,1496.335795,1411.214896,1464.975464,1070000,0.896009458
2022-04-07,4966,4966.TWO,上櫃,1447.055353,1496.335876,1433.61521,1451.5354,713000,0.8960095064
2022-04-08,4966,4966.TWO,上櫃,1478.415585,1487.375679,1433.615112,1433.615112,555000,0.8960094452
2022-04-11,4966,4966.TWO,上櫃,1451.535315,1464.975457,1370.894464,1375.374512,856000,0.8960094539
2022-04-12,4966,4966.TWO,上櫃,1375.374512,1411.21489,1352.974275,1375.374512,690000,0.8960094539
2022-04-13,4966,4966.TWO,上櫃,1393.29488,1411.215071,1339.534306,1379.854736,553000,0.896009569
2022-04-14,4966,4966.TWO,上櫃,1397.77476,1402.254807,1344.014192,1366.414429,349000,0.8960094614
2022-04-15,4966,4966.TWO,上櫃,1352.974258,1352.974258,1236.493031,1245.453125,797000,0.8960094424
2022-04-18,4966,4966.TWO,上櫃,1223.052943,1290.253654,1223.052943,1249.933228,584000,0.8960094821
2022-04-19,4966,4966.TWO,上櫃,1276.81341,1299.213645,1272.333363,1281.293457,444000,0.8960094105
2022-04-20,4966,4966.TWO,上櫃,1294.733678,1308.173819,1263.373346,1267.853394,643000,0.8960094654
2022-04-21,4966,4966.TWO,上櫃,1281.293345,1294.733485,1258.893112,1272.333252,267000,0.8960093324
2022-04-22,4966,4966.TWO,上櫃,1240.972844,1281.293262,1200.652427,1236.492798,920000,0.8960092738
2022-04-25,4966,4966.TWO,上櫃,1218.572673,1218.572673,1155.85202,1182.7323,901000,0.896009318
2022-04-26,4966,4966.TWO,上櫃,1200.652746,1209.612841,1169.292413,1173.772461,650000,0.8960095122
2022-04-27,4966,4966.TWO,上櫃,1097.611569,1196.172607,1097.611569,1196.172607,742000,0.8960094438
2022-04-28,4966,4966.TWO,上櫃,1227.532979,1312.653879,1214.092837,1258.893311,1677000,0.8960094737
2022-04-29,4966,4966.TWO,上櫃,1312.653843,1384.334599,1272.333418,1285.77356,1720000,0.8960094492
2022-05-03,4966,4966.TWO,上櫃,1276.813599,1290.253742,1249.933312,1276.813599,621000,0.8960095429
2022-05-04,4966,4966.TWO,上櫃,1290.253574,1308.173762,1236.493008,1263.373291,528000,0.8960094263
2022-05-05,4966,4966.TWO,上櫃,1321.61397,1344.014207,1294.733686,1308.173828,613000,0.8960094713
2022-05-06,4966,4966.TWO,上櫃,1236.492879,1272.333252,1232.012832,1272.333252,493000,0.8960093324
2022-05-09,4966,4966.TWO,上櫃,1245.453272,1254.413368,1200.652795,1227.533081,441000,0.8960095482
2022-05-10,4966,4966.TWO,上櫃,1191.692567,1290.253607,1182.732473,1285.77356,674000,0.8960094492
2022-05-11,4966,4966.TWO,上櫃,1299.213678,1326.093961,1285.773537,1303.693726,610000,0.8960094334
2022-05-12,4966,4966.TWO,上櫃,1272.333252,1294.733485,1245.452972,1272.333252,590000,0.8960093324
2022-05-13,4966,4966.TWO,上櫃,1294.733587,1335.05401,1285.773493,1290.25354,638000,0.8960094028
2022-05-16,4966,4966.TWO,上櫃,1335.05401,1348.494151,1276.813399,1290.25354,515000,0.8960094028
2022-05-17,4966,4966.TWO,上櫃,1299.213677,1361.934337,1299.213677,1352.974243,658000,0.8960094326
2022-05-18,4966,4966.TWO,上櫃,1357.454246,1370.894387,1335.054011,1339.534058,488000,0.8960094031
2022-05-19,4966,4966.TWO,上櫃,1299.21383,1326.094116,1294.733782,1326.094116,289000,0.896009538
2022-05-20,4966,4966.TWO,上櫃,1312.653914,1375.374579,1312.653914,1370.894531,511000,0.8960094975
2022-05-23,4966,4966.TWO,上櫃,1379.854492,1388.814586,1321.613881,1330.573975,543000,0.8960094105
2022-05-24,4966,4966.TWO,上櫃,1330.574032,1335.054079,1276.813465,1285.77356,755000,0.8960094492
2022-05-25,4966,4966.TWO,上櫃,1285.773591,1312.653875,1276.813497,1308.173828,375000,0.8960094713
2022-05-26,4966,4966.TWO,上櫃,1303.693772,1321.613961,1263.373346,1267.853394,394000,0.8960094654
2022-05-27,4966,4966.TWO,上櫃,1276.81355,1321.614026,1276.81355,1312.653931,212000,0.896009509
2022-05-30,4966,4966.TWO,上櫃,1339.534134,1384.334606,1339.534134,1375.374512,459000,0.8960094539
2022-05-31,4966,4966.TWO,上櫃,1375.374672,1388.814815,1348.494385,1348.494385,948000,0.896009558
2022-06-01,4966,4966.TWO,上櫃,1379.854626,1397.774816,1357.454389,1370.894531,504000,0.8960094975
2022-06-02,4966,4966.TWO,上櫃,1344.014337,1366.414576,1339.534289,1348.494385,327000,0.896009558
2022-06-06,4966,4966.TWO,上櫃,1357.454334,1384.334618,1326.094003,1366.414429,419000,0.8960094614
2022-06-07,4966,4966.TWO,上櫃,1397.77476,1397.77476,1335.054098,1366.414429,596000,0.8960094614
2022-06-08,4966,4966.TWO,上櫃,1388.814697,1406.734887,1379.854602,1388.814697,305000,0.8960094821
2022-06-09,4966,4966.TWO,上櫃,1370.894531,1384.334674,1366.414484,1370.894531,118000,0.8960094975
2022-06-10,4966,4966.TWO,上櫃,1348.494152,1352.974199,1326.093917,1339.534058,241000,0.8960094031
2022-06-13,4966,4966.TWO,上櫃,1303.693692,1303.693692,1263.373269,1281.293457,447000,0.8960094105
2022-06-14,4966,4966.TWO,上櫃,1249.933161,1272.333397,1236.493019,1254.413208,368000,0.8960094343
2022-06-15,4966,4966.TWO,上櫃,1245.453103,1254.413198,1214.092773,1214.092773,411000,0.8960094269
2022-06-16,4966,4966.TWO,上櫃,1236.493228,1249.933372,1191.692749,1191.692749,383000,0.8960095857
2022-06-17,4966,4966.TWO,上櫃,1146.892187,1196.172711,1142.41214,1164.812378,687000,0.8960095215
2022-06-20,4966,4966.TWO,上櫃,1178.25242,1178.25242,1137.931995,1146.89209,320000,0.8960094452
2022-06-21,4966,4966.TWO,上櫃,1160.33233,1173.772473,1137.932092,1164.812378,258000,0.8960095215
2022-06-22,4966,4966.TWO,上櫃,1151.372395,1155.852443,1097.611816,1097.611816,603000,0.896009646
2022-06-23,4966,4966.TWO,上櫃,1097.611528,1128.971857,1075.211293,1084.171387,497000,0.8960094105
2022-06-24,4966,4966.TWO,上櫃,1097.611584,1115.531773,1084.171442,1088.651489,329000,0.8960094562
2022-06-27,4966,4966.TWO,上櫃,1111.051712,1164.812279,1111.051712,1146.89209,735000,0.8960094452
2022-06-28,4966,4966.TWO,上櫃,1133.451893,1133.451893,1088.651423,1093.13147,395000,0.8960094014
2022-06-29,4966,4966.TWO,上櫃,1075.211293,1088.651434,1048.33101,1084.171387,519000,0.8960094105
2022-06-30,4966,4966.TWO,上櫃,1084.171457,1084.171457,1030.410889,1030.410889,575000,0.8960094684
2022-07-01,4966,4966.TWO,上櫃,1030.410846,1052.811081,967.690186,967.690186,686000,0.8960094311
2022-07-04,4966,4966.TWO,上櫃,976.650433,1012.490815,967.690337,990.090576,616000,0.8960095712
2022-07-05,4966,4966.TWO,上櫃,1012.490571,1030.410758,954.249963,985.610291,602000,0.896009355
2022-07-06,4966,4966.TWO,上櫃,985.610474,994.570569,936.32995,940.809998,710000,0.8960095215
2022-07-07,4966,4966.TWO,上櫃,985.610468,1034.890991,976.650373,1034.890991,1270000,0.8960095162
2022-07-08,4966,4966.TWO,上櫃,1066.251119,1088.651353,1034.890792,1048.330933,953000,0.8960093441
2022-07-11,4966,4966.TWO,上櫃,1048.33109,1057.291185,1012.490711,1021.450806,348000,0.8960094787
2022-07-12,4966,4966.TWO,上櫃,972.170349,976.650397,922.889825,972.170349,1315000,0.8960095384
2022-07-13,4966,4966.TWO,上櫃,994.570501,1003.530596,891.529413,896.00946,1397000,0.8960094604
2022-07-14,4966,4966.TWO,上櫃,881.67327,936.329845,861.065054,927.369751,922000,0.8960094212
2022-07-15,4966,4966.TWO,上櫃,922.889761,985.610424,918.409714,976.65033,1100000,0.8960094767
2022-07-18,4966,4966.TWO,上櫃,981.130357,1048.331066,976.65031,1039.370972,828000,0.8960094583
2022-07-19,4966,4966.TWO,上櫃,1025.930741,1039.370882,1003.530507,1012.490601,608000,0.896009381
2022-07-20,4966,4966.TWO,上櫃,1057.29134,1075.211533,1039.371148,1043.851196,952000,0.8960096105
2022-07-21,4966,4966.TWO,上櫃,1057.291181,1075.211371,1034.890944,1070.731323,611000,0.8960094755
2022-07-22,4966,4966.TWO,上櫃,1070.731372,1070.731372,1021.450848,1034.890991,466000,0.8960095162
2022-07-25,4966,4966.TWO,上櫃,1021.450934,1039.371126,1008.01079,1016.970886,370000,0.8960095914
2022-07-26,4966,4966.TWO,上櫃,1016.970726,1025.930821,990.090443,999.050537,399000,0.8960094503
2022-07-27,4966,4966.TWO,上櫃,999.050557,1030.410889,985.610415,1030.410889,344000,0.8960094684
2022-07-28,4966,4966.TWO,上櫃,1043.85101,1048.331057,990.090443,999.050537,361000,0.8960094503
2022-07-29,4966,4966.TWO,上櫃,1012.490729,1030.410919,985.610444,1008.010681,569000,0.8960094944
2022-08-01,4966,4966.TWO,上櫃,1012.490766,1012.490766,945.290051,981.130432,1004000,0.8960095271
2022-08-02,4966,4966.TWO,上櫃,967.690175,967.690175,904.969515,927.369751,1369000,0.8960094212
2022-08-03,4966,4966.TWO,上櫃,940.809865,972.170193,918.40963,949.769958,687000,0.8960093948
2022-08-04,4966,4966.TWO,上櫃,854.793091,854.793091,854.793091,854.793091,194000,0.8960095292
2022-08-05,4966,4966.TWO,上櫃,770.56814,800.136452,769.67213,789.384338,5503000,0.8960094647
2022-08-08,4966,4966.TWO,上櫃,786.696348,815.368652,784.00832,815.368652,1116000,0.8960095081
2022-08-09,4966,4966.TWO,上櫃,807.304499,823.432669,800.136423,811.784546,968000,0.8960094326
2022-08-10,4966,4966.TWO,上櫃,795.656412,801.032469,779.528242,792.968384,881000,0.8960094732
2022-08-11,4966,4966.TWO,上櫃,804.616563,810.888629,786.696372,797.448486,996000,0.8960095352
2022-08-12,4966,4966.TWO,上櫃,803.720523,821.640713,798.344466,819.848694,890000,0.8960095015
2022-08-15,4966,4966.TWO,上櫃,822.536659,853.00098,822.536659,840.456848,1069000,0.896009433
2022-08-16,4966,4966.TWO,上櫃,849.416941,879.881262,843.144875,861.065063,1331000,0.8960094313
2022-08-17,4966,4966.TWO,上櫃,856.585078,877.193297,844.040946,869.129211,946000,0.8960094963
2022-08-18,4966,4966.TWO,上櫃,867.337224,867.337224,853.001072,854.793091,623000,0.8960095292
2022-08-19,4966,4966.TWO,上櫃,856.585041,863.753117,848.520956,851.208984,614000,0.8960094572
2022-08-22,4966,4966.TWO,上櫃,851.209079,859.273165,840.456964,844.937012,278000,0.8960095564
2022-08-23,4966,4966.TWO,上櫃,816.821356,822.303379,793.979596,797.634277,1036000,0.9136704208
2022-08-24,4966,4966.TWO,上櫃,795.806937,802.20263,766.569484,767.483154,1212000,0.9136704218
2022-08-25,4966,4966.TWO,上櫃,774.7926,840.576877,774.7926,822.303467,1396000,0.9136705187
2022-08-26,4966,4966.TWO,上櫃,826.871763,851.540865,814.080376,833.267456,917000,0.9136704562
2022-08-29,4966,4966.TWO,上櫃,798.547957,805.857321,782.101889,795.806946,685000,0.9136704315
2022-08-30,4966,4966.TWO,上櫃,801.289013,802.202684,783.929274,793.065979,465000,0.9136704827
2022-08-31,4966,4966.TWO,上櫃,786.67034,798.548057,783.015657,788.497681,486000,0.9136705454
2022-09-01,4966,4966.TWO,上櫃,780.274647,783.929329,730.936437,747.382507,891000,0.9136705469
2022-09-02,4966,4966.TWO,上櫃,760.173845,763.828527,737.332083,739.159424,358000,0.9136704868
2022-09-05,4966,4966.TWO,上櫃,740.986839,741.900509,711.74938,713.576721,518000,0.9136705777
2022-09-06,4966,4966.TWO,上櫃,713.576571,722.713275,703.526197,719.058594,481000,0.913670386
2022-09-07,4966,4966.TWO,上櫃,705.353622,709.921975,671.547814,678.857178,744000,0.9136704949
2022-09-08,4966,4966.TWO,上櫃,687.993903,694.389597,679.770869,692.562256,519000,0.9136705222
2022-09-12,4966,4966.TWO,上櫃,704.439934,718.144991,696.2169,699.871582,422000,0.9136704726
2022-09-13,4966,4966.TWO,上櫃,707.180886,717.23126,693.47583,693.47583,514000,0.9136703954
2022-09-14,4966,4966.TWO,上櫃,662.411144,705.35366,653.274439,695.303284,1181000,0.9136705436
2022-09-15,4966,4966.TWO,上櫃,698.957852,712.662908,692.56216,693.47583,733000,0.9136703954
2022-09-16,4966,4966.TWO,上櫃,685.252926,706.267349,674.288879,674.288879,530000,0.9136705683
2022-09-19,4966,4966.TWO,上櫃,679.770856,679.770856,654.188082,659.670105,705000,0.9136705055
2022-09-20,4966,4966.TWO,上櫃,669.720421,671.547762,647.79233,653.274353,383000,0.9136704238
2022-09-21,4966,4966.TWO,上櫃,647.79223,653.274252,630.432495,630.432495,773000,0.9136702828
2022-09-22,4966,4966.TWO,上櫃,621.295822,624.950503,609.418108,612.159119,1247000,0.9136703263
2022-09-23,4966,4966.TWO,上櫃,612.159203,615.813885,589.317442,595.713135,1067000,0.9136704521
2022-09-26,4966,4966.TWO,上櫃,591.144828,592.058499,569.216736,569.216736,1453000,0.913670523
2022-09-27,4966,4966.TWO,上櫃,578.353427,579.267098,556.425335,560.080017,1936000,0.913670501
2022-09-28,4966,4966.TWO,上櫃,562.821047,562.821047,539.065613,539.065613,1586000,0.9136705302
2022-09-29,4966,4966.TWO,上櫃,548.202318,559.166364,529.015237,539.065613,1426000,0.9136705302
2022-09-30,4966,4966.TWO,上櫃,525.360486,548.202247,524.446816,540.892883,1346000,0.913670411
2022-10-03,4966,4966.TWO,上櫃,540.892826,582.921661,535.410804,564.648254,1551000,0.9136703146
2022-10-04,4966,4966.TWO,上櫃,584.749101,617.641238,584.749101,611.245544,2173000,0.91367047
2022-10-05,4966,4966.TWO,上櫃,650.53337,671.547791,649.619699,671.547791,1412000,0.9136704633
2022-10-06,4966,4966.TWO,上櫃,671.547854,671.547854,613.986609,647.792419,4101000,0.9136705493
2022-10-07,4966,4966.TWO,上櫃,654.188047,681.59816,628.605274,636.828308,3033000,0.9136704564
2022-10-11,4966,4966.TWO,上櫃,612.159213,612.159213,590.231121,593.885803,1715000,0.9136704665
2022-10-12,4966,4966.TWO,上櫃,601.195165,616.727562,594.799471,600.281494,1399000,0.9136704629
2022-10-13,4966,4966.TWO,上櫃,605.763571,615.813947,574.698772,578.353455,1450000,0.9136705444
2022-10-14,4966,4966.TWO,上櫃,610.33184,635.914612,603.936147,635.914612,2276000,0.9136704193
2022-10-17,4966,4966.TWO,上櫃,620.382152,648.705933,612.15912,648.705933,1826000,0.9136703276
2022-10-18,4966,4966.TWO,上櫃,666.065795,666.065795,589.317473,624.950623,3581000,0.9136705008
2022-10-19,4966,4966.TWO,上櫃,624.950543,637.741928,613.986498,628.605225,1385000,0.9136703846
2022-10-20,4966,4966.TWO,上櫃,614.900181,656.01535,614.900181,644.137634,1675000,0.9136704032
2022-10-21,4966,4966.TWO,上櫃,644.137623,651.446986,622.209534,622.209534,1476000,0.9136703872
2022-10-24,4966,4966.TWO,上櫃,648.706017,668.806767,644.137665,656.015381,1754000,0.9136704469
2022-10-25,4966,4966.TWO,上櫃,648.706109,651.447121,625.864345,626.778015,1535000,0.913670576
2022-10-26,4966,4966.TWO,上櫃,630.432668,634.08735,604.849893,614.900269,1168000,0.9136705328
2022-10-27,4966,4966.TWO,上櫃,626.777911,653.274353,625.86424,653.274353,1452000,0.9136704238
2022-10-28,4966,4966.TWO,上櫃,644.137743,648.706095,617.641296,617.641296,1631000,0.9136705568
2022-10-31,4966,4966.TWO,上櫃,556.425232,574.698639,556.425232,556.425232,2029000,0.9136703316
2022-11-01,4966,4966.TWO,上櫃,540.8929,552.770616,527.187843,543.633911,3474000,0.9136704389
2022-11-02,4966,4966.TWO,上櫃,549.115933,597.540466,543.63391,597.540466,2561000,0.9136704378
2022-11-03,4966,4966.TWO,上櫃,584.749118,592.972152,560.080015,566.475708,3371000,0.9136704968
2022-11-04,4966,4966.TWO,上櫃,562.821064,571.95777,550.943347,559.166382,1698000,0.9136705586
2022-11-07,4966,4966.TWO,上櫃,566.475701,604.849861,566.475701,585.662781,1980000,0.9136704848
2022-11-08,4966,4966.TWO,上櫃,602.10883,630.432614,582.00808,589.317444,2555000,0.9136704556
2022-11-09,4966,4966.TWO,上櫃,598.45418,644.137705,598.45418,642.310364,2678000,0.9136705032
2022-11-10,4966,4966.TWO,上櫃,630.432578,649.619657,625.864226,644.137634,1765000,0.9136704032
2022-11-11,4966,4966.TWO,上櫃,708.094551,708.094551,668.806724,682.51178,3065000,0.9136703879
2022-11-14,4966,4966.TWO,上櫃,679.770753,718.144908,671.54772,709.921875,2310000,0.9136703668
2022-11-15,4966,4966.TWO,上櫃,709.921959,742.814097,695.303232,717.231323,3075000,0.9136704755
2022-11-16,4966,4966.TWO,上櫃,719.05872,747.382507,701.69898,747.382507,3276000,0.9136705469
2022-11-17,4966,4966.TWO,上櫃,741.900436,751.950811,710.835639,715.403992,2766000,0.9136704875
2022-11-18,4966,4966.TWO,上櫃,721.799696,735.504753,687.080217,689.821228,2688000,0.9136705007
2022-11-21,4966,4966.TWO,上櫃,697.130594,716.317674,687.080218,707.180969,1478000,0.9136705029
2022-11-22,4966,4966.TWO,上櫃,709.92191,726.367978,689.821161,709.00824,2056000,0.913670412
2022-11-23,4966,4966.TWO,上櫃,720.885942,725.454294,688.907478,693.47583,1528000,0.9136703954
2022-11-24,4966,4966.TWO,上櫃,700.785321,725.454426,696.216968,721.799744,1145000,0.9136705616
2022-11-25,4966,4966.TWO,上櫃,723.626995,736.418382,713.576621,727.281677,1466000,0.9136704488
2022-11-28,4966,4966.TWO,上櫃,721.799661,730.022695,708.094604,708.094604,805000,0.9136704574
2022-11-29,4966,4966.TWO,上櫃,707.181053,723.627124,698.044346,714.490417,938000,0.9136706106
2022-11-30,4966,4966.TWO,上櫃,714.49036,740.073135,714.49036,725.454407,1399000,0.9136705375
2022-12-01,4966,4966.TWO,上櫃,747.382414,784.842902,746.468744,765.655823,1898000,0.9136704329
2022-12-02,4966,4966.TWO,上櫃,767.483199,773.878892,760.173835,764.742188,1224000,0.9136704749
2022-12-05,4966,4966.TWO,上櫃,770.224255,775.706279,753.778186,762.001221,1239000,0.9136705284
2022-12-06,4966,4966.TWO,上櫃,767.483213,781.188271,748.296133,750.123474,1967000,0.9136704922
2022-12-07,4966,4966.TWO,上櫃,751.037131,752.864472,734.591062,740.986755,1004000,0.9136704752
2022-12-08,4966,4966.TWO,上櫃,736.418372,740.073054,719.972304,729.109009,992000,0.9136704371
2022-12-09,4966,4966.TWO,上櫃,740.073099,765.655872,734.591076,750.123474,1063000,0.9136704922
2022-12-12,4966,4966.TWO,上櫃,749.209792,749.209792,722.713348,734.591064,771000,0.9136704782
2022-12-13,4966,4966.TWO,上櫃,741.900431,746.468783,728.195374,728.195374,720000,0.9136704812
2022-12-14,4966,4966.TWO,上櫃,735.504621,775.706116,735.504621,775.706116,1062000,0.9136703365
2022-12-15,4966,4966.TWO,上櫃,785.756549,812.252991,778.447186,812.252991,2040000,0.9136704058
2022-12-16,4966,4966.TWO,上櫃,797.634386,806.771092,781.188316,788.497681,1495000,0.9136705454
2022-12-19,4966,4966.TWO,上櫃,787.583835,787.583835,756.519043,756.519043,897000,0.9136703417
2022-12-20,4966,4966.TWO,上櫃,756.519196,769.310584,741.900468,744.641479,952000,0.913670527
2022-12-21,4966,4966.TWO,上櫃,753.778201,757.432883,738.245802,747.382507,626000,0.9136705469
2022-12-22,4966,4966.TWO,上櫃,761.087566,762.914907,738.245802,747.382507,717000,0.9136705469
2022-12-23,4966,4966.TWO,上櫃,736.418458,753.778198,721.799729,753.778198,550000,0.9136705433
2022-12-26,4966,4966.TWO,上櫃,754.691822,754.691822,733.677401,739.159424,653000,0.9136704868
2022-12-27,4966,4966.TWO,上櫃,740.073111,750.123486,737.332099,741.900452,281000,0.913670507
2022-12-28,4966,4966.TWO,上櫃,730.022674,736.418367,717.231288,718.144958,845000,0.9136704307
2022-12-29,4966,4966.TWO,上櫃,705.353522,730.022621,701.69884,716.317566,724000,0.9136703647
2022-12-30,4966,4966.TWO,上櫃,724.540808,734.591184,706.267395,706.267395,405000,0.9136706275
2023-01-03,4966,4966.TWO,上櫃,697.13057,723.627014,697.13057,723.627014,463000,0.9136704724
2023-01-04,4966,4966.TWO,上櫃,716.317657,743.727772,715.403987,728.195374,733000,0.9136704812
2023-01-05,4966,4966.TWO,上櫃,737.332053,777.533553,737.332053,774.792542,1335000,0.9136704499
2023-01-06,4966,4966.TWO,上櫃,766.56947,812.252991,763.828459,812.252991,1642000,0.9136704058
2023-01-09,4966,4966.TWO,上櫃,822.303427,859.763916,818.648745,859.763916,1486000,0.913670474
2023-01-10,4966,4966.TWO,上櫃,863.418584,877.123641,837.835811,874.382629,1319000,0.9136704591
2023-01-11,4966,4966.TWO,上櫃,873.468878,889.914945,859.763822,884.432922,989000,0.9136703743
2023-01-12,4966,4966.TWO,上櫃,881.692039,890.828744,843.317878,847.88623,1024000,0.913670507
2023-01-13,4966,4966.TWO,上櫃,852.454502,864.332217,822.303378,827.7854,1185000,0.9136704199
2023-01-16,4966,4966.TWO,上櫃,830.526461,836.922154,822.303427,836.008484,473000,0.9136704742
2023-01-17,4966,4966.TWO,上櫃,836.922198,836.922198,809.512082,815.907776,851000,0.9136705217
2023-01-30,4966,4966.TWO,上櫃,845.145198,867.98696,835.094822,857.936584,1212000,0.913670484
2023-01-31,4966,4966.TWO,上櫃,857.936697,857.936697,826.871897,842.404297,934000,0.913670604
2023-02-01,4966,4966.TWO,上櫃,848.799939,854.281963,827.785517,840.576904,736000,0.9136705481
2023-02-02,4966,4966.TWO,上櫃,840.576851,902.706445,839.663181,886.260376,1468000,0.9136704907
2023-02-03,4966,4966.TWO,上櫃,872.555323,898.138097,871.641652,897.224426,860000,0.9136704952
2023-02-06,4966,4966.TWO,上櫃,891.7423,894.483311,863.418518,863.418518,967000,0.9136703895
2023-02-07,4966,4966.TWO,上櫃,863.418631,918.238862,857.022938,906.361145,1178000,0.9136705091
2023-02-08,4966,4966.TWO,上櫃,903.620156,918.238885,897.224463,913.670532,1167000,0.9136705322
2023-02-09,4966,4966.TWO,上櫃,891.74237,891.74237,863.418586,867.986938,2072000,0.9136704616
2023-02-10,4966,4966.TWO,上櫃,876.209967,883.519331,825.958092,833.267456,1541000,0.9136704562
2023-02-13,4966,4966.TWO,上櫃,841.490475,842.404145,800.375305,800.375305,1586000,0.9136704397
2023-02-14,4966,4966.TWO,上櫃,821.389695,834.18108,805.857298,812.252991,1305000,0.9136704058
2023-02-15,4966,4966.TWO,上櫃,810.425673,814.994025,791.238594,795.806946,980000,0.9136704315
2023-02-16,4966,4966.TWO,上櫃,804.029968,812.253002,800.375287,804.029968,667000,0.9136704185
2023-02-17,4966,4966.TWO,上櫃,796.720705,835.094868,794.893364,831.440186,1233000,0.9136705336
2023-02-20,4966,4966.TWO,上櫃,837.835893,852.454621,832.353869,840.576904,777000,0.9136705481
2023-02-21,4966,4966.TWO,上櫃,846.972518,872.555291,836.922143,867.986938,1178000,0.9136704616
2023-02-22,4966,4966.TWO,上櫃,862.504848,873.468892,846.972451,863.418518,1204000,0.9136703895
2023-02-23,4966,4966.TWO,上櫃,884.433053,931.943919,884.433053,906.361145,2125000,0.9136705091
2023-02-24,4966,4966.TWO,上櫃,927.375523,927.375523,874.382636,878.950989,1260000,0.9136704665
2023-03-01,4966,4966.TWO,上櫃,863.418589,912.756794,861.591248,909.102112,1007000,0.9136704641
2023-03-02,4966,4966.TWO,上櫃,913.670399,913.670399,886.260287,891.74231,618000,0.9136703991
2023-03-03,4966,4966.TWO,上櫃,911.843106,922.807152,876.209959,882.605652,1096000,0.9136704471
2023-03-06,4966,4966.TWO,上櫃,899.965489,908.188524,888.087772,899.051819,454000,0.9136705476
2023-03-07,4966,4966.TWO,上櫃,896.310709,904.533743,882.605652,882.605652,577000,0.9136704471
2023-03-08,4966,4966.TWO,上櫃,886.260278,899.051663,878.037244,893.569641,345000,0.9136703897
2023-03-09,4966,4966.TWO,上櫃,907.391966,948.509625,907.391966,930.754272,1828000,0.9344922414
2023-03-10,4966,4966.TWO,上櫃,924.212808,939.164684,911.129917,912.998901,1135000,0.9344922225
2023-03-13,4966,4966.TWO,上櫃,920.474831,933.557722,887.767604,932.62323,1125000,0.9344922144
2023-03-14,4966,4966.TWO,上櫃,922.343889,939.16475,921.409397,923.278381,1127000,0.9344922888
2023-03-15,4966,4966.TWO,上櫃,957.854529,990.561757,943.837146,953.182068,1583000,0.9344922234
2023-03-16,4966,4966.TWO,上櫃,962.526839,1046.631126,948.509458,1027.941284,2598000,0.9344920765
2023-03-17,4966,4966.TWO,上櫃,1065.321069,1088.683373,1037.286304,1046.631226,3486000,0.9344921657
2023-03-20,4966,4966.TWO,上櫃,1065.321237,1065.321237,985.889391,995.234314,2031000,0.9344923136
2023-03-21,4966,4966.TWO,上櫃,1009.251512,1009.251512,957.854444,971.871826,1800000,0.9344921405
2023-03-22,4966,4966.TWO,上櫃,990.561859,1046.631398,976.544474,1032.614014,2619000,0.9344923201
2023-03-23,4966,4966.TWO,上櫃,1027.941454,1069.993604,1013.92407,1060.648682,2136000,0.9344922305
2023-03-24,4966,4966.TWO,上櫃,1069.993605,1084.010989,1027.941455,1037.286377,1981000,0.9344922315
2023-03-27,4966,4966.TWO,上櫃,1041.958827,1046.631288,995.234216,999.906677,1129000,0.9344922217
2023-03-28,4966,4966.TWO,上櫃,1009.251588,1013.924049,962.526978,962.526978,1035000,0.9344922112
2023-03-29,4966,4966.TWO,上櫃,976.544386,981.216848,943.837158,943.837158,892000,0.9344922358
2023-03-30,4966,4966.TWO,上櫃,971.871816,1009.251501,962.526895,1004.579041,1311000,0.9344921307
2023-03-31,4966,4966.TWO,上櫃,1009.251562,1009.251562,976.544336,981.216797,1446000,0.9344921875
2023-04-06,4966,4966.TWO,上櫃,953.182044,971.871888,939.164661,948.509583,1066000,0.9344921995
2023-04-07,4966,4966.TWO,上櫃,971.871959,1004.579189,957.854575,985.889343,1276000,0.9344922685
2023-04-10,4966,4966.TWO,上櫃,995.23413,1004.579051,971.871826,971.871826,943000,0.9344921405
2023-04-11,4966,4966.TWO,上櫃,985.889329,1046.631325,981.216867,1018.596558,2694000,0.9344922547
2023-04-12,4966,4966.TWO,上櫃,1037.286251,1041.958712,990.561646,990.561646,1046000,0.9344921184
2023-04-13,4966,4966.TWO,上櫃,990.561706,1013.924011,962.526941,967.199402,1413000,0.9344921757
2023-04-14,4966,4966.TWO,上櫃,995.234288,1027.941518,985.889365,1013.924133,1319000,0.9344922888
2023-04-17,4966,4966.TWO,上櫃,1013.924095,1055.976246,1013.924095,1041.958862,2218000,0.9344922532
2023-04-18,4966,4966.TWO,上櫃,1060.648783,1065.321245,1023.26909,1032.614014,1346000,0.9344923201
2023-04-19,4966,4966.TWO,上櫃,1055.976246,1074.666091,1027.941479,1041.958862,1552000,0.9344922532
2023-04-20,4966,4966.TWO,上櫃,1046.631288,1046.631288,999.906677,999.906677,1356000,0.9344922217
2023-04-21,4966,4966.TWO,上櫃,1009.251512,1013.923972,971.871826,971.871826,1115000,0.9344921405
2023-04-24,4966,4966.TWO,上櫃,971.871816,1009.251501,953.181973,1004.579041,789000,0.9344921307
2023-04-25,4966,4966.TWO,上櫃,999.906711,999.906711,904.588501,904.588501,1920000,0.9344922531
2023-04-26,4966,4966.TWO,上櫃,899.915905,953.181955,854.125791,920.474731,3831000,0.9344921131
2023-04-27,4966,4966.TWO,上櫃,855.060423,892.440113,828.894639,878.422729,4153000,0.9344922654
2023-04-28,4966,4966.TWO,上櫃,880.29168,899.916017,872.815742,876.553711,1681000,0.9344922291
2023-05-02,4966,4966.TWO,上櫃,891.505583,917.671365,881.226168,906.457458,1100000,0.9344922253
2023-05-03,4966,4966.TWO,上櫃,898.047036,930.754264,898.047036,910.195435,1146000,0.9344922326
2023-05-04,4966,4966.TWO,上櫃,912.998887,921.409317,893.374551,905.522949,723000,0.9344922077
2023-05-05,4966,4966.TWO,上櫃,909.260952,919.540367,902.719507,907.391968,761000,0.9344922428
2023-05-08,4966,4966.TWO,上櫃,919.540381,921.409366,911.129951,914.86792,952000,0.9344922573
2023-05-09,4966,4966.TWO,上櫃,907.392014,907.392014,870.946815,883.095215,1247000,0.9344922908
2023-05-10,4966,4966.TWO,上櫃,870.946866,883.095266,866.274404,869.077881,910000,0.934492345
2023-05-11,4966,4966.TWO,上櫃,867.208814,886.833152,855.060415,857.863892,950000,0.9344922566
2023-05-12,4966,4966.TWO,上櫃,857.863926,870.946818,850.387987,859.73291,878000,0.9344922936
2023-05-15,4966,4966.TWO,上櫃,859.732825,861.601809,837.305012,855.060364,1117000,0.9344922008
2023-05-16,4966,4966.TWO,上櫃,859.73289,883.095197,859.73289,865.339844,814000,0.9344922719
2023-05-17,4966,4966.TWO,上櫃,867.208789,877.488203,864.405312,876.553711,588000,0.9344922291
2023-05-18,4966,4966.TWO,上櫃,884.029619,906.457432,884.029619,884.964111,1114000,0.9344921978
2023-05-19,4966,4966.TWO,上櫃,896.178083,896.178083,878.422729,878.422729,713000,0.9344922654
2023-05-22,4966,4966.TWO,上櫃,880.291789,885.898743,868.143389,869.077881,671000,0.934492345
2023-05-23,4966,4966.TWO,上櫃,882.160656,902.719485,875.619211,896.17804,824000,0.9344922206
2023-05-24,4966,4966.TWO,上櫃,897.11248,909.260879,885.898574,893.374512,805000,0.9344921671
2023-05-25,4966,4966.TWO,上櫃,903.654009,912.998931,893.374594,904.588501,605000,0.9344922531
2023-05-26,4966,4966.TWO,上櫃,915.802446,933.557799,896.178107,899.916077,812000,0.9344922914
2023-05-29,4966,4966.TWO,上櫃,923.278361,985.889343,923.278361,985.889343,1336000,0.9344922685
2023-05-30,4966,4966.TWO,上櫃,962.526941,976.544324,927.95073,967.199402,2009000,0.9344921757
2023-05-31,4966,4966.TWO,上櫃,967.199451,971.871912,948.509607,953.182068,604000,0.9344922234
2023-06-01,4966,4966.TWO,上櫃,953.182044,995.234192,943.837122,948.509583,1075000,0.9344921995
2023-06-02,4966,4966.TWO,上櫃,962.526941,981.216784,957.85448,967.199402,906000,0.9344921757
2023-06-05,4966,4966.TWO,上櫃,985.889294,1027.941444,981.216833,999.906677,1479000,0.9344922217
2023-06-06,4966,4966.TWO,上櫃,1027.941443,1041.958826,995.234215,1023.268982,1770000,0.9344922209
2023-06-07,4966,4966.TWO,上櫃,1027.941444,1027.941444,995.234216,999.906677,918000,0.9344922217
2023-06-08,4966,4966.TWO,上櫃,990.56179,1027.94148,981.216867,1018.596558,1119000,0.9344922547
2023-06-09,4966,4966.TWO,上櫃,1018.596447,1023.268908,999.906604,1009.251526,540000,0.9344921536
2023-06-12,4966,4966.TWO,上櫃,1009.25161,1041.958838,999.906688,1037.286377,814000,0.9344922315
2023-06-13,4966,4966.TWO,上櫃,1060.648633,1060.648633,1041.958789,1051.303711,885000,0.9344921875
2023-06-14,4966,4966.TWO,上櫃,1055.976268,1084.011036,1051.303807,1069.993652,929000,0.9344922728
2023-06-15,4966,4966.TWO,上櫃,1084.010984,1154.097901,1079.338523,1130.735596,1956000,0.9344922279
2023-06-16,4966,4966.TWO,上櫃,1121.390649,1135.408032,1088.683422,1126.06311,1191000,0.9344922078
2023-06-19,4966,4966.TWO,上櫃,1126.063011,1135.407933,1093.355787,1107.373169,603000,0.9344921257
2023-06-20,4966,4966.TWO,上櫃,1112.045802,1121.390725,1069.99365,1093.355957,729000,0.934492271
2023-06-21,4966,4966.TWO,上櫃,1093.356008,1102.700931,1051.303854,1079.338623,982000,0.9344923143
2023-06-26,4966,4966.TWO,上櫃,1046.631298,1065.321143,1013.92407,1060.648682,1181000,0.9344922305
2023-06-27,4966,4966.TWO,上櫃,1055.976211,1065.321133,990.561755,999.906677,802000,0.9344922217
2023-06-28,4966,4966.TWO,上櫃,1013.924061,1013.924061,990.561755,999.906677,452000,0.9344922217
2023-06-29,4966,4966.TWO,上櫃,1009.251562,1018.596484,976.544336,981.216797,888000,0.9344921875
2023-06-30,4966,4966.TWO,上櫃,981.216737,1009.251501,962.526895,1004.579041,591000,0.9344921307
2023-07-03,4966,4966.TWO,上櫃,1023.269083,1027.941545,995.234314,995.234314,547000,0.9344923136
2023-07-04,4966,4966.TWO,上櫃,1009.251663,1009.251663,976.544434,976.544434,818000,0.934492281
2023-07-05,4966,4966.TWO,上櫃,976.544287,1004.579051,962.526905,971.871826,582000,0.9344921405
2023-07-06,4966,4966.TWO,上櫃,971.871863,999.906628,962.526941,967.199402,467000,0.9344921757
2023-07-07,4966,4966.TWO,上櫃,962.527003,971.871925,934.492236,943.837158,648000,0.9344922358
2023-07-10,4966,4966.TWO,上櫃,943.837092,962.526936,933.557678,933.557678,531000,0.9344921704
2023-07-11,4966,4966.TWO,上櫃,948.509595,962.526978,934.492212,939.164673,384000,0.9344922118
2023-07-12,4966,4966.TWO,上櫃,939.16475,948.509673,923.278381,923.278381,590000,0.9344922888
2023-07-13,4966,4966.TWO,上櫃,934.492188,939.164648,908.326406,911.129883,1424000,0.9344921875
2023-07-14,4966,4966.TWO,上櫃,917.67131,923.278263,881.226116,886.833069,1526000,0.9344921695
2023-07-17,4966,4966.TWO,上櫃,884.029691,884.029691,839.174062,841.977539,1923000,0.9344922742
2023-07-18,4966,4966.TWO,上櫃,849.453449,876.553724,847.584464,867.208801,1102000,0.9344922427
2023-07-19,4966,4966.TWO,上櫃,866.274216,901.784917,858.798279,858.798279,1033000,0.9344921423
2023-07-20,4966,4966.TWO,上櫃,862.53639,864.405374,823.287713,836.370605,1958000,0.9344922966
2023-07-21,4966,4966.TWO,上櫃,803.663296,814.877202,784.03896,801.794312,2034000,0.9344922046
2023-07-24,4966,4966.TWO,上櫃,802.728772,813.008186,790.580374,793.38385,738000,0.9344921674
2023-07-25,4966,4966.TWO,上櫃,805.532329,827.025651,795.252914,811.139282,753000,0.9344922606
2023-07-26,4966,4966.TWO,上櫃,828.894585,830.76357,799.925327,801.794312,589000,0.9344922046
2023-07-27,4966,4966.TWO,上櫃,814.877166,839.173962,811.139197,829.829041,917000,0.9344921628
2023-07-28,4966,4966.TWO,上櫃,848.519,898.981584,830.763647,883.095215,1872000,0.9344922908
2023-07-31,4966,4966.TWO,上櫃,906.457525,921.409402,858.798418,859.73291,1115000,0.9344922936
2023-08-01,4966,4966.TWO,上櫃,883.095197,909.260981,865.339844,865.339844,1060000,0.9344922719
2023-08-02,4966,4966.TWO,上櫃,878.422661,883.095122,848.518911,851.322388,741000,0.9344921929
2023-08-04,4966,4966.TWO,上櫃,846.649905,848.518889,829.829046,840.108459,643000,0.9344921685
2023-08-07,4966,4966.TWO,上櫃,841.042927,852.256833,829.829021,835.435974,307000,0.9344921411
2023-08-08,4966,4966.TWO,上櫃,835.435973,837.304957,803.66324,812.073669,677000,0.9344921397
2023-08-09,4966,4966.TWO,上櫃,808.3358,816.74623,784.039001,784.039001,839000,0.9344922544
2023-08-10,4966,4966.TWO,上櫃,798.990857,805.532302,736.379877,749.462769,1644000,0.9344922301
2023-08-11,4966,4966.TWO,上櫃,783.104428,793.383842,765.349077,766.283569,1444000,0.9344921577
2023-08-14,4966,4966.TWO,上櫃,762.54564,770.021577,744.790288,755.069702,610000,0.9344922056
2023-08-15,4966,4966.TWO,上櫃,767.218173,767.218173,737.31442,752.266296,1020000,0.9344922936
2023-08-16,4966,4966.TWO,上櫃,742.921303,760.676655,740.117827,755.069702,591000,0.9344922056
2023-08-17,4966,4966.TWO,上櫃,747.593717,775.628481,744.79024,769.087036,759000,0.934492146
2023-08-18,4966,4966.TWO,上櫃,758.807659,773.759534,758.807659,764.414612,328000,0.9344921905
2023-08-21,4966,4966.TWO,上櫃,774.694023,775.628516,746.659258,747.59375,574000,0.9344921875
2023-08-22,4966,4966.TWO,上櫃,754.135243,756.938719,738.248874,740.117859,524000,0.9344922461
2023-08-23,4966,4966.TWO,上櫃,740.117764,742.92124,723.296905,738.248779,542000,0.9344921257
2023-08-24,4966,4966.TWO,上櫃,749.573932,756.1906,737.285835,755.245361,578000,0.9452382495
2023-08-25,4966,4966.TWO,上櫃,750.519256,750.519256,739.176396,743.902588,351000,0.9452383582
2023-08-28,4966,4966.TWO,上櫃,747.683496,785.493028,747.683496,771.314453,838000,0.9452383004
2023-08-29,4966,4966.TWO,上櫃,778.876347,837.481121,774.150156,818.576355,1499000,0.9452382852
2023-08-30,4966,4966.TWO,上櫃,831.809663,844.09776,818.576327,838.426331,1442000,0.9452382532
2023-08-31,4966,4966.TWO,上櫃,856.385942,860.166896,834.64546,848.824036,1356000,0.945238347
2023-09-01,4966,4966.TWO,上櫃,845.043135,853.55028,825.193128,826.138367,1005000,0.9452384058
2023-09-04,4966,4966.TWO,上櫃,821.412045,840.31681,820.466807,829.919189,641000,0.9452382568
2023-09-05,4966,4966.TWO,上櫃,826.138251,888.523977,825.193013,879.071594,1761000,0.9452382734
2023-09-06,4966,4966.TWO,上櫃,880.016937,959.416962,879.071699,926.333618,2895000,0.9452383859
2023-09-07,4966,4966.TWO,上櫃,908.373971,931.059689,899.866826,904.593018,1370000,0.9452382629
2023-09-08,4966,4966.TWO,上櫃,907.428734,907.428734,880.016824,882.852539,866000,0.9452382645
2023-09-11,4966,4966.TWO,上櫃,890.414425,895.140616,860.166801,863.947754,670000,0.9452382428
2023-09-12,4966,4966.TWO,上櫃,874.345432,922.552586,873.400194,920.662109,1313000,0.9452383053
2023-09-13,4966,4966.TWO,上櫃,912.154906,945.238245,908.373953,933.895386,1849000,0.9452382447
2023-09-14,4966,4966.TWO,上櫃,933.895497,1025.583618,933.895497,1025.583618,2840000,0.9452383578
2023-09-15,4966,4966.TWO,上櫃,1025.583506,1063.393036,1011.404932,1035.035889,2612000,0.9452382545
2023-09-18,4966,4966.TWO,上櫃,1035.035935,1049.21451,1011.404978,1020.857361,1317000,0.9452382971
2023-09-19,4966,4966.TWO,上櫃,1030.309792,1035.035983,992.500258,1006.678833,919000,0.9452383409
2023-09-20,4966,4966.TWO,上櫃,1006.678737,1039.762075,964.143015,973.595398,1780000,0.9452382504
2023-09-21,4966,4966.TWO,上櫃,945.238386,964.143154,919.716949,926.333618,1644000,0.9452383859
2023-09-22,4966,4966.TWO,上櫃,932.004905,973.595388,911.209664,964.143005,1188000,0.9452382406
2023-09-25,4966,4966.TWO,上櫃,973.595393,978.321584,959.416819,968.869202,560000,0.9452382455
2023-09-26,4966,4966.TWO,上櫃,959.416913,968.869296,940.512146,940.512146,493000,0.9452383377
2023-09-27,4966,4966.TWO,上櫃,942.402538,949.964444,929.169203,930.114441,533000,0.945238253
2023-09-28,4966,4966.TWO,上櫃,937.676347,973.595401,930.114441,930.114441,673000,0.945238253
2023-10-02,4966,4966.TWO,上櫃,945.238278,949.96447,912.154938,918.771606,908000,0.9452382782
2023-10-03,4966,4966.TWO,上櫃,933.895491,978.321694,933.895491,954.690735,1142000,0.9452383513
2023-10-04,4966,4966.TWO,上櫃,941.457293,973.595393,935.785863,968.869202,681000,0.9452382455
2023-10-05,4966,4966.TWO,上櫃,1030.309727,1063.393066,1001.952578,1063.393066,2480000,0.9452382812
2023-10-06,4966,4966.TWO,上櫃,1053.940898,1068.119475,1006.678975,1030.309937,1911000,0.9452384739
2023-10-11,4966,4966.TWO,上櫃,1058.666893,1058.666893,1016.131169,1020.857361,1332000,0.9452382971
2023-10-12,4966,4966.TWO,上櫃,1053.940898,1053.940898,1006.678975,1030.309937,889000,0.9452384739
2023-10-13,4966,4966.TWO,上櫃,1035.03602,1063.393171,1011.40506,1044.488403,983000,0.945238374
2023-10-16,4966,4966.TWO,上櫃,1030.309709,1035.0359,978.321604,987.773987,1522000,0.9452382649
2023-10-17,4966,4966.TWO,上櫃,997.226324,1016.131088,992.500132,1001.952515,916000,0.9452382214
2023-10-18,4966,4966.TWO,上櫃,1006.678975,1053.940898,1001.952782,1030.309937,1230000,0.9452384739
2023-10-19,4966,4966.TWO,上櫃,1016.131046,1072.845337,983.04771,1072.845337,1706000,0.9452381823
2023-10-20,4966,4966.TWO,上櫃,1063.393104,1101.202637,1039.762146,1101.202637,1711000,0.9452383148
2023-10-23,4966,4966.TWO,上櫃,1091.750233,1105.928808,1016.131169,1020.857361,1566000,0.9452382971
2023-10-24,4966,4966.TWO,上櫃,1053.940898,1087.024245,1020.857552,1030.309937,1964000,0.9452384739
2023-10-25,4966,4966.TWO,上櫃,1035.036028,1120.107483,1020.857453,1053.940796,2545000,0.945238382
2023-10-26,4966,4966.TWO,上櫃,1011.404917,1016.131109,954.690623,964.143005,2155000,0.9452382406
2023-10-27,4966,4966.TWO,上櫃,968.869217,1006.678747,968.869217,983.047791,1332000,0.9452382601
2023-10-30,4966,4966.TWO,上櫃,1006.678746,1049.214468,997.226363,1039.762085,1610000,0.9452382591
2023-10-31,4966,4966.TWO,上櫃,1039.762102,1044.488293,992.500188,997.226379,1317000,0.9452382743
2023-11-01,4966,4966.TWO,上櫃,1035.035895,1035.035895,968.869217,983.047791,1349000,0.9452382601
2023-11-02,4966,4966.TWO,上櫃,936.731096,1006.678726,936.731096,964.143005,3533000,0.9452382406
2023-11-03,4966,4966.TWO,上櫃,964.1431,968.869291,927.278805,935.78595,1752000,0.945238333
2023-11-06,4966,4966.TWO,上櫃,943.347864,1011.405025,939.566911,1006.678833,2134000,0.9452383409
2023-11-07,4966,4966.TWO,上櫃,997.226358,1035.035889,973.595402,1035.035889,1396000,0.9452382545
2023-11-08,4966,4966.TWO,上櫃,1035.035935,1035.035935,1001.952595,1020.857361,1418000,0.9452382971
2023-11-09,4966,4966.TWO,上櫃,1030.309792,1030.309792,997.22645,1006.678833,706000,0.9452383409
2023-11-10,4966,4966.TWO,上櫃,1001.952561,1001.952561,978.321604,987.773987,451000,0.9452382649
2023-11-13,4966,4966.TWO,上櫃,1006.678833,1030.309792,1001.952641,1006.678833,872000,0.9452383409
2023-11-14,4966,4966.TWO,上櫃,1025.583506,1049.214462,1011.404932,1035.035889,1360000,0.9452382545
2023-11-15,4966,4966.TWO,上櫃,1068.11919,1077.571572,987.773941,1001.952515,2321000,0.9452382214
2023-11-16,4966,4966.TWO,上櫃,1006.678737,1020.85731,964.143015,973.595398,1552000,0.9452382504
2023-11-17,4966,4966.TWO,上櫃,978.321669,1016.131202,973.595478,992.500244,1581000,0.9452383278
2023-11-20,4966,4966.TWO,上櫃,987.773956,987.773956,949.964427,959.416809,1680000,0.9452382355
2023-11-21,4966,4966.TWO,上櫃,973.595408,983.047791,959.416834,983.047791,1729000,0.9452382601
2023-11-22,4966,4966.TWO,上櫃,983.047824,1030.309739,968.86925,1016.131165,1629000,0.9452382926
2023-11-23,4966,4966.TWO,上櫃,1030.309777,1030.309777,983.047861,992.500244,1019000,0.9452383278
2023-11-24,4966,4966.TWO,上櫃,1006.678819,1011.405011,983.047861,992.500244,572000,0.9452383278
2023-11-27,4966,4966.TWO,上櫃,1001.952561,1001.952561,983.047795,987.773987,450000,0.9452382649
2023-11-28,4966,4966.TWO,上櫃,992.500207,1035.03593,992.500207,1016.131165,1151000,0.9452382926
2023-11-29,4966,4966.TWO,上櫃,1025.583547,1025.583547,997.226399,1016.131165,610000,0.9452382926
2023-11-30,4966,4966.TWO,上櫃,1020.857356,1025.583547,992.500207,1016.131165,726000,0.9452382926
2023-12-01,4966,4966.TWO,上櫃,1025.583528,1049.214484,997.226379,997.226379,1389000,0.9452382743
2023-12-04,4966,4966.TWO,上櫃,1006.678833,1039.762175,1001.952641,1006.678833,906000,0.9452383409
2023-12-05,4966,4966.TWO,上櫃,1001.95254,1001.95254,964.14301,968.869202,841000,0.9452382455
2023-12-06,4966,4966.TWO,上櫃,983.047874,1011.405025,973.595491,1006.678833,815000,0.9452383409
2023-12-07,4966,4966.TWO,上櫃,997.226369,1011.404943,983.047795,987.773987,599000,0.9452382649
2023-12-08,4966,4966.TWO,上櫃,1011.40506,1068.119363,1001.952676,1044.488403,2134000,0.945238374
2023-12-11,4966,4966.TWO,上櫃,1072.845337,1091.750101,1058.666764,1072.845337,1557000,0.9452381823
2023-12-12,4966,4966.TWO,上櫃,1096.476406,1105.928789,1063.393066,1063.393066,1151000,0.9452382812
2023-12-13,4966,4966.TWO,上櫃,1068.119314,1143.73838,1058.66693,1120.107422,2318000,0.9452383307
2023-12-14,4966,4966.TWO,上櫃,1176.821609,1200.452566,1120.107315,1134.285889,2656000,0.9452382406
2023-12-15,4966,4966.TWO,上櫃,1134.285978,1148.464552,1101.202637,1101.202637,958000,0.9452383148
2023-12-18,4966,4966.TWO,上櫃,1101.202673,1181.547933,1087.024098,1139.012207,1751000,0.9452383461
2023-12-19,4966,4966.TWO,上櫃,1167.369329,1172.09552,1087.024071,1110.655029,1522000,0.9452383228
2023-12-20,4966,4966.TWO,上櫃,1120.107284,1120.107284,1087.023947,1105.928711,978000,0.9452382145
2023-12-21,4966,4966.TWO,上櫃,1087.023957,1124.833486,1082.297766,1115.381104,797000,0.9452382233
2023-12-22,4966,4966.TWO,上櫃,1124.833501,1139.012075,1110.654928,1129.559692,1058000,0.9452382363
2023-12-25,4966,4966.TWO,上櫃,1139.012212,1176.821746,1134.28602,1143.738403,1216000,0.9452383499
2023-12-26,4966,4966.TWO,上櫃,1153.190552,1167.369124,1124.833407,1153.190552,960000,0.9452381572
2023-12-27,4966,4966.TWO,上櫃,1162.643193,1176.821768,1148.464617,1167.369385,781000,0.9452383682
2023-12-28,4966,4966.TWO,上櫃,1167.369227,1195.726374,1124.833506,1134.285889,1530000,0.9452382406
2023-12-29,4966,4966.TWO,上櫃,1139.01208,1139.01208,1124.833506,1134.285889,380000,0.9452382406
2024-01-02,4966,4966.TWO,上櫃,1134.285819,1139.01201,1068.119146,1072.845337,1057000,0.9452381823
2024-01-03,4966,4966.TWO,上櫃,1058.667091,1068.119475,1030.309937,1030.309937,1064000,0.9452384739
2024-01-04,4966,4966.TWO,上櫃,1035.035935,1039.762127,1001.952595,1020.857361,642000,0.9452382971
2024-01-05,4966,4966.TWO,上櫃,1030.309739,1044.488313,1016.131165,1016.131165,565000,0.9452382926
2024-01-08,4966,4966.TWO,上櫃,1030.309744,1053.940701,1020.857361,1020.857361,660000,0.9452382971
2024-01-09,4966,4966.TWO,上櫃,1053.940654,1068.119228,1025.583506,1035.035889,965000,0.9452382545
2024-01-10,4966,4966.TWO,上櫃,1035.035804,1068.119141,1025.583423,1068.119141,980000,0.9452381775
2024-01-11,4966,4966.TWO,上櫃,1072.845337,1101.202482,1063.392955,1072.845337,1533000,0.9452381823
2024-01-12,4966,4966.TWO,上櫃,1077.571641,1077.571641,1058.666875,1063.393066,819000,0.9452382812
2024-01-15,4966,4966.TWO,上櫃,1077.571549,1101.202504,1053.940594,1091.750122,1070222,0.9452382009
2024-01-16,4966,4966.TWO,上櫃,1077.571533,1091.750106,1063.39296,1077.571533,717000,0.945238187
2024-01-17,4966,4966.TWO,上櫃,1077.57161,1087.023993,1030.309697,1035.035889,980000,0.9452382545
2024-01-18,4966,4966.TWO,上櫃,1035.035983,1044.488367,997.22645,1006.678833,789000,0.9452383409
2024-01-19,4966,4966.TWO,上櫃,1025.583528,1039.762102,987.773997,997.226379,1286000,0.9452382743
2024-01-22,4966,4966.TWO,上櫃,1011.404947,1053.940669,992.500181,1049.214478,1437000,0.9452382681
2024-01-23,4966,4966.TWO,上櫃,1101.202646,1148.464562,1087.024071,1110.655029,2369000,0.9452383228
2024-01-24,4966,4966.TWO,上櫃,1101.202477,1110.654859,1068.119141,1068.119141,1098000,0.9452381775
2024-01-25,4966,4966.TWO,上櫃,1068.119243,1082.297817,1044.488286,1049.214478,987000,0.9452382681
2024-01-26,4966,4966.TWO,上櫃,1044.488286,1053.940669,1020.857329,1049.214478,514000,0.9452382681
2024-01-29,4966,4966.TWO,上櫃,1058.666875,1072.845449,1049.214492,1063.393066,618000,0.9452382812
2024-01-30,4966,4966.TWO,上櫃,1077.571636,1082.297827,1058.66687,1058.66687,748000,0.9452382769
2024-01-31,4966,4966.TWO,上櫃,1053.940796,1058.666988,1039.76222,1053.940796,718000,0.945238382
2024-02-01,4966,4966.TWO,上櫃,1049.214487,1082.297827,1044.488296,1058.66687,777000,0.9452382769
2024-02-02,4966,4966.TWO,上櫃,1068.119277,1091.750235,1063.393086,1082.297852,723000,0.9452382983
2024-02-05,4966,4966.TWO,上櫃,1087.023931,1110.654886,1068.119167,1091.750122,1089000,0.9452382009
2024-02-15,4966,4966.TWO,上櫃,1181.547861,1195.726436,1134.285947,1191.000244,3013000,0.945238289
2024-02-16,4966,4966.TWO,上櫃,1205.178711,1228.809666,1157.916801,1205.178711,1936000,0.9452382047
2024-02-19,4966,4966.TWO,上櫃,1200.452656,1228.809805,1162.643123,1219.357422,1310000,0.9452383115
2024-02-20,4966,4966.TWO,上櫃,1214.631258,1247.7146,1191.0003,1247.7146,1668000,0.945238333
2024-02-21,4966,4966.TWO,上櫃,1238.262154,1271.345494,1172.095474,1186.274048,2060000,0.9452382851
2024-02-22,4966,4966.TWO,上櫃,1195.726269,1200.45246,1148.464361,1153.190552,1955000,0.9452381572
2024-02-23,4966,4966.TWO,上櫃,1167.369304,1176.821687,1087.024048,1087.024048,2328000,0.9452383025
2024-02-26,4966,4966.TWO,上櫃,1091.75021,1091.75021,1053.940679,1058.66687,1269000,0.9452382769
2024-02-27,4966,4966.TWO,上櫃,1063.392999,1072.845381,992.500132,1001.952515,2483000,0.9452382214
2024-02-29,4966,4966.TWO,上櫃,1001.95253,1006.678721,943.347759,959.416809,3423000,0.9452382355
2024-03-01,4966,4966.TWO,上櫃,973.595393,973.595393,949.964437,968.869202,2160000,0.9452382455
2024-03-04,4966,4966.TWO,上櫃,992.500207,1020.857356,987.774016,1016.131165,2627000,0.9452382926
2024-03-05,4966,4966.TWO,上櫃,1025.583511,1058.66685,1025.583511,1039.762085,2289000,0.9452382591
2024-03-06,4966,4966.TWO,上櫃,1039.762194,1044.488385,1001.952659,1025.583618,1525000,0.9452383578
2024-03-07,4966,4966.TWO,上櫃,1039.721796,1044.469384,982.750738,1011.236267,1316000,0.9495176217
2024-03-08,4966,4966.TWO,上櫃,1034.974168,1049.216932,973.255525,978.003113,1677000,0.9495175852
2024-03-11,4966,4966.TWO,上櫃,987.498289,1001.741052,968.507937,978.003113,774000,0.9495175852
2024-03-12,4966,4966.TWO,上櫃,978.003023,996.993373,968.507848,982.75061,967000,0.9495174979
2024-03-13,4966,4966.TWO,上櫃,992.245789,992.245789,938.123291,938.123291,1750000,0.949517501
2024-03-14,4966,4966.TWO,上櫃,947.618583,1001.741087,926.729195,992.245911,1749000,0.9495176178
2024-03-15,4966,4966.TWO,上櫃,987.49821,1025.478911,982.750623,1020.731323,1257000,0.94951751
2024-03-18,4966,4966.TWO,上櫃,1020.731323,1020.731323,1020.731323,1020.731323,0,0.94951751
2024-03-19,4966,4966.TWO,上櫃,949.517573,954.265161,930.527222,930.527222,1506000,0.9495175731
2024-03-20,4966,4966.TWO,上櫃,930.527255,938.123396,916.284491,917.234009,1111000,0.9495176074
2024-03-21,4966,4966.TWO,上櫃,923.880599,954.265161,921.981564,930.527222,1046000,0.9495175731
2024-03-22,4966,4966.TWO,上櫃,936.224327,954.265161,924.830116,930.527222,1025000,0.9495175731
2024-03-25,4966,4966.TWO,上櫃,930.527222,930.527222,930.527222,930.527222,0,0.9495175731
2024-03-26,4966,4966.TWO,上櫃,930.527222,930.527222,930.527222,930.527222,0,0.9495175731
2024-03-27,4966,4966.TWO,上櫃,889.697931,898.243588,877.354203,888.748413,1073000,0.9495175353
2024-03-28,4966,4966.TWO,上櫃,889.697951,895.395056,871.657117,873.556152,1273000,0.9495175569
2024-03-29,4966,4966.TWO,上櫃,878.303803,885.899944,866.909592,883.051392,715000,0.9495176254
2024-04-01,4966,4966.TWO,上櫃,889.697912,899.193087,865.010456,867.859009,1259000,0.9495175151
2024-04-02,4966,4966.TWO,上櫃,873.556098,875.455133,852.666713,856.464783,1456000,0.9495174975
2024-04-03,4966,4966.TWO,上櫃,852.666784,863.111477,843.171608,848.868713,979000,0.9495175765
2024-04-08,4966,4966.TWO,上櫃,863.111431,902.041649,856.464808,878.303711,2258000,0.9495175253
2024-04-09,4966,4966.TWO,上櫃,882.101768,882.101768,865.95997,876.404663,784000,0.9495175115
2024-04-10,4966,4966.TWO,上櫃,883.051328,888.748433,868.808565,873.556152,638000,0.9495175569
2024-04-11,4966,4966.TWO,上櫃,873.55614,880.202763,852.666754,853.616272,724000,0.9495175439
2024-04-12,4966,4966.TWO,上櫃,861.212412,871.657105,847.919167,853.616272,554000,0.9495175439
2024-04-15,4966,4966.TWO,上櫃,849.81821,849.81821,817.534613,818.484131,1125000,0.9495175532
2024-04-16,4966,4966.TWO,上櫃,808.039419,811.83749,790.948104,797.594727,1252000,0.9495175316
2024-04-17,4966,4966.TWO,上櫃,799.493726,806.140349,789.998551,801.392761,705000,0.9495174896
2024-04-18,4966,4966.TWO,上櫃,807.089934,821.332698,797.594758,802.342346,695000,0.9495175695
2024-04-19,4966,4966.TWO,上櫃,790.948092,791.897609,732.078006,759.614014,1874000,0.9495175171
2024-04-22,4966,4966.TWO,上櫃,764.361615,770.05872,741.573194,743.472229,927000,0.9495175338
2024-04-23,4966,4966.TWO,上櫃,749.169357,760.563568,722.582865,737.775146,1758000,0.949517563
2024-04-24,4966,4966.TWO,上櫃,757.714998,785.251006,749.16934,762.462585,1885000,0.949517541
2024-04-25,4966,4966.TWO,上櫃,690.299291,706.44109,686.501221,686.501221,2850000,0.9495175943
2024-04-26,4966,4966.TWO,上櫃,688.400256,693.147844,668.460386,686.501221,2884000,0.9495175943
2024-04-29,4966,4966.TWO,上櫃,701.693483,736.825633,698.84493,729.229492,2521000,0.949517568
2024-04-30,4966,4966.TWO,上櫃,740.623641,741.573158,709.289564,711.188599,1826000,0.9495174882
2024-05-02,4966,4966.TWO,上櫃,710.239147,730.179016,707.390594,730.179016,965000,0.9495175762
2024-05-03,4966,4966.TWO,上櫃,767.210237,784.301554,743.472296,744.421814,2458000,0.9495176199
2024-05-06,4966,4966.TWO,上櫃,759.614024,767.210164,749.169331,752.017883,1352000,0.9495175294
2024-05-07,4966,4966.TWO,上櫃,748.219811,748.219811,714.03718,724.481873,1556000,0.9495175263
2024-05-08,4966,4966.TWO,上櫃,724.48184,725.431358,711.188596,719.734253,713000,0.9495174841
2024-05-09,4966,4966.TWO,上櫃,719.734339,724.481927,695.046881,695.996399,1075000,0.9495175974
2024-05-10,4966,4966.TWO,上櫃,696.945877,714.037193,693.147807,708.340088,778000,0.9495175441
2024-05-13,4966,4966.TWO,上櫃,710.239165,715.936271,696.945919,705.491577,472000,0.9495176005
2024-05-14,4966,4966.TWO,上櫃,703.592522,721.633355,703.592522,720.683838,561000,0.949517573
2024-05-15,4966,4966.TWO,上櫃,718.784767,730.178978,706.44104,724.481873,1222000,0.9495175263
2024-05-16,4966,4966.TWO,上櫃,730.178974,744.421737,722.582834,733.027527,1138000,0.9495175218
2024-05-17,4966,4966.TWO,上櫃,730.179035,732.07807,705.491577,705.491577,1365000,0.9495176005
2024-05-20,4966,4966.TWO,上櫃,702.643009,703.592527,691.248798,694.097351,1158000,0.9495175801
2024-05-21,4966,4966.TWO,上櫃,695.996409,703.59255,688.400269,688.400269,768000,0.9495176118
2024-05-22,4966,4966.TWO,上櫃,690.299249,698.844907,688.400214,689.349731,910000,0.9495175364
2024-05-23,4966,4966.TWO,上櫃,693.147831,693.147831,677.95555,684.602173,786000,0.9495175768
2024-05-24,4966,4966.TWO,上櫃,677.006032,685.55169,669.409892,684.602173,638000,0.9495175768
2024-05-27,4966,4966.TWO,上櫃,694.097346,734.926601,688.40024,720.683838,1890000,0.949517573
2024-05-28,4966,4966.TWO,上櫃,728.279929,767.210147,726.380894,758.66449,2365000,0.9495175091
2024-05-29,4966,4966.TWO,上櫃,776.705349,776.705349,752.017892,762.462585,2330000,0.949517541
2024-05-30,4966,4966.TWO,上櫃,751.068334,762.462543,743.472194,747.270264,1165000,0.9495174888
2024-05-31,4966,4966.TWO,上櫃,749.169368,762.462614,721.633358,730.179016,7724000,0.9495175762
2024-06-03,4966,4966.TWO,上櫃,740.623676,766.260649,734.926571,761.513062,1782000,0.9495175331
2024-06-04,4966,4966.TWO,上櫃,734.926589,792.84716,720.683826,764.361633,4098000,0.9495175569
2024-06-05,4966,4966.TWO,上櫃,763.412071,771.957728,754.866413,757.714966,1853000,0.949517501
2024-06-06,4966,4966.TWO,上櫃,776.705339,776.705339,744.421743,752.017883,1872000,0.9495175294
2024-06-07,4966,4966.TWO,上櫃,752.967423,764.361633,742.522729,764.361633,1310000,0.9495175569
2024-06-11,4966,4966.TWO,上櫃,756.765494,759.614047,744.421766,746.320801,1017000,0.9495175582
2024-06-12,4966,4966.TWO,上櫃,748.219794,784.301459,748.219794,767.210144,2051000,0.949517505
2024-06-13,4966,4966.TWO,上櫃,780.503441,820.383179,770.058748,820.383179,3017000,0.949517568
2024-06-14,4966,4966.TWO,上櫃,827.029811,858.363891,821.332705,830.827881,4131000,0.9495175781
2024-06-17,4966,4966.TWO,上櫃,824.181184,824.181184,792.847107,792.847107,2047000,0.9495174933
2024-06-18,4966,4966.TWO,上櫃,797.594767,815.635601,785.251039,812.787048,2127000,0.9495175798
2024-06-19,4966,4966.TWO,上櫃,820.383121,851.717198,809.938428,847.919128,2803000,0.949517501
2024-06-20,4966,4966.TWO,上櫃,852.66668,880.202686,830.827778,833.676331,3118000,0.9495174608
2024-06-21,4966,4966.TWO,上櫃,833.676385,850.767701,829.878315,832.726868,1329000,0.949517523
2024-06-24,4966,4966.TWO,上櫃,830.827859,833.676412,816.585096,818.484131,1019000,0.9495175532
2024-06-25,4966,4966.TWO,上櫃,812.787044,827.029808,798.544281,821.332703,878000,0.9495175753
2024-06-26,4966,4966.TWO,上櫃,824.181194,831.777334,803.291809,803.291809,1242000,0.9495175048
2024-06-27,4966,4966.TWO,上櫃,805.190867,807.089902,792.847139,797.594727,929000,0.9495175316
2024-06-28,4966,4966.TWO,上櫃,796.645196,804.241336,789.998574,795.695679,1075000,0.9495175164
2024-07-01,4966,4966.TWO,上櫃,796.645203,801.392791,777.654853,778.60437,944000,0.9495175245
2024-07-02,4966,4966.TWO,上櫃,777.654901,788.099594,771.957795,776.705383,921000,0.9495175835
2024-07-03,4966,4966.TWO,上櫃,802.342295,822.282163,783.351945,794.746155,1825000,0.9495175087
2024-07-04,4966,4966.TWO,上櫃,800.443247,806.140352,787.150002,792.847107,1442000,0.9495174933
2024-07-05,4966,4966.TWO,上櫃,811.837508,820.383166,797.594745,818.484131,2273000,0.9495175532
2024-07-08,4966,4966.TWO,上櫃,824.181259,825.130777,805.190908,812.787048,946000,0.9495175798
2024-07-09,4966,4966.TWO,上櫃,814.686061,822.282201,792.847157,818.484131,1448000,0.9495175532
2024-07-10,4966,4966.TWO,上櫃,823.231686,836.524932,813.736511,813.736511,1431000,0.949517516
2024-07-11,4966,4966.TWO,上櫃,822.282272,842.222143,809.938543,838.424072,2010000,0.9495176356
2024-07-12,4966,4966.TWO,上櫃,831.777364,833.676399,813.73653,816.585083,1506000,0.9495175384
2024-07-15,4966,4966.TWO,上櫃,818.484118,823.231706,808.039425,816.585083,530000,0.9495175384
2024-07-16,4966,4966.TWO,上櫃,818.484137,842.222076,818.484137,819.433655,1222000,0.9495175606
2024-07-17,4966,4966.TWO,上櫃,808.988943,821.332671,795.695697,816.585083,1658000,0.9495175384
2024-07-18,4966,4966.TWO,上櫃,801.39278,824.181201,795.695675,804.241333,1687000,0.9495175124
2024-07-19,4966,4966.TWO,上櫃,805.1909,811.837523,784.301514,784.301514,1290000,0.949517571
2024-07-22,4966,4966.TWO,上櫃,784.301483,789.049071,741.573194,743.472229,1518000,0.9495175338
2024-07-23,4966,4966.TWO,上櫃,756.765507,759.61406,744.421778,748.219849,805000,0.9495175744
2024-07-26,4966,4966.TWO,上櫃,717.835234,739.674137,714.037164,731.128479,809000,0.9495175052
2024-07-29,4966,4966.TWO,上櫃,745.371325,747.27036,688.400269,688.400269,1121000,0.9495176118
2024-07-30,4966,4966.TWO,上櫃,692.198322,697.895428,670.359418,695.046875,1602000,0.9495175888
2024-07-31,4966,4966.TWO,上櫃,688.400169,702.642931,685.551617,700.743896,647000,0.9495174749
2024-08-01,4966,4966.TWO,上櫃,718.784764,734.926562,708.340071,733.027527,922000,0.9495175218
2024-08-02,4966,4966.TWO,上櫃,704.541966,729.229421,699.794379,700.743896,869000,0.9495174749
2024-08-05,4966,4966.TWO,上櫃,675.106943,675.106943,631.429138,631.429138,1245000,0.949517501
2024-08-06,4966,4966.TWO,上櫃,637.126243,655.167076,578.256158,631.429138,1674000,0.949517501
2024-08-07,4966,4966.TWO,上櫃,618.13595,678.905075,618.13595,667.510864,1318000,0.9495175878
2024-08-08,4966,4966.TWO,上櫃,666.561214,691.248666,658.965074,683.652527,1805000,0.9495173984
2024-08-09,4966,4966.TWO,上櫃,700.743949,706.441055,670.359388,672.258423,1875000,0.9495175464
2024-08-12,4966,4966.TWO,上櫃,676.056496,687.450706,670.35939,681.753601,919000,0.9495175502
2024-08-13,4966,4966.TWO,上櫃,688.400163,699.794373,677.005953,699.794373,832000,0.9495174662
2024-08-14,4966,4966.TWO,上櫃,712.138257,734.926681,707.390669,714.037292,1278000,0.9495176762
2024-08-15,4966,4966.TWO,上櫃,721.633358,732.078051,713.0877,730.179016,608000,0.9495175762
2024-08-16,4966,4966.TWO,上櫃,734.926591,738.724661,722.582863,728.279968,713000,0.9495175597
2024-08-19,4966,4966.TWO,上櫃,735.876099,736.825616,727.330441,735.876099,314000,0.9495175466
2024-08-20,4966,4966.TWO,上櫃,741.573197,744.42175,733.977057,734.926575,667000,0.9495175384
2024-08-21,4966,4966.TWO,上櫃,736.825574,742.522679,729.229434,738.724609,632000,0.9495174928
2024-08-22,4966,4966.TWO,上櫃,742.443661,767.383629,739.565973,745.32135,778000,0.9592295368
2024-08-23,4966,4966.TWO,上櫃,739.565977,745.321354,735.729059,741.484436,354000,0.9592295421
2024-08-26,4966,4966.TWO,上櫃,755.872877,760.669025,743.402893,743.402893,431000,0.9592295394
2024-08-27,4966,4966.TWO,上櫃,739.565974,752.995187,739.565974,744.362122,341000,0.9592295381
2024-08-28,4966,4966.TWO,上櫃,748.199046,752.035964,735.729062,738.60675,309000,0.9592295461
2024-08-29,4966,4966.TWO,上櫃,729.014429,771.220528,729.014429,763.546692,810000,0.9592295124
2024-08-30,4966,4966.TWO,上櫃,763.546745,770.261353,759.709827,770.261353,474000,0.9592295797
2024-09-02,4966,4966.TWO,上櫃,779.853667,783.690585,753.954468,753.954468,611000,0.9592296028
2024-09-03,4966,4966.TWO,上櫃,757.791337,772.17978,742.443665,742.443665,532000,0.9592295408
2024-09-04,4966,4966.TWO,上櫃,703.115306,713.666832,691.604551,693.52301,881000,0.9592296131
2024-09-05,4966,4966.TWO,上櫃,700.237597,725.177566,695.441449,711.748352,533000,0.959229585
2024-09-06,4966,4966.TWO,上櫃,716.544443,730.932885,705.033688,707.911377,453000,0.9592295081
2024-09-09,4966,4966.TWO,上櫃,695.441404,707.911388,695.441404,697.359863,283000,0.9592295231
2024-09-10,4966,4966.TWO,上櫃,707.911333,709.829792,686.808285,690.645203,325000,0.9592294481
2024-09-11,4966,4966.TWO,上櫃,696.400625,707.911379,688.726789,705.99292,349000,0.9592295108
2024-09-12,4966,4966.TWO,上櫃,718.462951,726.136787,711.748344,719.42218,693000,0.9592295736
2024-09-13,4966,4966.TWO,上櫃,717.503728,728.055254,711.748351,712.707581,295000,0.9592295835
2024-09-16,4966,4966.TWO,上櫃,717.50367,725.177506,707.911375,709.829834,225000,0.9592295054
2024-09-18,4966,4966.TWO,上櫃,714.625996,714.625996,696.400635,696.400635,224000,0.9592295245
2024-09-19,4966,4966.TWO,上櫃,699.278377,706.952214,695.441459,703.115295,284000,0.9592295981
2024-09-20,4966,4966.TWO,上櫃,716.544511,718.46297,698.319148,702.156067,484000,0.9592295996
2024-09-23,4966,4966.TWO,上櫃,703.11523,713.666755,701.196771,706.952148,314000,0.9592295094
2024-09-24,4966,4966.TWO,上櫃,706.952155,713.666762,695.441401,700.237549,449000,0.9592295189
2024-09-25,4966,4966.TWO,上櫃,709.829853,759.709789,707.911394,749.158264,1567000,0.9592295316
2024-09-26,4966,4966.TWO,上櫃,761.628256,762.587486,736.688288,741.484436,713000,0.9592295421
2024-09-27,4966,4966.TWO,上櫃,749.158265,776.016692,745.321347,748.199036,1009000,0.9592295329
2024-09-30,4966,4966.TWO,上櫃,748.199118,748.199118,728.055296,729.973755,469000,0.9592296385
2024-10-01,4966,4966.TWO,上櫃,739.565939,739.565939,718.462891,718.462891,362000,0.9592294935
2024-10-04,4966,4966.TWO,上櫃,721.340656,725.177574,704.074523,705.033752,509000,0.9592295952
2024-10-07,4966,4966.TWO,上櫃,714.625985,718.462903,701.196771,706.952148,329000,0.9592295094
2024-10-08,4966,4966.TWO,上櫃,709.829902,709.829902,693.522998,704.074524,384000,0.9592295966
2024-10-09,4966,4966.TWO,上櫃,705.992929,711.748306,696.400634,697.359863,685000,0.9592295231
2024-10-11,4966,4966.TWO,上櫃,704.074461,711.748297,699.278313,705.99292,277000,0.9592295108
2024-10-14,4966,4966.TWO,上櫃,705.992975,713.666811,705.033745,711.748352,360000,0.959229585
2024-10-15,4966,4966.TWO,上櫃,716.544491,720.38141,710.789114,719.42218,410000,0.9592295736
2024-10-16,4966,4966.TWO,上櫃,719.42219,719.42219,702.156057,710.789124,794000,0.9592295864
2024-10-17,4966,4966.TWO,上櫃,714.626041,715.58527,705.992975,711.748352,446000,0.959229585
2024-10-18,4966,4966.TWO,上櫃,714.626004,721.340611,687.767577,688.726807,829000,0.9592295357
2024-10-21,4966,4966.TWO,上櫃,693.522981,725.177557,693.522981,720.381409,1007000,0.9592295722
2024-10-22,4966,4966.TWO,上櫃,717.503706,733.810608,716.544476,733.810608,563000,0.9592295528
2024-10-23,4966,4966.TWO,上櫃,727.096016,729.014475,716.54449,720.381409,471000,0.9592295722
2024-10-24,4966,4966.TWO,上櫃,720.381343,741.484391,720.381343,725.17749,955000,0.9592294844
2024-10-25,4966,4966.TWO,上櫃,729.014415,731.892104,715.585202,718.462891,416000,0.9592294935
2024-10-28,4966,4966.TWO,上櫃,721.340657,724.218345,702.156065,704.074524,547000,0.9592295966
2024-10-29,4966,4966.TWO,上櫃,704.074475,704.074475,690.645262,692.563721,365000,0.9592295301
2024-10-30,4966,4966.TWO,上櫃,700.237625,712.70761,680.093803,686.808411,695000,0.9592296238
2024-11-01,4966,4966.TWO,上櫃,652.276127,652.276127,623.499239,648.439209,2253000,0.9592295991
2024-11-04,4966,4966.TWO,上櫃,648.439163,650.357622,631.173032,634.05072,871000,0.9592295313
2024-11-05,4966,4966.TWO,上櫃,634.050729,640.765336,625.417664,625.417664,620000,0.9592295454
2024-11-06,4966,4966.TWO,上櫃,634.050759,657.072269,631.17307,654.19458,974000,0.9592295896
2024-11-07,4966,4966.TWO,上櫃,658.031435,662.827583,654.194517,656.112976,669000,0.9592294972
2024-11-08,4966,4966.TWO,上櫃,662.827651,671.460717,650.357666,650.357666,516000,0.9592295959
2024-11-11,4966,4966.TWO,上櫃,650.357648,666.664551,649.398419,666.664551,808000,0.9592295695
2024-11-12,4966,4966.TWO,上櫃,660.909189,666.664567,652.276123,652.276123,536000,0.9592295927
2024-11-13,4966,4966.TWO,上櫃,654.194524,658.031442,647.479917,649.398376,304000,0.9592295073
2024-11-14,4966,4966.TWO,上櫃,651.316844,655.153762,635.969171,641.724548,334000,0.9592295192
2024-11-15,4966,4966.TWO,上櫃,643.643076,645.561536,632.132321,635.01001,329000,0.959229622
2024-11-18,4966,4966.TWO,上櫃,635.01002,635.01002,626.376953,626.376953,266000,0.9592296373
2024-11-19,4966,4966.TWO,上櫃,629.254575,638.84687,628.295345,632.132263,368000,0.9592295344
2024-11-20,4966,4966.TWO,上櫃,642.683777,649.398383,640.765318,642.683777,485658,0.9592295177
2024-11-21,4966,4966.TWO,上櫃,642.683781,654.194535,637.887633,638.846863,473000,0.9592295237
2024-11-22,4966,4966.TWO,上櫃,647.479915,657.072211,644.602227,651.316833,515000,0.9592295044
2024-11-25,4966,4966.TWO,上櫃,658.9907,695.441423,657.072241,680.09375,1132000,0.9592295487
2024-11-26,4966,4966.TWO,上櫃,683.930668,714.626014,674.338373,680.09375,2049000,0.9592295487
2024-11-27,4966,4966.TWO,上櫃,687.767615,688.726844,654.194579,655.153809,1154000,0.959229588
2024-11-28,4966,4966.TWO,上櫃,658.031498,664.746106,645.561514,654.19458,526000,0.9592295896
2024-11-29,4966,4966.TWO,上櫃,654.194566,667.62378,648.439189,666.664551,569000,0.9592295695
2024-12-02,4966,4966.TWO,上櫃,670.501455,681.05298,670.501455,680.09375,543000,0.9592295487
2024-12-03,4966,4966.TWO,上櫃,685.849185,688.726874,675.29766,682.971497,454000,0.95922963
2024-12-04,4966,4966.TWO,上櫃,687.7676,726.136783,685.849141,723.259094,1651000,0.959229568
2024-12-05,4966,4966.TWO,上櫃,733.810608,756.832117,729.01446,733.810608,2206000,0.9592295528
2024-12-06,4966,4966.TWO,上櫃,733.810552,742.443617,728.055175,729.014404,951000,0.9592294793
2024-12-09,4966,4966.TWO,上櫃,736.688307,737.647537,717.503716,724.218323,677000,0.9592295666
2024-12-10,4966,4966.TWO,上櫃,728.05519,732.851337,712.707518,714.625977,858000,0.9592294987
2024-12-11,4966,4966.TWO,上櫃,714.62604,722.299876,705.992973,712.707581,537000,0.9592295835
2024-12-12,4966,4966.TWO,上櫃,719.422189,729.014485,711.748352,711.748352,747000,0.959229585
2024-12-13,4966,4966.TWO,上櫃,725.177534,746.280584,713.666779,741.484436,1117000,0.9592295421
2024-12-16,4966,4966.TWO,上櫃,745.321375,752.035982,719.422177,722.299866,1344000,0.9592295694
2024-12-17,4966,4966.TWO,上櫃,722.299827,760.669007,722.299827,759.709778,1549000,0.9592295175
2024-12-18,4966,4966.TWO,上櫃,753.954466,783.690583,734.769874,755.872925,2229000,0.9592296
2024-12-19,4966,4966.TWO,上櫃,741.484436,747.239813,736.688288,741.484436,937000,0.9592295421
2024-12-20,4966,4966.TWO,上櫃,744.362123,770.26132,743.402893,743.402893,1384000,0.9592295394
2024-12-23,4966,4966.TWO,上櫃,751.076723,756.8321,743.402887,749.158264,620000,0.9592295316
2024-12-24,4966,4966.TWO,上櫃,753.95447,759.709848,743.402944,752.036011,582000,0.9592296055
2024-12-25,4966,4966.TWO,上櫃,756.832159,769.302144,751.076781,752.036011,654000,0.9592296055
2024-12-26,4966,4966.TWO,上櫃,756.832104,758.750563,738.606742,746.280579,635000,0.9592295355
2024-12-27,4966,4966.TWO,上櫃,746.280578,757.791332,740.5252,747.239807,397000,0.9592295342
2024-12-30,4966,4966.TWO,上櫃,745.321418,749.158336,733.810662,739.56604,299000,0.9592296239
2024-12-31,4966,4966.TWO,上櫃,735.729065,738.606754,729.973688,735.729065,270000,0.9592295501
2025-01-02,4966,4966.TWO,上櫃,736.688329,737.647559,705.033752,705.033752,724000,0.9592295952
2025-01-03,4966,4966.TWO,上櫃,707.911379,712.707526,703.115231,705.99292,304000,0.9592295108
2025-01-06,4966,4966.TWO,上櫃,717.503716,726.136782,706.952191,724.218323,406000,0.9592295666
2025-01-07,4966,4966.TWO,上櫃,728.055231,738.606756,726.136771,733.810608,482000,0.9592295528
2025-01-08,4966,4966.TWO,上櫃,726.136786,729.014475,711.748343,720.381409,693000,0.9592295722
2025-01-09,4966,4966.TWO,上櫃,718.462857,718.462857,679.134449,690.645203,909000,0.9592294481
2025-01-10,4966,4966.TWO,上櫃,685.849183,700.237628,679.134576,684.889954,464000,0.9592296269
2025-01-13,4966,4966.TWO,上櫃,684.889861,684.889861,655.153747,656.112976,478000,0.9592294972
2025-01-14,4966,4966.TWO,上櫃,659.94989,665.705267,650.357595,659.94989,386000,0.9592294915
2025-01-15,4966,4966.TWO,上櫃,659.949954,663.786873,653.235347,657.072266,223000,0.9592295849
2025-01-16,4966,4966.TWO,上櫃,669.542229,679.134525,666.66454,676.256836,278000,0.9592295545
2025-01-17,4966,4966.TWO,上櫃,679.134478,682.012166,661.868347,661.868347,297000,0.9592294886
2025-01-20,4966,4966.TWO,上櫃,673.37915,677.216069,664.746084,673.37915,135000,0.959229559
2025-01-21,4966,4966.TWO,上櫃,673.379143,682.971439,667.623766,680.09375,313000,0.9592295487
2025-01-22,4966,4966.TWO,上櫃,684.889907,689.686055,670.501464,671.460693,322000,0.9592295619
2025-02-03,4966,4966.TWO,上櫃,648.439186,673.379155,644.602268,669.542236,480380,0.9592295649
2025-02-04,4966,4966.TWO,上櫃,676.256889,684.889956,661.868445,682.971497,434108,0.95922963
2025-02-05,4966,4966.TWO,上櫃,689.686048,689.686048,678.175293,678.175293,858324,0.9592295516
2025-02-06,4966,4966.TWO,上櫃,709.82986,728.055221,685.849121,685.849121,1890359,0.95922954
2025-02-07,4966,4966.TWO,上櫃,685.84911,699.278323,683.930651,696.400635,480199,0.9592295245
2025-02-10,4966,4966.TWO,上櫃,694.482242,694.482242,682.971487,691.604553,463012,0.9592296161
2025-02-11,4966,4966.TWO,上櫃,696.400669,696.400669,661.868404,665.705322,1955980,0.959229571
2025-02-12,4966,4966.TWO,上櫃,667.623781,675.297618,662.827634,665.705322,907115,0.959229571
2025-02-13,4966,4966.TWO,上櫃,671.4607,672.419929,662.827634,665.705322,839665,0.959229571
2025-02-14,4966,4966.TWO,上櫃,667.623767,679.134521,667.623767,679.134521,565285,0.9592295501
2025-02-17,4966,4966.TWO,上櫃,682.012208,689.686044,677.21606,681.052979,468211,0.9592295472
2025-02-18,4966,4966.TWO,上櫃,684.889894,688.726812,678.175287,683.930664,465207,0.9592295429
2025-02-19,4966,4966.TWO,上櫃,685.849125,688.726814,682.012207,682.012207,335110,0.9592295458
2025-02-20,4966,4966.TWO,上櫃,682.971438,689.686044,677.21606,681.052979,335144,0.9592295472
2025-02-21,4966,4966.TWO,上櫃,685.849123,689.686041,680.093746,683.930664,395294,0.9592295429
2025-02-24,4966,4966.TWO,上櫃,683.930659,691.604495,680.093741,688.726807,492183,0.9592295357
2025-02-25,4966,4966.TWO,上櫃,685.849139,685.849139,669.542236,669.542236,740050,0.9592295649
2025-02-26,4966,4966.TWO,上櫃,672.419929,672.419929,663.786863,665.705322,534285,0.959229571
2025-02-27,4966,4966.TWO,上櫃,669.542254,671.460713,647.479973,654.19458,933192,0.9592295896
2025-03-03,4966,4966.TWO,上櫃,650.357684,650.357684,631.173091,635.01001,1023658,0.959229622
2025-03-04,4966,4966.TWO,上櫃,636.162141,637.131901,611.918157,622.58551,852241,0.9697593618
2025-03-05,4966,4966.TWO,上櫃,628.404054,641.010925,622.585498,641.010925,710149,0.9697593423
2025-03-06,4966,4966.TWO,上櫃,646.829454,656.527047,641.980658,652.64801,880739,0.969759302
2025-03-07,4966,4966.TWO,上櫃,649.738737,654.587533,640.041144,650.708496,687150,0.9697593086
2025-03-10,4966,4966.TWO,上櫃,654.587545,673.012972,650.708508,672.043213,930478,0.969759326
2025-03-11,4966,4966.TWO,上櫃,654.587507,664.2851,641.010877,662.345581,939384,0.9697592695
2025-03-12,4966,4966.TWO,上櫃,664.285131,668.164168,647.799223,648.768982,745427,0.9697593153
2025-03-13,4966,4966.TWO,上櫃,654.58757,659.436367,634.222623,635.192383,482305,0.9697593631
2025-03-14,4966,4966.TWO,上櫃,639.071372,644.889928,627.434261,629.373779,325344,0.9697592901
2025-03-17,4966,4966.TWO,上櫃,634.222582,642.950416,630.343545,640.041138,371400,0.9697592995
2025-03-18,4966,4966.TWO,上櫃,642.950435,651.678269,641.980676,644.889954,300420,0.9697593287
2025-03-19,4966,4966.TWO,上櫃,645.859691,654.587524,641.980654,654.587524,408440,0.9697592954
2025-03-20,4966,4966.TWO,上櫃,656.527071,660.406109,650.708515,655.557312,447934,0.9697593373
2025-03-21,4966,4966.TWO,上櫃,656.527043,656.527043,650.708487,654.587524,371247,0.9697592954
2025-03-24,4966,4966.TWO,上櫃,664.285165,664.285165,647.799255,647.799255,371295,0.9697593643
2025-03-25,4966,4966.TWO,上櫃,647.799227,652.648024,641.010912,646.829468,378274,0.969759322
2025-03-26,4966,4966.TWO,上櫃,646.829491,651.678288,646.829491,649.73877,232116,0.9697593575
2025-03-27,4966,4966.TWO,上櫃,641.0109,641.0109,625.494751,625.494751,485235,0.9697593038
2025-03-28,4966,4966.TWO,上櫃,620.645949,621.615709,587.674133,587.674133,925534,0.9697592959
2025-03-31,4966,4966.TWO,上櫃,571.188225,575.067262,542.095446,547.914001,1282149,0.9697592946
2025-04-01,4966,4966.TWO,上櫃,553.732589,589.613685,549.853551,586.704407,771510,0.96975935
2025-04-02,4966,4966.TWO,上櫃,581.855588,598.341496,575.067273,596.401978,321057,0.9697593131
2025-04-07,4966,4966.TWO,上櫃,537.246643,537.246643,537.246643,537.246643,23775,0.9697592835
2025-04-08,4966,4966.TWO,上櫃,484.394792,495.547024,483.909912,483.909912,933965,0.9697593429
2025-04-09,4966,4966.TWO,上櫃,444.149784,466.454249,435.90683,435.90683,909198,0.9697593545
2025-04-10,4966,4966.TWO,上櫃,479.061096,479.061096,477.121578,479.061096,783012,0.969759304
2025-04-11,4966,4966.TWO,上櫃,454.332248,486.819186,438.331219,485.849426,860330,0.9697593339
2025-04-14,4966,4966.TWO,上櫃,499.426045,516.881712,495.547008,504.274841,809200,0.9697593102
2025-04-15,4966,4966.TWO,上櫃,513.972464,522.700298,506.214389,517.851501,852259,0.969759366
2025-04-16,4966,4966.TWO,上櫃,515.911955,515.911955,502.335325,503.305084,459182,0.9697593145
2025-04-17,4966,4966.TWO,上櫃,504.274858,512.032933,494.577265,510.093414,454141,0.9697593428
2025-04-18,4966,4966.TWO,上櫃,513.002673,514.942191,503.30508,505.244598,262021,0.9697593059
2025-04-21,4966,4966.TWO,上櫃,504.274859,505.244619,495.547025,496.516785,404352,0.9697593451
2025-04-22,4966,4966.TWO,上櫃,497.486529,497.486529,484.879658,489.728455,402164,0.969759316
2025-04-23,4966,4966.TWO,上櫃,499.426045,513.972434,499.426045,504.274841,563181,0.9697593102
2025-04-24,4966,4966.TWO,上櫃,490.698219,491.667979,470.333273,474.212311,2330393,0.9697593268
2025-04-25,4966,4966.TWO,上櫃,484.879641,504.274826,484.879641,497.486511,1301186,0.9697592812
2025-04-28,4966,4966.TWO,上櫃,503.305101,509.123657,501.365582,509.123657,430196,0.9697593471
2025-04-29,4966,4966.TWO,上櫃,510.093431,521.730544,508.153912,515.911987,928228,0.9697593746
2025-04-30,4966,4966.TWO,上櫃,519.790983,529.488576,516.881705,520.760742,638143,0.9697592964
2025-05-02,4966,4966.TWO,上櫃,533.3676,533.3676,519.79097,526.579285,530328,0.9697592719
2025-05-05,4966,4966.TWO,上櫃,526.579323,527.549082,499.426062,510.093414,515477,0.9697593428
2025-05-06,4966,4966.TWO,上櫃,512.03295,516.881747,508.153912,515.911987,249131,0.9697593746
2025-05-07,4966,4966.TWO,上櫃,517.851467,518.821226,504.274837,506.214355,255311,0.9697593017
2025-05-08,4966,4966.TWO,上櫃,511.063177,521.73053,511.063177,521.73053,339211,0.969759349
2025-05-09,4966,4966.TWO,上櫃,523.67002,525.609539,516.881705,520.760742,175171,0.9697592964
2025-05-12,4966,4966.TWO,上櫃,524.639778,552.762798,521.730501,547.914001,819344,0.9697592946
2025-05-13,4966,4966.TWO,上櫃,562.46042,562.46042,547.91403,548.883789,505034,0.9697593446
2025-05-14,4966,4966.TWO,上櫃,552.762793,557.61159,548.883756,549.853516,389565,0.9697592868
2025-05-15,4966,4966.TWO,上櫃,554.702341,557.611619,545.974507,550.823303,393115,0.9697593367
2025-05-16,4966,4966.TWO,上櫃,548.883761,552.762798,544.034964,547.914001,309445,0.9697592946
2025-05-19,4966,4966.TWO,上櫃,545.004732,548.88377,540.155936,544.034973,262130,0.9697593104
2025-05-20,4966,4966.TWO,上櫃,552.762846,557.611642,547.914049,553.732605,357075,0.9697593782
2025-05-21,4966,4966.TWO,上櫃,558.581355,561.490633,554.702318,560.520874,303315,0.9697592976
2025-05-22,4966,4966.TWO,上櫃,554.702336,563.43017,545.974502,552.762817,442268,0.9697593287
2025-05-23,4966,4966.TWO,上櫃,555.672069,571.188217,548.883754,564.399902,234285,0.9697592824
2025-05-26,4966,4966.TWO,上櫃,564.399925,566.339443,554.702332,554.702332,405467,0.9697593209
2025-05-27,4966,4966.TWO,上櫃,555.672054,559.551091,553.732535,557.611572,220213,0.9697592561
2025-05-28,4966,4966.TWO,上櫃,564.399953,572.158028,551.793082,555.672119,393103,0.9697593702
2025-05-29,4966,4966.TWO,上櫃,560.520907,562.460426,554.702351,559.551147,204444,0.9697593544
2025-06-02,4966,4966.TWO,上櫃,556.641877,556.641877,527.549096,530.458374,538347,0.9697593675
2025-06-03,4966,4966.TWO,上櫃,541.125727,542.095486,527.549096,530.458374,175063,0.9697593675
2025-06-04,4966,4966.TWO,上櫃,537.246652,538.216411,530.458337,533.367615,533242,0.9697592995
2025-06-05,4966,4966.TWO,上櫃,534.337348,545.0047,528.518792,545.0047,553232,0.9697592521
2025-06-06,4966,4966.TWO,上櫃,545.004747,551.793063,540.155951,550.823303,237462,0.9697593367
2025-06-09,4966,4966.TWO,上櫃,553.732557,553.732557,547.914001,547.914001,135458,0.9697592946
2025-06-10,4966,4966.TWO,上櫃,549.853526,558.58136,549.853526,558.58136,246345,0.9697593053
2025-06-11,4966,4966.TWO,上櫃,558.581384,562.460421,556.641865,561.490662,270166,0.9697593465
2025-06-12,4966,4966.TWO,上櫃,563.430128,563.430128,552.762776,557.611572,307253,0.9697592561
2025-06-13,4966,4966.TWO,上櫃,557.611614,567.309207,552.762817,552.762817,553914,0.9697593287
2025-06-16,4966,4966.TWO,上櫃,550.823322,557.611638,541.125729,555.672119,350230,0.9697593702
2025-06-17,4966,4966.TWO,上櫃,560.52087,577.006778,560.52087,562.460388,604310,0.96975929
2025-06-18,4966,4966.TWO,上櫃,562.460421,571.188255,558.581384,561.490662,406075,0.9697593465
2025-06-19,4966,4966.TWO,上櫃,557.611594,560.520872,545.974483,547.914001,377240,0.9697592946
2025-06-20,4966,4966.TWO,上櫃,548.883794,553.73259,536.276922,546.944275,305209,0.9697593527
2025-06-23,4966,4966.TWO,上櫃,533.367653,546.944284,522.7003,543.065247,502039,0.9697593689
2025-06-24,4966,4966.TWO,上櫃,548.883786,564.399935,548.883786,563.430176,362370,0.9697593387
2025-06-25,4966,4966.TWO,上櫃,567.309209,574.097524,559.551134,565.36969,366005,0.9697593309
2025-06-26,4966,4966.TWO,上櫃,570.218449,577.976523,567.309171,568.278931,351080,0.9697592673
2025-06-27,4966,4966.TWO,上櫃,573.127757,592.522943,569.24872,581.855591,860770,0.969759318
2025-06-30,4966,4966.TWO,上櫃,589.613674,589.613674,574.097525,577.976562,429318,0.9697593331
2025-07-01,4966,4966.TWO,上櫃,578.946307,584.764863,570.218473,571.188232,531754,0.969759308
2025-07-02,4966,4966.TWO,上櫃,568.278963,573.12776,566.339445,567.309204,321529,0.9697593233
2025-07-03,4966,4966.TWO,上櫃,571.188261,579.916095,568.278983,572.15802,301079,0.969759356
2025-07-04,4966,4966.TWO,上櫃,577.976523,577.976523,566.339412,568.278931,288196,0.9697592673
2025-07-07,4966,4966.TWO,上櫃,572.157961,572.157961,555.672054,557.611572,361120,0.9697592561
2025-07-08,4966,4966.TWO,上櫃,556.641811,556.641811,543.065181,545.0047,415778,0.9697592521
2025-07-09,4966,4966.TWO,上櫃,545.004771,567.309237,545.004771,566.339478,369078,0.9697593793
2025-07-10,4966,4966.TWO,上櫃,566.339408,575.067241,563.43013,570.218445,309070,0.9697592599
2025-07-11,4966,4966.TWO,上櫃,570.218464,582.825335,570.218464,575.067261,470023,0.969759293
2025-07-14,4966,4966.TWO,上櫃,578.946301,578.946301,560.520874,560.520874,231460,0.9697592976
2025-07-15,4966,4966.TWO,上櫃,564.399959,569.248756,561.490681,566.339478,119200,0.9697593793
2025-07-16,4966,4966.TWO,上櫃,568.278954,580.885826,568.278954,571.188232,343212,0.969759308
2025-07-17,4966,4966.TWO,上櫃,577.976549,585.734624,570.218475,583.795105,433461,0.9697593106
2025-07-18,4966,4966.TWO,上櫃,591.553203,600.281038,585.734647,586.704407,718594,0.96975935
2025-07-21,4966,4966.TWO,上櫃,588.643902,589.613661,581.855586,583.795105,277256,0.9697593106
2025-07-22,4966,4966.TWO,上櫃,583.795117,592.522951,565.36969,565.36969,629410,0.9697593309
2025-07-23,4966,4966.TWO,上櫃,572.157989,585.734619,572.157989,585.734619,418098,0.9697593032
2025-07-24,4966,4966.TWO,上櫃,590.583416,591.553175,581.855582,585.734619,225165,0.9697593032
2025-07-25,4966,4966.TWO,上櫃,581.855628,585.734666,578.94635,578.94635,176214,0.9697593804
2025-07-28,4966,4966.TWO,上櫃,579.91609,580.88585,573.127775,574.097534,202148,0.9697593483
2025-07-29,4966,4966.TWO,上櫃,572.157963,577.00676,567.309167,570.218445,242276,0.9697592599
2025-07-30,4966,4966.TWO,上櫃,571.188222,574.0975,560.52087,562.460388,430145,0.96975929
2025-07-31,4966,4966.TWO,上櫃,565.369646,565.369646,553.732535,557.611572,544603,0.9697592561
2025-08-04,4966,4966.TWO,上櫃,583.795136,628.404066,582.825376,622.58551,1895223,0.9697593618
2025-08-05,4966,4966.TWO,上櫃,637.131898,681.740828,626.464545,649.73877,3217529,0.9697593575
2025-08-06,4966,4966.TWO,上櫃,647.799255,655.55733,638.101662,647.799255,1494762,0.9697593643
2025-08-07,4966,4966.TWO,上櫃,650.708501,681.740799,642.950426,648.768982,2631723,0.9697593153
2025-08-08,4966,4966.TWO,上櫃,654.58752,671.073428,622.585463,656.527039,3379596,0.9697592889
2025-08-11,4966,4966.TWO,上櫃,664.285149,695.317448,653.617797,693.37793,2673502,0.9697593422
2025-08-12,4966,4966.TWO,上櫃,696.287198,760.291314,689.498883,737.01709,6443023,0.9697593287
2025-08-13,4966,4966.TWO,上櫃,753.503038,773.867985,737.986888,759.321594,5761058,0.9697593796
2025-08-14,4966,4966.TWO,上櫃,774.837688,790.353837,753.502983,769.988892,3137569,0.9697593093
2025-08-15,4966,4966.TWO,上櫃,781.626031,821.386164,781.626031,810.718811,4328377,0.9697593433
2025-08-18,4966,4966.TWO,上櫃,823.32568,823.32568,781.626029,785.505066,3473126,0.9697593406
2025-08-19,4966,4966.TWO,上櫃,779.686454,785.50501,750.593676,756.412231,3680605,0.9697592711
2025-08-20,4966,4966.TWO,上櫃,756.412273,764.170348,733.138049,751.563477,2492225,0.9697593246
2025-08-21,4966,4966.TWO,上櫃,765.582352,809.750564,765.582352,801.898438,3671490,0.9815158354
2025-08-22,4966,4966.TWO,上櫃,809.750568,809.750568,763.619324,763.619324,2438803,0.9815158403
2025-08-25,4966,4966.TWO,上櫃,783.249641,787.175704,763.619324,763.619324,1545001,0.9815158403
2025-08-26,4966,4966.TWO,上櫃,767.545384,796.99086,759.693258,789.138733,2313809,0.981515837
2025-08-27,4966,4966.TWO,上櫃,798.953883,798.953883,776.379019,777.360535,1276620,0.9815158266
2025-08-28,4966,4966.TWO,上櫃,779.323587,791.101777,759.69327,762.637817,1830576,0.9815158525
2025-08-29,4966,4966.TWO,上櫃,768.526874,780.305064,764.600811,766.563843,1108459,0.9815158038
2025-09-01,4966,4966.TWO,上櫃,761.656285,764.600833,728.284747,739.081421,1927533,0.9815158312
2025-09-02,4966,4966.TWO,上櫃,747.91504,752.822619,732.210787,735.155334,843070,0.9815158004
2025-09-03,4966,4966.TWO,上櫃,735.155329,755.767161,732.210782,742.02594,738458,0.9815157936
2025-09-04,4966,4966.TWO,上櫃,753.804169,788.157224,751.841138,769.508423,2440716,0.9815158455
2025-09-05,4966,4966.TWO,上櫃,779.323537,803.861432,757.73019,793.064758,3163033,0.98151579
2025-09-08,4966,4966.TWO,上櫃,811.713583,811.713583,784.23114,784.23114,1411964,0.9815158199
2025-09-09,4966,4966.TWO,上櫃,785.21269,791.101785,767.545405,774.416016,1663264,0.9815158626
2025-09-10,4966,4966.TWO,上櫃,793.064798,807.787535,776.379028,776.379028,2112057,0.9815158386
2025-09-11,4966,4966.TWO,上櫃,778.342057,785.212668,757.730225,757.730225,2247377,0.981515835
2025-09-12,4966,4966.TWO,上櫃,770.489914,787.175683,763.619304,778.342041,1230460,0.9815158146
2025-09-15,4966,4966.TWO,上櫃,778.342056,785.212667,759.693255,770.489929,808298,0.9815158334
2025-09-16,4966,4966.TWO,上櫃,778.342039,803.86145,772.452944,803.86145,1869120,0.9815158122
2025-09-17,4966,4966.TWO,上櫃,804.843006,814.658164,783.249657,787.17572,2022766,0.9815158606
2025-09-18,4966,4966.TWO,上櫃,794.046293,863.733916,793.064778,848.029663,4781875,0.9815158138
2025-09-19,4966,4966.TWO,上櫃,858.826339,860.789371,763.619305,765.582336,5365493,0.9815158159
2025-09-22,4966,4966.TWO,上櫃,751.841106,768.526874,739.0814,766.563843,2561956,0.9815158038
2025-09-23,4966,4966.TWO,上櫃,769.50841,774.41599,748.896578,751.841125,1535373,0.9815158296
2025-09-24,4966,4966.TWO,上櫃,763.61932,771.471446,751.84113,757.730225,1059351,0.981515835
2025-09-25,4966,4966.TWO,上櫃,762.637819,765.582366,745.952049,749.878113,957493,0.9815158544
2025-09-26,4966,4966.TWO,上櫃,750.859587,753.804135,716.506534,735.155334,1432501,0.9815158004
2025-09-30,4966,4966.TWO,上櫃,741.044444,743.988992,720.432612,727.303223,875412,0.98151582
2025-10-01,4966,4966.TWO,上櫃,727.303223,737.118381,724.358675,727.303223,495530,0.98151582
2025-10-02,4966,4966.TWO,上櫃,731.229295,740.062938,726.321716,726.321716,563893,0.9815158328
2025-10-03,4966,4966.TWO,上櫃,750.859586,779.323544,750.859586,760.674744,1859908,0.9815157983
2025-10-07,4966,4966.TWO,上櫃,773.434445,773.434445,749.878066,754.785645,826974,0.9815157926
2025-10-08,4966,4966.TWO,上櫃,760.674786,773.434492,755.767206,762.637817,970404,0.9815158525
2025-10-09,4966,4966.TWO,上櫃,765.582327,767.545359,752.822622,766.563843,670223,0.9815158038
2025-10-13,4966,4966.TWO,上櫃,740.06294,757.730225,731.229297,757.730225,869524,0.981515835
2025-10-14,4966,4966.TWO,上櫃,760.674775,772.452965,728.284752,732.210815,1116620,0.9815158384
2025-10-15,4966,4966.TWO,上櫃,738.0999,746.933542,733.192321,745.952026,480812,0.9815158242
2025-10-16,4966,4966.TWO,上櫃,750.859578,757.730188,730.247746,736.136841,991335,0.9815157878
2025-10-17,4966,4966.TWO,上櫃,736.136844,761.656255,734.173813,754.785645,1320528,0.9815157926
2025-10-20,4966,4966.TWO,上櫃,764.600808,766.563839,743.988976,747.915039,657350,0.9815157993
2025-10-21,4966,4966.TWO,上櫃,754.785649,775.397481,754.785649,760.674744,1126789,0.9815157983
2025-10-22,4966,4966.TWO,上櫃,766.563885,787.175718,765.582369,768.526917,1512725,0.9815158576
2025-10-23,4966,4966.TWO,上櫃,759.693228,769.508386,755.767165,760.674744,530590,0.9815157983
2025-10-27,4966,4966.TWO,上櫃,767.545387,773.434482,748.896586,763.619324,815428,0.9815158403
2025-10-28,4966,4966.TWO,上櫃,766.563849,766.563849,746.933533,746.933533,737415,0.9815158117
2025-10-29,4966,4966.TWO,上櫃,750.859607,760.674765,732.210806,733.192322,993442,0.9815158257
2025-10-30,4966,4966.TWO,上櫃,718.469559,718.469559,669.39377,685.098022,4227224,0.9815157915
2025-10-31,4966,4966.TWO,上櫃,687.061103,688.042619,667.430786,667.430786,2099131,0.981515862
2025-11-03,4966,4966.TWO,上櫃,667.430773,674.301383,660.560162,662.523193,1129296,0.981515842
2025-11-04,4966,4966.TWO,上櫃,667.430788,668.412304,652.70805,654.671082,1485215,0.9815158644
2025-11-05,4966,4966.TWO,上櫃,648.781963,658.597122,637.985289,650.744995,1203206,0.9815158297
2025-11-06,4966,4966.TWO,上櫃,653.689566,661.541693,651.726534,654.671082,683327,0.9815158644
2025-11-07,4966,4966.TWO,上櫃,648.781969,651.726516,642.892874,643.87439,699184,0.9815158379
2025-11-10,4966,4966.TWO,上櫃,647.800472,652.708051,638.966829,641.911377,526771,0.9815158669
2025-11-11,4966,4966.TWO,上櫃,645.837403,650.744982,633.077698,633.077698,792662,0.9815158105
2025-11-12,4966,4966.TWO,上櫃,637.985272,647.80043,636.02224,639.948303,357730,0.9815158025
2025-11-13,4966,4966.TWO,上櫃,647.800448,651.726511,641.911353,650.744995,593780,0.9815158297
2025-11-14,4966,4966.TWO,上櫃,644.855882,657.615588,636.02224,639.948303,929084,0.9815158025
2025-11-17,4966,4966.TWO,上櫃,646.818919,646.818919,633.077698,633.077698,342635,0.9815158105
2025-11-18,4966,4966.TWO,上櫃,625.225603,652.708047,619.336508,636.022278,1772774,0.9815158609
2025-11-19,4966,4966.TWO,上櫃,637.003752,640.929815,621.2995,621.2995,990795,0.981515797
2025-11-20,4966,4966.TWO,上櫃,633.077736,637.003799,619.336514,629.151672,713320,0.9815158695
2025-11-21,4966,4966.TWO,上櫃,621.299547,627.188642,612.465904,616.391968,707603,0.9815158723
2025-11-24,4966,4966.TWO,上櫃,624.24407,638.966808,614.428912,625.225586,1225705,0.9815158335
2025-11-25,4966,4966.TWO,上櫃,630.133155,638.966797,626.207091,638.966797,510928,0.981515817
2025-11-26,4966,4966.TWO,上櫃,645.837421,649.763485,639.948326,643.87439,415119,0.9815158379
2025-11-27,4966,4966.TWO,上櫃,644.855877,663.504677,642.892846,646.818909,628587,0.9815157947
2025-11-28,4966,4966.TWO,上櫃,651.72653,656.634109,648.781982,648.781982,343922,0.9815158584
2025-12-01,4966,4966.TWO,上櫃,648.78198,650.745012,625.225599,630.133179,713758,0.9815158547
2025-12-02,4966,4966.TWO,上櫃,634.059233,637.00378,630.133169,631.114685,319428,0.9815158399
2025-12-03,4966,4966.TWO,上櫃,635.040729,636.022245,629.151635,633.077698,224007,0.9815158105
2025-12-04,4966,4966.TWO,上櫃,637.003786,637.003786,619.3365,624.24408,381516,0.9815158484
2025-12-05,4966,4966.TWO,上櫃,624.244095,626.207126,612.465904,616.391968,450342,0.9815158723
2025-12-08,4966,4966.TWO,上櫃,619.336496,623.26256,614.428917,618.35498,266154,0.981515842
2025-12-09,4966,4966.TWO,上櫃,618.354996,618.354996,608.539837,610.502869,406295,0.981515866
2025-12-10,4966,4966.TWO,上櫃,611.484371,613.447403,603.632244,605.595276,360220,0.9815158442
2025-12-11,4966,4966.TWO,上櫃,607.558313,614.428924,592.835575,598.72467,602130,0.9815158531
2025-12-12,4966,4966.TWO,上櫃,599.70614,601.669171,590.872498,590.872498,415132,0.9815157767
2025-12-15,4966,4966.TWO,上櫃,583.020371,594.798561,575.168245,590.872498,599121,0.9815157767
2025-12-16,4966,4966.TWO,上櫃,589.890982,590.872498,573.205214,578.112793,722173,0.9815157775
2025-12-17,4966,4966.TWO,上櫃,577.131307,580.075854,562.408569,562.408569,902803,0.9815158278
2025-12-18,4966,4966.TWO,上櫃,559.464013,561.427045,550.630371,550.630371,815121,0.981515813
2025-12-19,4966,4966.TWO,上櫃,557.501011,559.464042,546.704336,547.685852,1019260,0.9815158639
2025-12-22,4966,4966.TWO,上櫃,554.556448,559.464027,553.574932,555.537964,437570,0.9815158372
2025-12-23,4966,4966.TWO,上櫃,559.464033,560.445549,548.667358,548.667358,424116,0.9815158469
2025-12-24,4966,4966.TWO,上櫃,551.611901,567.316154,551.611901,555.537964,890905,0.9815158372
2025-12-26,4966,4966.TWO,上櫃,558.482521,560.445553,552.593426,554.556458,550570,0.981515854
2025-12-29,4966,4966.TWO,上櫃,555.537985,579.094366,555.537985,572.223755,1509120,0.9815158746
2025-12-30,4966,4966.TWO,上櫃,572.223722,582.03888,566.334627,569.279175,1386345,0.9815158186
2025-12-31,4966,4966.TWO,上櫃,571.24223,578.112841,570.260714,573.205261,1128442,0.9815158583
2026-01-02,4966,4966.TWO,上櫃,574.186763,584.001922,568.297668,568.297668,1234642,0.981515835
2026-01-05,4966,4966.TWO,上櫃,576.149777,578.112808,555.537945,557.500977,1105471,0.9815158038
2026-01-06,4966,4966.TWO,上櫃,559.464039,577.131325,556.519492,573.205261,1311506,0.9815158583
2026-01-07,4966,4966.TWO,上櫃,580.075864,623.262561,580.075864,605.595276,3274070,0.9815158442
2026-01-08,4966,4966.TWO,上櫃,626.207089,641.911342,606.576773,607.558289,3718531,0.9815158135
2026-01-09,4966,4966.TWO,上櫃,613.447373,627.188594,605.595247,621.2995,1795302,0.981515797
2026-01-12,4966,4966.TWO,上櫃,634.05924,635.040755,609.521343,611.484375,1415440,0.9815158507
2026-01-13,4966,4966.TWO,上櫃,611.484368,611.484368,585.964956,586.946472,1845181,0.9815158397
2026-01-14,4966,4966.TWO,上櫃,590.872541,591.854057,577.131319,580.075867,1085180,0.9815158489
2026-01-15,4966,4966.TWO,上櫃,577.131334,584.983461,562.408596,572.223755,1435708,0.9815158746
2026-01-16,4966,4966.TWO,上櫃,577.131287,581.057351,563.390066,564.371582,887150,0.9815157948
2026-01-19,4966,4966.TWO,上櫃,565.353144,575.168303,559.464049,572.223755,970156,0.9815158746
2026-01-20,4966,4966.TWO,上櫃,569.279203,573.205267,562.408592,566.334656,907430,0.9815158679
2026-01-21,4966,4966.TWO,上櫃,563.390067,567.31613,550.630362,551.611877,1189901,0.9815157962
2026-01-22,4966,4966.TWO,上櫃,554.556458,560.445553,549.648878,554.556458,722615,0.981515854
2026-01-23,4966,4966.TWO,上櫃,559.463999,572.223704,555.537936,558.482483,1431196,0.9815157872
2026-01-26,4966,4966.TWO,上櫃,563.390057,568.297636,557.500962,565.353088,921355,0.9815157784
2026-01-27,4966,4966.TWO,上櫃,567.316147,577.131306,562.408568,575.168274,886910,0.9815158258
2026-01-28,4966,4966.TWO,上櫃,579.094356,591.854063,571.24223,573.205261,1203352,0.9815158583
2026-01-29,4966,4966.TWO,上櫃,577.131326,577.131326,558.482525,560.445557,826765,0.981515861
2026-01-30,4966,4966.TWO,上櫃,550.630369,552.5934,519.221863,519.221863,2159349,0.9815158087
2026-02-02,4966,4966.TWO,上櫃,505.480642,514.314285,499.591548,506.462158,913921,0.9815158105
2026-02-03,4966,4966.TWO,上櫃,514.314312,523.147955,510.388249,516.277344,537290,0.9815158626
2026-02-04,4966,4966.TWO,上櫃,516.277325,520.203388,514.314293,518.240356,331185,0.9815158266
2026-02-05,4966,4966.TWO,上櫃,508.425203,525.110973,508.425203,511.369751,563800,0.9815158368
2026-02-06,4966,4966.TWO,上櫃,508.425192,515.295803,495.665486,509.406708,555082,0.9815158146
2026-02-09,4966,4966.TWO,上櫃,520.203401,520.203401,505.480663,507.443695,327137,0.9815158512
2026-02-10,4966,4966.TWO,上櫃,511.369747,513.332778,501.554589,505.480652,379012,0.9815158288
2026-02-11,4966,4966.TWO,上櫃,504.499141,507.443689,491.739436,498.610046,1339655,0.9815158393
2026-02-23,4966,4966.TWO,上櫃,505.480661,505.480661,478.488976,504.499146,1331854,0.9815158473
2026-02-24,4966,4966.TWO,上櫃,504.499129,516.277318,501.554581,509.406708,608633,0.9815158146
2026-02-25,4966,4966.TWO,上櫃,516.277305,532.963074,515.29579,532.963074,1501801,0.9815157896
2026-02-26,4966,4966.TWO,上櫃,531.9816,534.926147,525.110989,534.926147,1082529,0.9815158669
2026-03-02,4966,4966.TWO,上櫃,520.203383,528.055509,516.27732,525.110962,927036,0.9815158167
2026-03-03,4966,4966.TWO,上櫃,525.110944,527.073975,511.369723,514.31427,819863,0.9815157825
2026-03-04,4966,4966.TWO,上櫃,505.480663,505.480663,483.396556,491.739441,1267057,0.9815158501
2026-03-05,4966,4966.TWO,上櫃,505.480645,512.351255,498.610034,509.406708,692614,0.9815158146
2026-03-06,4966,4966.TWO,上櫃,509.406691,515.295786,505.480628,514.31427,485869,0.9815157825
2026-03-09,4966,4966.TWO,上櫃,488.794891,490.757923,474.072154,488.794891,774200,0.9815158461
2026-03-10,4966,4966.TWO,上櫃,501.554574,516.277311,499.591542,513.332764,566525,0.9815158005
2026-03-11,4966,4966.TWO,上櫃,515.295822,528.055528,515.295822,523.147949,532227,0.9815158522
2026-03-12,4966,4966.TWO,上櫃,523.147926,526.092473,513.332768,519.221863,463222,0.9815158087
2026-03-13,4966,4966.TWO,上櫃,510.388226,519.221868,507.443678,512.351257,459237,0.9815158186
2026-03-16,4966,4966.TWO,上櫃,516.277309,516.277309,504.499119,510.388214,384032,0.9815157964
2026-03-17,4966,4966.TWO,上櫃,519.221871,522.166419,500.573071,502.536102,802319,0.9815158248
2026-03-18,4966,4966.TWO,上櫃,510.388231,512.351263,505.480652,505.480652,476293,0.9815158288
2026-03-19,4966,4966.TWO,上櫃,509.406707,510.388222,491.739422,493.702454,603062,0.9815158124
2026-03-20,4966,4966.TWO,上櫃,493.702446,511.36973,487.813351,510.388214,745620,0.9815157964
2026-03-23,4966,4966.TWO,上櫃,500.573072,500.573072,489.776398,489.776398,537182,0.9815158271
2026-03-24,4966,4966.TWO,上櫃,504.499148,507.443695,482.905799,485.359589,535446,0.9815158516
2026-03-25,4966,4966.TWO,上櫃,496.646997,496.646997,485.359565,487.813354,313139,0.9815158038
2026-03-26,4966,4966.TWO,上櫃,489.285628,500.57306,487.322597,487.813354,463154,0.9815158038
2026-03-27,4966,4966.TWO,上櫃,485.850325,493.702451,480.942746,490.757904,398414,0.9815158081
2026-03-30,4966,4966.TWO,上櫃,480.942766,487.813377,476.035187,476.035187,583106,0.981515849
2026-03-31,4966,4966.TWO,上櫃,474.072149,482.415034,465.729264,467.201538,628396,0.9815158363
2026-04-01,4966,4966.TWO,上櫃,478.979732,482.905796,473.090637,473.090637,729757,0.9815158448
2026-04-02,4966,4966.TWO,上櫃,477.5,478.0,463.5,463.5,635694,1.0
2026-04-07,4966,4966.TWO,上櫃,468.0,477.0,464.0,475.0,410150,1.0
2026-04-08,4966,4966.TWO,上櫃,480.0,484.5,475.0,478.0,636621,1.0
2026-04-09,4966,4966.TWO,上櫃,481.0,502.0,476.5,501.0,1007483,1.0
2026-04-10,4966,4966.TWO,上櫃,498.0,537.0,498.0,533.0,1860418,1.0
2026-04-13,4966,4966.TWO,上櫃,532.0,545.0,520.0,520.0,1131561,1.0
2026-04-14,4966,4966.TWO,上櫃,526.0,545.0,521.0,539.0,1169268,1.0
2026-04-15,4966,4966.TWO,上櫃,545.0,545.0,528.0,530.0,723530,1.0
2026-04-16,4966,4966.TWO,上櫃,534.0,568.0,532.0,555.0,1708240,1.0
2026-04-17,4966,4966.TWO,上櫃,554.0,554.0,543.0,546.0,882128,1.0
2026-04-20,4966,4966.TWO,上櫃,549.0,558.0,531.0,532.0,1467821,1.0
2026-04-21,4966,4966.TWO,上櫃,539.0,541.0,526.0,537.0,938401,1.0
2026-04-22,4966,4966.TWO,上櫃,538.0,590.0,536.0,590.0,3482559,1.0
2026-04-23,4966,4966.TWO,上櫃,620.0,649.0,579.0,600.0,7184195,1.0
2026-04-24,4966,4966.TWO,上櫃,645.0,660.0,630.0,649.0,7567121,1.0
2026-04-27,4966,4966.TWO,上櫃,651.0,652.0,608.0,615.0,4618464,1.0
2026-04-28,4966,4966.TWO,上櫃,608.0,610.0,588.0,588.0,2450407,1.0
2026-04-29,4966,4966.TWO,上櫃,585.0,588.0,567.0,568.0,1403081,1.0
2026-04-30,4966,4966.TWO,上櫃,578.0,584.0,569.0,575.0,1331041,1.0
2026-05-04,4966,4966.TWO,上櫃,583.0,591.0,569.0,575.0,1506180,1.0
2026-05-05,4966,4966.TWO,上櫃,570.0,573.0,561.0,562.0,1348144,1.0
2026-05-06,4966,4966.TWO,上櫃,569.0,576.0,553.0,574.0,1404132,1.0
2026-05-07,4966,4966.TWO,上櫃,579.0,613.0,577.0,609.0,2600260,1.0
2026-05-08,4966,4966.TWO,上櫃,610.0,669.0,605.0,669.0,5568429,1.0
2026-05-11,4966,4966.TWO,上櫃,700.0,735.0,695.0,735.0,6924095,1.0
2026-05-12,4966,4966.TWO,上櫃,787.0,787.0,723.0,761.0,15672590,1.0
2026-05-13,4966,4966.TWO,上櫃,780.0,835.0,780.0,809.0,11374075,1.0
2026-05-14,4966,4966.TWO,上櫃,808.0,834.0,788.0,819.0,7113995,1.0
2026-05-15,4966,4966.TWO,上櫃,813.0,813.0,738.0,800.0,3225408,1.0
2026-05-18,4966,4966.TWO,上櫃,784.0,784.0,750.0,757.0,1523409,1.0
2026-05-19,4966,4966.TWO,上櫃,748.0,767.0,722.0,728.0,1311507,1.0
2026-05-20,4966,4966.TWO,上櫃,741.0,760.0,703.0,757.0,1340913,1.0
2026-05-21,4966,4966.TWO,上櫃,785.0,820.0,760.0,789.0,1923072,1.0
2026-05-22,4966,4966.TWO,上櫃,808.0,808.0,780.0,795.0,1243848,1.0
2026-05-25,4966,4966.TWO,上櫃,794.0,820.0,784.0,818.0,2502040,1.0
2026-05-26,4966,4966.TWO,上櫃,824.0,824.0,798.0,807.0,1534830,1.0
2026-05-27,4966,4966.TWO,上櫃,852.0,870.0,824.0,870.0,3467653,1.0
2026-05-28,4966,4966.TWO,上櫃,897.0,922.0,830.0,845.0,2966412,1.0
2026-05-29,4966,4966.TWO,上櫃,866.0,929.0,810.0,834.0,8808537,1.0
2026-06-01,4966,4966.TWO,上櫃,879.0,902.0,830.0,859.0,6244615,1.0
2026-06-02,4966,4966.TWO,上櫃,855.0,874.0,816.0,827.0,4607672,1.0
2026-06-03,4966,4966.TWO,上櫃,845.0,883.0,803.0,805.0,5298076,1.0
2026-06-04,4966,4966.TWO,上櫃,788.0,795.0,741.0,756.0,5103442,1.0
2026-06-05,4966,4966.TWO,上櫃,742.0,765.0,721.0,736.0,3284219,1.0
2026-06-08,4966,4966.TWO,上櫃,663.0,663.0,663.0,663.0,1150354,1.0
2026-06-09,4966,4966.TWO,上櫃,667.0,692.0,644.0,691.0,3129654,1.0
2026-06-10,4966,4966.TWO,上櫃,679.0,707.0,658.0,662.0,2058032,1.0
2026-06-11,4966,4966.TWO,上櫃,657.0,669.0,625.0,657.0,1566768,1.0
2026-06-12,4966,4966.TWO,上櫃,688.0,696.0,673.0,675.0,1520742,1.0
2026-06-15,4966,4966.TWO,上櫃,684.0,694.0,668.0,675.0,1122440,1.0
2026-06-16,4966,4966.TWO,上櫃,680.0,680.0,657.0,660.0,1636609,1.0
2026-06-17,4966,4966.TWO,上櫃,655.0,675.0,650.0,675.0,1033567,1.0
2026-06-18,4966,4966.TWO,上櫃,685.0,706.0,673.0,693.0,2412282,1.0
2026-06-22,4966,4966.TWO,上櫃,707.0,712.0,685.0,695.0,1790459,1.0
2026-06-23,4966,4966.TWO,上櫃,698.0,701.0,660.0,661.0,2154850,1.0
2026-06-24,4966,4966.TWO,上櫃,653.0,666.0,650.0,664.0,959111,1.0
2026-06-25,4966,4966.TWO,上櫃,670.0,686.0,655.0,658.0,1440205,1.0
2026-06-26,4966,4966.TWO,上櫃,653.0,654.0,602.0,608.0,2697660,1.0
2026-06-29,4966,4966.TWO,上櫃,619.0,640.0,607.0,631.0,1259510,1.0
2026-06-30,4966,4966.TWO,上櫃,643.0,646.0,621.0,629.0,1683815,1.0
2026-07-01,4966,4966.TWO,上櫃,631.0,637.0,615.0,623.0,1696951,1.0
2026-07-02,4966,4966.TWO,上櫃,611.0,662.0,607.0,656.0,1465058,1.0
2026-07-03,4966,4966.TWO,上櫃,658.0,663.0,650.0,654.0,846816,1.0
2026-07-06,4966,4966.TWO,上櫃,649.0,656.0,621.0,639.0,2718138,1.0
2026-07-07,4966,4966.TWO,上櫃,642.0,671.0,638.0,650.0,3768796,1.0
2026-07-08,4966,4966.TWO,上櫃,658.0,663.0,641.0,662.0,1750125,1.0
2026-07-09,4966,4966.TWO,上櫃,663.0,667.0,652.0,655.0,1222067,1.0
2026-07-10,4966,4966.TWO,上櫃,655.0,655.0,655.0,655.0,0,1.0
2026-07-13,4966,4966.TWO,上櫃,654.0,654.0,635.0,647.0,1222020,1.0
2026-07-14,4966,4966.TWO,上櫃,648.0,649.0,611.0,628.0,1784136,1.0
2026-07-15,4966,4966.TWO,上櫃,630.0,642.0,626.0,636.0,746583,1.0
2026-07-16,4966,4966.TWO,上櫃,629.0,638.0,621.0,631.0,622974,1.0
2026-07-17,4966,4966.TWO,上櫃,615.0,619.0,585.0,585.0,1722275,1.0
2026-07-20,4966,4966.TWO,上櫃,580.0,593.0,550.0,567.0,2034570,1.0
2026-07-21,4966,4966.TWO,上櫃,580.0,583.0,569.0,583.0,558385,1.0
2026-07-22,4966,4966.TWO,上櫃,593.0,618.0,593.0,612.0,646259,1.0
2026-07-23,4966,4966.TWO,上櫃,612.0,615.0,598.0,612.0,434380,1.0
2026-07-24,4966,4966.TWO,上櫃,600.0,617.0,597.0,611.0,535796,1.0
2026-07-27,4966,4966.TWO,上櫃,613.0,619.0,593.0,615.0,706545,1.0
2026-07-28,4966,4966.TWO,上櫃,601.0,601.0,576.0,578.0,896770,1.0
2026-07-29,4966,4966.TWO,上櫃,590.0,602.0,549.0,561.0,1472343,1.0
2026-07-30,4966,4966.TWO,上櫃,554.0,571.0,524.0,532.0,1096680,1.0
2026-07-31,4966,4966.TWO,上櫃,573.0,580.0,550.0,562.0,820015,1.0
2026-08-03,4966,4966.TWO,上櫃,550.0,582.0,548.0,576.0,751914,1.0
2026-08-04,4966,4966.TWO,上櫃,578.0,591.0,566.0,584.0,660827,1.0
2026-08-05,4966,4966.TWO,上櫃,598.0,622.0,597.0,618.0,1395359,1.0
2026-08-06,4966,4966.TWO,上櫃,610.0,612.0,594.0,605.0,1484902,1.0
2026-08-07,4966,4966.TWO,上櫃,602.0,613.0,593.0,598.0,1282611,1.0
2026-08-10,4966,4966.TWO,上櫃,595.0,602.0,590.0,600.0,685183,1.0
2026-08-11,4966,4966.TWO,上櫃,595.0,601.0,589.0,595.0,621932,1.0
2026-08-12,4966,4966.TWO,上櫃,592.0,600.0,590.0,591.0,640801,1.0
2026-08-13,4966,4966.TWO,上櫃,594.0,601.0,585.0,586.0,848064,1.0
2026-08-14,4966,4966.TWO,上櫃,588.0,589.0,569.0,570.0,772889,1.0
2026-08-17,4966,4966.TWO,上櫃,567.0,573.0,563.0,565.0,644577,1.0
2026-08-18,4966,4966.TWO,上櫃,570.0,576.0,553.0,565.0,989658,1.0
2026-08-19,4966,4966.TWO,上櫃,551.453962,580.996139,548.499745,573.118225,1523333,0.9847392184
2026-08-20,4966,4966.TWO,上櫃,579.0,586.0,561.0,567.0,1061988,1.0
2026-08-21,4966,4966.TWO,上櫃,568.0,576.0,565.0,566.0,488043,1.0
2026-08-24,4966,4966.TWO,上櫃,567.0,573.0,557.0,557.0,609861,1.0
2026-08-25,4966,4966.TWO,上櫃,557.0,560.0,545.0,556.0,841253,1.0
2026-08-26,4966,4966.TWO,上櫃,558.0,582.0,558.0,576.0,767686,1.0
2026-08-27,4966,4966.TWO,上櫃,578.0,593.0,574.0,590.0,725662,1.0
2026-08-28,4966,4966.TWO,上櫃,593.0,599.0,578.0,584.0,984775,1.0
2026-08-31,4966,4966.TWO,上櫃,576.0,582.0,570.0,578.0,528730,1.0
2026-09-01,4966,4966.TWO,上櫃,583.0,592.0,579.0,580.0,665995,1.0
2026-09-02,4966,4966.TWO,上櫃,582.0,585.0,576.0,579.0,503014,1.0
2026-09-03,4966,4966.TWO,上櫃,580.0,582.0,558.0,558.0,1017729,1.0
2026-09-04,4966,4966.TWO,上櫃,567.0,571.0,561.0,569.0,249343,1.0
2026-09-07,4966,4966.TWO,上櫃,572.0,573.0,565.0,566.0,246465,1.0
2026-09-08,4966,4966.TWO,上櫃,566.0,571.0,547.0,547.0,665928,1.0
2026-09-09,4966,4966.TWO,上櫃,549.0,555.0,547.0,550.0,342562,1.0
2026-09-10,4966,4966.TWO,上櫃,551.0,552.0,539.0,540.0,367472,1.0
2026-09-11,4966,4966.TWO,上櫃,536.0,536.0,528.0,528.0,339481,1.0
2026-09-14,4966,4966.TWO,上櫃,528.0,545.0,521.0,537.0,268874,1.0
2026-09-15,4966,4966.TWO,上櫃,538.0,538.0,522.0,523.0,250897,1.0
2026-09-16,4966,4966.TWO,上櫃,526.0,542.0,525.0,541.0,310376,1.0
2026-09-17,4966,4966.TWO,上櫃,543.0,566.0,542.0,556.0,900600,1.0
2026-09-18,4966,4966.TWO,上櫃,560.0,568.0,553.0,568.0,823895,1.0
2026-09-21,4966,4966.TWO,上櫃,568.0,573.0,559.0,567.0,692469,1.0
2026-09-22,4966,4966.TWO,上櫃,570.0,586.0,569.0,582.0,1189428,1.0
2026-09-23,4966,4966.TWO,上櫃,582.0,583.0,564.0,564.0,777960,1.0
2026-09-24,4966,4966.TWO,上櫃,565.0,575.0,561.0,572.0,449673,1.0
2026-09-29,4966,4966.TWO,上櫃,575.0,575.0,569.0,569.0,232543,1.0
2026-09-30,4966,4966.TWO,上櫃,572.0,575.0,568.0,571.0,321455,1.0
2026-10-01,4966,4966.TWO,上櫃,573.0,574.0,569.0,572.0,228660,1.0
2026-10-02,4966,4966.TWO,上櫃,570.0,576.0,570.0,574.0,209245,1.0
2026-10-05,4966,4966.TWO,上櫃,580.0,580.0,573.0,574.0,413603,1.0
2026-10-06,4966,4966.TWO,上櫃,574.0,574.0,562.0,563.0,573950,1.0
2026-10-07,4966,4966.TWO,上櫃,560.0,569.0,560.0,568.0,292764,1.0
2026-10-08,4966,4966.TWO,上櫃,563.0,563.0,557.0,558.0,424187,1.0
